> from Overall Iteration  7 of  7                                Pandora 78.018
> Run Data:    80   15   21  0  0  FE   1     10-Sep-08 19:38:18    18922.81826
> SUNSPOT    MODEL SFY    15 L FE-I    ITER 19-25     10-Sep-08                 
> -------.---------.---------.---------.---------.---------.---------.---------.
N (  80 ) > 
Z                 ( > 
-3.19918359E+03 -3.03856470E+03 -2.90806201E+03 -2.77755908E+03 -2.66044141E+03 
-2.59001147E+03 -2.53214990E+03 -2.47165845E+03 -2.40853662E+03 -2.35042236E+03 
-2.26691138E+03 -2.18421411E+03 -2.09744556E+03 -2.01633569E+03 -1.91259058E+03 
-1.80507300E+03 -1.69566907E+03 -1.56928870E+03 -1.46742993E+03 -1.39687000E+03 
-1.35112024E+03 -1.30670996E+03 -1.26830103E+03 -1.25366370E+03 -1.23719678E+03 
-1.21542700E+03 -1.20072241E+03 -1.18444507E+03 -1.16475134E+03 -1.14807202E+03 
-1.12839001E+03 -1.12176624E+03 -1.11787000E+03 -1.11607996E+03 -1.11484998E+03 
-1.11396497E+03 -1.11341162E+03 -1.11308606E+03 -1.11286206E+03 -1.11271497E+03 
-1.11256006E+03 -1.11248767E+03 -1.11242004E+03 -1.11239001E+03 -1.11235999E+03 
-1.11231995E+03 -1.11225000E+03 -1.11215002E+03 -1.11047998E+03 -1.09036475E+03 
-1.02719434E+03 -9.62138367E+02 -8.87653931E+02 -7.99026917E+02 -7.16999817E+02 
-6.41572510E+02 -6.07871338E+02 -5.88269043E+02 -5.75200867E+02 -5.64092896E+02 
-5.49351562E+02 -5.19973328E+02 -4.84208618E+02 -4.45889191E+02 -3.89687439E+02 
-3.35418854E+02 -2.82925781E+02 -2.12159500E+02 -1.59214890E+02 -1.15032448E+02 
-7.98768768E+01 -4.47798500E+01 -1.75562973E+01  0.00000000E+00  2.70000000E+01 
 4.30000000E+01  6.10000000E+01  8.20000000E+01  1.04000000E+02  1.22000000E+02 
 ) >            
TE                ( > 
 4.53725450E+06  4.36778800E+06  4.20724050E+06  3.97533900E+06  3.73451800E+06 
 3.53161950E+06  3.32368025E+06  3.07575275E+06  2.81183025E+06  2.63070725E+06 
 2.40936025E+06  2.21688150E+06  2.06323238E+06  1.92547800E+06  1.77712712E+06 
 1.62347812E+06  1.47512738E+06  1.33737300E+06  1.21021512E+06  1.07021062E+06 
 9.72363250E+05  8.67765438E+05  7.82668875E+05  7.46278000E+05  6.94131875E+05 
 6.14050438E+05  5.59443250E+05  5.02099750E+05  4.30854812E+05  3.71773656E+05 
 2.81233656E+05  2.29849109E+05  1.81794953E+05  1.55525609E+05  1.33701828E+05 
 1.12844156E+05  9.35966094E+04  7.72831328E+04  6.17830039E+04  4.81244727E+04 
 3.09533008E+04  2.26960527E+04  1.53661758E+04  1.26277412E+04  1.15340996E+04 
 9.87913965E+03  9.10129980E+03  8.67400977E+03  8.32686035E+03  8.18183447E+03 
 7.93543262E+03  7.75623193E+03  7.54343066E+03  7.27462891E+03  7.05062793E+03 
 6.68102588E+03  6.12998633E+03  5.33514355E+03  4.72429199E+03  4.19439697E+03 
 3.63431787E+03  3.13511890E+03  2.77735938E+03  2.58600000E+03  2.48000000E+03 
 2.45000000E+03  2.45000000E+03  2.50581567E+03  2.65082593E+03  2.88218066E+03 
 3.14388696E+03  3.45373901E+03  3.76701587E+03  4.04000000E+03  4.49000000E+03 
 4.89000000E+03  5.36000000E+03  5.87000000E+03  6.42000000E+03  7.00000000E+03 
 ) >            
> SUNSPOT    MODEL SFY    15 L FE-I    ITER 19-25     10-Sep-08                 
NE                ( > 
 1.76446351E+08  1.83422689E+08  1.90536280E+08  2.01777866E+08  2.14918134E+08 
 2.27352376E+08  2.41656536E+08  2.61233040E+08  2.85873668E+08  3.05684682E+08 
 3.33986174E+08  3.63240623E+08  3.90603382E+08  4.18884100E+08  4.54353622E+08 
 4.97975003E+08  5.48819628E+08  6.06424690E+08  6.71198769E+08  7.59929522E+08 
 8.37138855E+08  9.38937798E+08  1.04198088E+09  1.09938301E+09  1.18840639E+09 
 1.34790342E+09  1.48207594E+09  1.65340586E+09  1.93531683E+09  2.25904821E+09 
 2.94704691E+09  3.56423740E+09  4.40080037E+09  5.16998594E+09  6.08424490E+09 
 7.20653107E+09  8.69047849E+09  1.04917862E+10  1.29737266E+10  1.65223659E+10 
 2.55295658E+10  3.41647006E+10  4.87133525E+10  5.95051044E+10  7.13775899E+10 
 8.28549315E+10  9.27941702E+10  9.14490787E+10  7.06065754E+10  5.97096101E+10 
 5.06507358E+10  4.76482052E+10  4.70072786E+10  5.10825691E+10  5.03877227E+10 
 5.46470889E+10  5.27643169E+10  4.74560665E+10  4.25308124E+10  3.66298245E+10 
 3.26202562E+10  3.18540023E+10  9.02985031E+10  5.50878755E+10  3.38677688E+10 
 6.60710977E+10  3.91416742E+10  8.00605915E+10  2.26137467E+11  6.03106498E+11 
 1.14509602E+12  2.14052568E+12  3.61774564E+12  5.96769529E+12  1.47576048E+13 
 2.76092045E+13  4.66234452E+13  7.88922173E+13  1.73967690E+14  4.41240244E+14 
 ) >            
> SUNSPOT    MODEL SFY    15 L FE-I    ITER 19-25     10-Sep-08                 
ZME               ( > 
 1.95538369E-03  1.95538254E-03  1.95538133E-03  1.95537934E-03  1.95537691E-03 
 1.95537450E-03  1.95537161E-03  1.95536745E-03  1.95536188E-03  1.95535714E-03 
 1.95534998E-03  1.95534210E-03  1.95533430E-03  1.95532579E-03  1.95531450E-03 
 1.95529965E-03  1.95528101E-03  1.95525822E-03  1.95523029E-03  1.95518786E-03 
 1.95514708E-03  1.95508764E-03  1.95502075E-03  1.95493859E-03  1.95481778E-03 
 1.95461794E-03  1.95428402E-03  1.95382885E-03  1.95296926E-03  1.95191356E-03 
 1.95061179E-03  1.94790084E-03  1.94485084E-03  1.93791925E-03  1.92493216E-03 
 1.89340195E-03  1.83747039E-03  1.76762141E-03  1.67259043E-03  1.47859595E-03 
 1.37176649E-03  1.22665322E-03  1.07089714E-03  1.02332740E-03  1.00423263E-03 
 9.73427330E-04  9.09014978E-04  8.53622175E-04  6.41158475E-04  5.68116450E-04 
 4.90422076E-04  4.41526604E-04  4.19706795E-04  3.79897659E-04  3.30369860E-04 
 2.77563883E-04  2.22213955E-04  1.84762713E-04  1.59264191E-04  1.44101784E-04 
 1.30831318E-04  1.38891966E-04  1.03029229E-04  1.20218335E-04  1.02155340E-04 
 6.23371505E-05  1.51270835E-05  5.07174058E-06  3.88984721E-06  4.20972921E-06 
 4.70046188E-06  6.01694595E-06  8.36947583E-06  1.26617597E-05  2.72781768E-05 
 4.83425246E-05  7.46201059E-05  9.45015490E-05  1.05472177E-04  1.14055666E-04 
 ) >            
NC                ( > 
 3.35929322E+08  3.49210991E+08  3.62753996E+08  3.84156077E+08  4.09172958E+08 
 4.32845751E+08  4.60078601E+08  4.97349172E+08  5.44261021E+08  5.81977958E+08 
 6.35859272E+08  6.91554740E+08  7.43648544E+08  7.97489896E+08  8.65017171E+08 
 9.48063935E+08  1.04486214E+09  1.15453022E+09  1.27784676E+09  1.44677286E+09 
 1.59376442E+09  1.78757002E+09  1.98374436E+09  2.08708875E+09  2.25044665E+09 
 2.54901437E+09  2.80095921E+09  3.12372984E+09  3.64982348E+09  4.24730646E+09 
 5.58311486E+09  6.80816042E+09  8.53149248E+09  9.98742788E+09  1.16544558E+10 
 1.37951091E+10  1.66123594E+10  2.00883312E+10  2.49942225E+10  3.19543263E+10 
 4.94713677E+10  6.68270612E+10  9.73563777E+10  1.19000987E+11  1.42754673E+11 
 1.65709832E+11  1.85588333E+11  1.82898157E+11  1.41213151E+11  1.19419220E+11 
 1.01301472E+11  9.52964103E+10  9.40145571E+10  1.02165138E+11  1.00775445E+11 
 1.09294178E+11  1.05528634E+11  9.49121331E+10  8.50616248E+10  7.32596490E+10 
 6.52405124E+10  6.37080046E+10  1.80597006E+11  1.10175751E+11  6.77355376E+10 
 1.32142195E+11  7.82833483E+10  1.60121183E+11  4.52274934E+11  1.20621300E+12 
 2.29019203E+12  4.28105136E+12  7.23549128E+12  1.19353906E+13  2.95152096E+13 
 5.52184090E+13  9.32468905E+13  1.57784435E+14  3.47935380E+14  8.82480489E+14 
 ) >            
[ CENSUS data start ] > 
> SUNSPOT    MODEL SFY    15 L FE-I    ITER 19-25     10-Sep-08                 
FE            1   80
Z                 ( > 
-3.19918359E+03 -3.03856470E+03 -2.90806201E+03 -2.77755908E+03 -2.66044141E+03 
-2.59001147E+03 -2.53214990E+03 -2.47165845E+03 -2.40853662E+03 -2.35042236E+03 
-2.26691138E+03 -2.18421411E+03 -2.09744556E+03 -2.01633569E+03 -1.91259058E+03 
-1.80507300E+03 -1.69566907E+03 -1.56928870E+03 -1.46742993E+03 -1.39687000E+03 
-1.35112024E+03 -1.30670996E+03 -1.26830103E+03 -1.25366370E+03 -1.23719678E+03 
-1.21542700E+03 -1.20072241E+03 -1.18444507E+03 -1.16475134E+03 -1.14807202E+03 
-1.12839001E+03 -1.12176624E+03 -1.11787000E+03 -1.11607996E+03 -1.11484998E+03 
-1.11396497E+03 -1.11341162E+03 -1.11308606E+03 -1.11286206E+03 -1.11271497E+03 
-1.11256006E+03 -1.11248767E+03 -1.11242004E+03 -1.11239001E+03 -1.11235999E+03 
-1.11231995E+03 -1.11225000E+03 -1.11215002E+03 -1.11047998E+03 -1.09036475E+03 
-1.02719434E+03 -9.62138367E+02 -8.87653931E+02 -7.99026917E+02 -7.16999817E+02 
-6.41572510E+02 -6.07871338E+02 -5.88269043E+02 -5.75200867E+02 -5.64092896E+02 
-5.49351562E+02 -5.19973328E+02 -4.84208618E+02 -4.45889191E+02 -3.89687439E+02 
-3.35418854E+02 -2.82925781E+02 -2.12159500E+02 -1.59214890E+02 -1.15032448E+02 
-7.98768768E+01 -4.47798500E+01 -1.75562973E+01  0.00000000E+00  2.70000000E+01 
 4.30000000E+01  6.10000000E+01  8.20000000E+01  1.04000000E+02  1.22000000E+02 
 ) >            
FLVSL             ( > 
-2.38529275E+01 -2.37899231E+01 -2.37240090E+01 -2.36334822E+01 -2.35520001E+01 
-2.34641807E+01 -2.33945204E+01 -2.32861014E+01 -2.31613356E+01 -2.30640387E+01 
-2.29617581E+01 -2.28484332E+01 -2.27487366E+01 -2.26067997E+01 -2.24520854E+01 
-2.22584344E+01 -2.19906654E+01 -2.16917951E+01 -2.13698364E+01 -2.09970857E+01 
-2.06890865E+01 -2.02606561E+01 -1.97962609E+01 -1.94313865E+01 -1.88162010E+01 
-1.78594281E+01 -1.75776793E+01 -1.72006008E+01 -1.67210830E+01 -1.61605015E+01 
-1.53236646E+01 -1.45639849E+01 -1.38982296E+01 -1.33557624E+01 -1.27326511E+01 
-1.20949169E+01 -1.16243057E+01 -1.13112516E+01 -1.09682666E+01 -1.06144357E+01 
-1.01338315E+01 -9.72580505E+00 -9.06322915E+00 -8.54799952E+00 -8.07798184E+00 
-7.43715256E+00 -6.87787066E+00 -6.35678778E+00 -6.07962844E+00 -5.97687033E+00 
-5.85619306E+00 -5.66905988E+00 -5.49522973E+00 -5.27491346E+00 -5.10239885E+00 
-4.80589652E+00 -4.46009737E+00 -4.11914454E+00 -3.64769482E+00 -3.01793852E+00 
-2.11914956E+00 -8.76786007E-01 -2.74289232E-01 -2.68036499E-01 -1.09450909E-01 
-3.12319903E-02 -5.16981864E-03 -2.95102678E-04 -3.65894353E-05 -7.79280454E-05 
-2.79998885E-04 -1.78442254E-03 -1.02649183E-02 -3.47950989E-02 -1.48336863E-01 
-4.05638148E-01 -9.70639906E-01 -1.68940746E+00 -2.19449105E+00 -2.48379208E+00 
 ) >            
FIONL             ( > 
-1.77487364E+01 -1.77105406E+01 -1.76690218E+01 -1.76154058E+01 -1.75745759E+01 
-1.75230692E+01 -1.74928274E+01 -1.74347232E+01 -1.73681274E+01 -1.73139639E+01 
-1.72685727E+01 -1.72090917E+01 -1.71558101E+01 -1.70584967E+01 -1.69555251E+01 
-1.68201932E+01 -1.66141836E+01 -1.63784559E+01 -1.61208097E+01 -1.58271574E+01 
-1.55808157E+01 -1.52255399E+01 -1.48274593E+01 -1.44931277E+01 -1.39244218E+01 
-1.30463148E+01 -1.28243168E+01 -1.25166018E+01 -1.21351883E+01 -1.16691142E+01 
-1.10112808E+01 -1.03811236E+01 -9.86636158E+00 -9.42461584E+00 -8.89951725E+00 
-8.37271709E+00 -8.02602178E+00 -7.84246416E+00 -7.65572914E+00 -7.48497176E+00 
-7.36170217E+00 -7.24286962E+00 -7.00849415E+00 -6.74608923E+00 -6.40156540E+00 
-6.00777325E+00 -5.60984494E+00 -5.18995994E+00 -4.99806432E+00 -4.91017427E+00 
-4.78983703E+00 -4.60708140E+00 -4.46301681E+00 -4.29171987E+00 -4.13513323E+00 
-3.91190479E+00 -3.61790514E+00 -3.29874309E+00 -2.85027504E+00 -2.23398478E+00 
-1.39422210E+00 -3.05270432E-01 -3.44371600E-01 -3.36884491E-01 -6.52172066E-01 
-1.15880327E+00 -1.92755126E+00 -3.18100698E+00 -4.23862864E+00 -3.90943843E+00 
-3.41047406E+00 -2.64967821E+00 -1.90444234E+00 -1.39142293E+00 -8.44710728E-01 
-5.96948708E-01 -6.22843950E-01 -8.74687111E-01 -1.09508234E+00 -1.23258061E+00 
 ) >            
[ CENSUS data end ] > 
[ KURUCZ - b data start ] > 
> SUNSPOT    MODEL SFY    15 L FE-I    ITER 19-25     10-Sep-08                 
FE1            1        80
 4.92260085E+11  4.71262582E+11  4.51527556E+11  4.23340163E+11  3.94346041E+11 
 3.70174620E+11  3.45623544E+11  3.16630686E+11  2.86099577E+11  2.65324493E+11 
 2.40158412E+11  2.18490959E+11  2.01321765E+11  1.86059171E+11  1.69742981E+11 
 1.53022817E+11  1.37050670E+11  1.22344696E+11  1.08957816E+11  9.44775256E+10 
 8.44799225E+10  7.39138463E+10  6.54025876E+10  6.14154852E+10  5.60039633E+10 
 4.81353074E+10  4.28808395E+10  3.74621255E+10  3.07472115E+10  2.52222437E+10 
 1.75726942E+10  1.33631869E+10  9.63929283E+09  7.48407719E+09  5.74492391E+09 
 4.26333716E+09  2.99906485E+09  2.04205911E+09  1.26075144E+09  6.87304423E+08 
 1.88287528E+08  6.12756936E+07  1.01512534E+07  2.82145770E+06  1.20852461E+06 
 3.48964157E+05  1.74783288E+05  1.24972420E+05  1.18579147E+05  1.16170489E+05 
 9.20377237E+04  7.27978292E+04  5.39500490E+04  3.32590521E+04  2.22234682E+04 
 1.07737634E+04  3.17724277E+03  3.20147684E+02  3.37057984E+01  2.88581157E+00 
 1.01847410E-01  2.10206007E-03  6.12828802E-05  7.70394316E-06  7.62431945E-06 
 9.35427025E-06  9.84447899E-05  2.08830356E-03  6.88936846E-02  2.24081281E-01 
 6.10169343E-01  8.98637339E-01  9.76507821E-01  9.88751230E-01  9.92070662E-01 
 9.92819357E-01  9.95161733E-01  9.97262806E-01  9.99383801E-01  1.00460355E+00 
 ) >            
FE1            2        80
 7.74827398E+10  7.51523103E+10  7.29003883E+10  6.95757740E+10  6.60160917E+10 
 6.29342943E+10  5.96923660E+10  5.57117535E+10  5.13327071E+10  4.82380931E+10 
 4.43599088E+10  4.09037737E+10  3.80863757E+10  3.55225383E+10  3.27195185E+10 
 2.97804141E+10  2.69102974E+10  2.42147451E+10  2.17182567E+10  1.89742059E+10 
 1.70546943E+10  1.50055081E+10  1.33419109E+10  1.25605972E+10  1.14958382E+10 
 9.93872486E+09  8.89285177E+09  7.80953459E+09  6.46013580E+09  5.34390770E+09 
 3.78936686E+09  2.92564348E+09  2.15324610E+09  1.69967232E+09  1.32868191E+09 
 1.00767946E+09  7.28037815E+08  5.10911535E+08  3.27920446E+08  1.87820355E+08 
 5.71528954E+07  2.03522820E+07  3.90934016E+06  1.20206131E+06  5.47406454E+05 
 1.75324855E+05  9.35731227E+04  6.91867482E+04  6.65019141E+04  6.52659098E+04 
 5.23606980E+04  4.20082057E+04  3.18251333E+04  2.03381911E+04  1.39388032E+04 
 7.10734569E+03  2.24705159E+03  2.51069235E+02  2.85570634E+01  2.59343134E+00 
 9.63494953E-02  2.05755598E-03  6.10728474E-05  7.69704083E-06  7.62529979E-06 
 9.35541501E-06  9.84494096E-05  2.08831987E-03  6.88940644E-02  2.24082220E-01 
 6.10171375E-01  8.98640232E-01  9.76511275E-01  9.88754712E-01  9.92075282E-01 
 9.92825649E-01  9.95172930E-01  9.97277041E-01  9.99391919E-01  1.00460363E+00 
 ) >            
FE1            3        80
 1.86995658E+10  1.84028466E+10  1.81063032E+10  1.76503638E+10  1.71372055E+10 
 1.66712335E+10  1.61583346E+10  1.54951649E+10  1.47206112E+10  1.41430706E+10 
 1.33817504E+10  1.26658554E+10  1.20544473E+10  1.14750318E+10  1.08149368E+10 
 1.00909802E+10  9.35031365E+09  8.62205861E+09  7.91716551E+09  7.10579320E+09 
 6.51363909E+09  5.85733390E+09  5.30717709E+09  5.04776438E+09  4.68695187E+09 
 4.14245602E+09  3.76392421E+09  3.36029184E+09  2.83937559E+09  2.39218511E+09 
 1.74572778E+09  1.37261116E+09  1.03031172E+09  8.23858851E+08  6.52184882E+08 
 5.01994875E+08  3.69204088E+08  2.64508000E+08  1.74722394E+08  1.04142152E+08 
 3.49493993E+07  1.36946423E+07  3.04949161E+06  1.01204823E+06  4.75560734E+05 
 1.60090844E+05  8.72762143E+04  6.52967396E+04  6.35261663E+04  6.26838620E+04 
 5.06766561E+04  4.08416433E+04  3.10700901E+04  1.99238791E+04  1.36989529E+04 
 7.00835692E+03  2.22489205E+03  2.49034527E+02  2.83006961E+01  2.56776416E+00 
 9.54294097E-02  2.04181994E-03  6.08595371E-05  7.68268819E-06  7.61943742E-06 
 9.35306241E-06  9.84458610E-05  2.08838893E-03  6.88949363E-02  2.24082964E-01 
 6.10171503E-01  8.98641039E-01  9.76512889E-01  9.88755651E-01  9.92077284E-01 
 9.92827941E-01  9.95176795E-01  9.97281509E-01  9.99393736E-01  1.00460325E+00 
 ) >            
FE1            4        80
 5.00496678E+10  4.84000685E+10  4.68223956E+10  4.45212936E+10  4.20928561E+10 
 4.00181769E+10  3.78617530E+10  3.52479244E+10  3.24118704E+10  3.04301128E+10 
 2.79698229E+10  2.57963751E+10  2.40359749E+10  2.24414536E+10  2.07047434E+10 
 1.88891529E+10  1.71193618E+10  1.54578859E+10  1.39176724E+10  1.22205954E+10 
 1.10292304E+10  9.75191775E+09  8.70938121E+09  8.21720061E+09  7.54453709E+09 
 6.55618284E+09  5.88860797E+09  5.19340891E+09  4.32113434E+09  3.59340112E+09 
 2.57060961E+09  1.99665603E+09  1.48001341E+09  1.17382359E+09  9.21979760E+08 
 7.03537479E+08  5.12290024E+08  3.62992787E+08  2.36293591E+08  1.38045665E+08 
 4.40619145E+07  1.64042788E+07  3.35446531E+06  1.06105021E+06  4.87927472E+05 
 1.58734199E+05  8.51958307E+04  6.31918024E+04  6.09450871E+04  5.98873540E+04 
 4.81034243E+04  3.86076178E+04  2.92510402E+04  1.86899816E+04  1.28045103E+04 
 6.52499490E+03  2.05911064E+03  2.29367936E+02  2.60705990E+01  2.37141958E+00 
 8.88041632E-02  1.92651784E-03  5.93398147E-05  7.55895225E-06  7.56311620E-06 
 9.32996155E-06  9.83353033E-05  2.08876611E-03  6.89022277E-02  2.24090810E-01 
 6.10178823E-01  8.98648608E-01  9.76520595E-01  9.88759626E-01  9.92082867E-01 
 9.92832775E-01  9.95182867E-01  9.97287495E-01  9.99396455E-01  1.00460312E+00 
 ) >            
FE1            5        80
 7.71676192E+10  7.41492045E+10  7.12978537E+10  6.71998191E+10  6.29512412E+10 
 5.93819318E+10  5.57294223E+10  5.13786261E+10  4.67500486E+10  4.35711023E+10 
 3.96863341E+10  3.63101774E+10  3.36131354E+10  3.11987234E+10  2.85993640E+10 
 2.59153331E+10  2.33314274E+10  2.09344442E+10  1.87371098E+10  1.63433463E+10 
 1.46799517E+10  1.29121688E+10  1.14811172E+10  1.08086945E+10  9.89376473E+09 
 8.55802596E+09  7.66165148E+09  6.73326584E+09  5.57590594E+09  4.61693353E+09 
 3.27987706E+09  2.53550274E+09  1.86955977E+09  1.47704688E+09  1.15561035E+09 
 8.77987208E+08  6.36069672E+08  4.48181841E+08  2.89656375E+08  1.67645645E+08 
 5.23986711E+07  1.91438301E+07  3.80196352E+06  1.18219074E+06  5.38679334E+05 
 1.72749029E+05  9.19824042E+04  6.79564186E+04  6.54655590E+04  6.43383813E+04 
 5.16274950E+04  4.13792069E+04  3.12793732E+04  1.99070743E+04  1.36044064E+04 
 6.89663165E+03  2.16231082E+03  2.38610994E+02  2.69225172E+01  2.43385263E+00 
 9.04965363E-02  1.94916161E-03  5.95577033E-05  7.57238679E-06  7.57007055E-06 
 9.33307577E-06  9.83659050E-05  2.08887111E-03  6.89026163E-02  2.24089847E-01 
 6.10176952E-01  8.98647142E-01  9.76519134E-01  9.88758525E-01  9.92081606E-01 
 9.92831440E-01  9.95180781E-01  9.97284984E-01  9.99395246E-01  1.00460320E+00 
 ) >            
FE1            6        80
 1.26688172E+09  1.26081812E+09  1.25491082E+09  1.24606677E+09  1.23638615E+09 
 1.22776941E+09  1.21840613E+09  1.20638194E+09  1.19229448E+09  1.18165459E+09 
 1.16730713E+09  1.15333572E+09  1.14092116E+09  1.12864044E+09  1.11391494E+09 
 1.09666292E+09  1.07755558E+09  1.05701375E+09  1.03505360E+09  1.00657602E+09 
 9.83118228E+08  9.53795573E+08  9.25734546E+08  9.11280404E+08  8.89335299E+08 
 8.51660207E+08  8.21891735E+08  7.86145053E+08  7.32742787E+08  6.78430435E+08 
 5.77242023E+08  5.02987229E+08  4.19516201E+08  3.61852866E+08  3.07609590E+08 
 2.53216085E+08  1.99116337E+08  1.51372673E+08  1.05866421E+08  6.65663556E+07 
 2.38518381E+07  9.52778969E+06  2.11937570E+06  7.02062916E+05  3.33911555E+05 
 1.12472418E+05  6.17468081E+04  4.59699394E+04  4.30125340E+04  4.12166011E+04 
 3.22052278E+04  2.55768532E+04  1.93648040E+04  1.26233218E+04  8.64633536E+03 
 4.49848091E+03  1.41979385E+03  1.56167532E+02  1.74218750E+01  1.53239671E+00 
 5.61197696E-02  1.25598064E-03  5.09399037E-05  6.67137936E-06  7.16420908E-06 
 9.25627009E-06  9.83189778E-05  2.09238495E-03  6.89332297E-02  2.24110508E-01 
 6.10191848E-01  8.98664732E-01  9.76536162E-01  9.88766626E-01  9.92093313E-01 
 9.92842078E-01  9.95195225E-01  9.97299682E-01  9.99401604E-01  1.00460289E+00 
 ) >            
FE1            7        80
 1.09035210E+10  1.07725125E+10  1.06412509E+10  1.04386053E+10  1.02091369E+10 
 9.99923267E+09  9.76626484E+09  9.46167164E+09  9.10050277E+09  8.82699615E+09 
 8.46040940E+09  8.10887265E+09  7.80299423E+09  7.50796688E+09  7.16536168E+09 
 6.78109563E+09  6.37808540E+09  5.97139164E+09  5.56712437E+09  5.08784650E+09 
 4.72798726E+09  4.31849040E+09  3.96532501E+09  3.79437888E+09  3.55318344E+09 
 3.18177337E+09  2.91846152E+09  2.63277494E+09  2.25636350E+09  1.92571123E+09 
 1.43317769E+09  1.14095324E+09  8.67117291E+08  6.99250449E+08  5.57782336E+08 
 4.32425735E+08  3.20247824E+08  2.30769323E+08  1.53173210E+08  9.15223092E+07 
 3.04865501E+07  1.17309103E+07  2.51322051E+06  8.16443414E+05  3.81107654E+05 
 1.26869194E+05  6.90093048E+04  5.15060809E+04  4.96663974E+04  4.87119029E+04 
 3.91314338E+04  3.14626028E+04  2.39267293E+04  1.54029461E+04  1.05933705E+04 
 5.44914881E+03  1.73695803E+03  1.96170955E+02  2.25260055E+01  2.06315155E+00 
 7.79990848E-02  1.72081189E-03  5.63276419E-05  7.28887412E-06  7.43105635E-06 
 9.27766984E-06  9.81494225E-05  2.09076206E-03  6.89291837E-02  2.24110120E-01 
 6.10192742E-01  8.98662612E-01  9.76533704E-01  9.88767159E-01  9.92091201E-01 
 9.92840421E-01  9.95192813E-01  9.97297253E-01  9.99401060E-01  1.00460284E+00 
 ) >            
FE1            8        80
 4.32962087E+10  4.16685394E+10  4.01272431E+10  3.79056401E+10  3.55943013E+10 
 3.36459763E+10  3.16459282E+10  2.92549690E+10  2.67008301E+10  2.49401142E+10 
 2.27809780E+10  2.08975580E+10  1.93881217E+10  1.80330347E+10  1.65699200E+10 
 1.50543114E+10  1.35903238E+10  1.22276417E+10  1.09742910E+10  9.60399366E+09 
 8.64852834E+09  7.62990311E+09  6.80273746E+09  6.41330146E+09  5.88246628E+09 
 5.10533439E+09  4.58222288E+09  4.03892138E+09  3.35915651E+09  2.79349885E+09 
 2.00048017E+09  1.55604003E+09  1.15600983E+09  9.18660148E+08  7.23182925E+08 
 5.53360278E+08  4.04309271E+08  2.87580847E+08  1.88113791E+08  1.10553811E+08 
 3.56996108E+07  1.34094477E+07  2.77843284E+06  8.86579958E+05  4.10136195E+05 
 1.34645552E+05  7.27005113E+04  5.40562092E+04  5.20210959E+04  5.10019033E+04 
 4.08912441E+04  3.28133414E+04  2.48893758E+04  1.59653241E+04  1.09535523E+04 
 5.61042999E+03  1.77835299E+03  1.99264680E+02  2.27491061E+01  2.07429184E+00 
 7.80915201E-02  1.71773111E-03  5.61204566E-05  7.27814646E-06  7.43695761E-06 
 9.27466921E-06  9.81287907E-05  2.09013048E-03  6.89222303E-02  2.24105817E-01 
 6.10188251E-01  8.98660728E-01  9.76533192E-01  9.88765722E-01  9.92091567E-01 
 9.92840519E-01  9.95192817E-01  9.97296997E-01  9.99400577E-01  1.00460289E+00 
 ) >            
FE1            9        80
 1.23781561E+08  1.23221371E+08  1.22685240E+08  1.21900084E+08  1.21064485E+08 
 1.20340976E+08  1.19575596E+08  1.18622829E+08  1.17546417E+08  1.16759459E+08 
 1.15729877E+08  1.14758015E+08  1.13916730E+08  1.13102188E+08  1.12145604E+08 
 1.11047704E+08  1.09854734E+08  1.08593406E+08  1.07260721E+08  1.05545064E+08 
 1.04136841E+08  1.02374470E+08  1.00676019E+08  9.98167261E+07  9.84878905E+07 
 9.61488752E+07  9.42659923E+07  9.19557468E+07  8.84181252E+07  8.46908155E+07 
 7.69835831E+07  7.07575404E+07  6.29588836E+07  5.72891073E+07  5.15689595E+07 
 4.51640023E+07  3.81323828E+07  3.11941968E+07  2.37132778E+07  1.63939156E+07 
 6.92839650E+06  3.06352365E+06  7.62567855E+05  2.68679442E+05  1.35810285E+05 
 4.77621132E+04  2.71462254E+04  2.00692212E+04  1.70669335E+04  1.52956517E+04 
 1.11419741E+04  8.60753425E+03  6.46685529E+03  4.35883075E+03  2.96273887E+03 
 1.59124047E+03  4.92908514E+02  5.15450665E+01  5.47401061E+00  4.53799486E-01 
 1.65554660E-02  4.51226266E-04  3.30391085E-05  5.95896475E-06  7.38079307E-06 
 9.01840821E-06  9.65240054E-05  2.09582977E-03  6.90466880E-02  2.24216500E-01 
 6.10269423E-01  8.98730969E-01  9.76590663E-01  9.88790466E-01  9.92121864E-01 
 9.92864791E-01  9.95221814E-01  9.97324135E-01  9.99412012E-01  1.00460219E+00 
 ) >            
FE1           10        80
 3.52386737E+10  3.38782893E+10  3.25927594E+10  3.07443540E+10  2.88269421E+10 
 2.72151273E+10  2.55647341E+10  2.35973345E+10  2.15023124E+10  2.00620664E+10 
 1.83003173E+10  1.67674763E+10  1.55416404E+10  1.44431423E+10  1.32591761E+10 
 1.20350264E+10  1.08547801E+10  9.75814985E+09  8.75115398E+09  7.65199812E+09 
 6.88670172E+09  6.07181809E+09  5.41085621E+09  5.09993012E+09  4.67633923E+09 
 4.05668919E+09  3.63991619E+09  3.20733777E+09  2.66652681E+09  2.21685480E+09 
 1.58680391E+09  1.23392008E+09  9.16374317E+08  7.28124425E+08  5.73143085E+08 
 4.38470739E+08  3.20285671E+08  2.27730381E+08  1.48858800E+08  8.73917966E+07 
 2.81422367E+07  1.05387652E+07  2.17451800E+06  6.93410685E+05  3.21700600E+05 
 1.05727712E+05  5.72190060E+04  4.24954706E+04  4.05024801E+04  3.94610554E+04 
 3.14365036E+04  2.51611900E+04  1.90662587E+04  1.22595938E+04  8.40320645E+03 
 4.31475405E+03  1.36497999E+03  1.52266776E+02  1.73178699E+01  1.57233801E+00 
 5.92582911E-02  1.33050213E-03  4.81199905E-05  6.73282539E-06  7.25044400E-06 
 9.08444109E-06  9.71606405E-05  2.09331272E-03  6.89852767E-02  2.24156100E-01 
 6.10219387E-01  8.98690469E-01  9.76560284E-01  9.88777544E-01  9.92107107E-01 
 9.92853139E-01  9.95207817E-01  9.97310626E-01  9.99406155E-01  1.00460255E+00 
 ) >            
FE1           11        80
 9.41123308E+05  9.18842020E+05  8.97644639E+05  8.66911247E+05  8.34711782E+05 
 8.07379505E+05  7.79134557E+05  7.45109590E+05  7.08432932E+05  6.82941345E+05 
 6.51431157E+05  6.23700877E+05  6.01299622E+05  5.81037783E+05  5.58983426E+05 
 5.35909628E+05  5.13358940E+05  4.92086015E+05  4.72199293E+05  4.49975833E+05 
 4.34086643E+05  4.16652450E+05  4.01749055E+05  3.94134086E+05  3.83361501E+05 
 3.66712309E+05  3.54940745E+05  3.42029661E+05  3.24717347E+05  3.08826361E+05 
 2.80227153E+05  2.59395800E+05  2.34383738E+05  2.17033978E+05  1.99729076E+05 
 1.79777120E+05  1.57303697E+05  1.34157161E+05  1.07616216E+05  7.97779269E+04 
 3.91104749E+04  1.94008799E+04  5.64570409E+03  2.19051442E+03  1.21837823E+03 
 4.63577253E+02  2.81281243E+02  2.05862407E+02  1.51235136E+02  1.24576205E+02 
 8.40749467E+01  6.32530240E+01  4.72786727E+01  3.30505750E+01  2.23750772E+01 
 1.24888916E+01  3.84872620E+00  4.02408390E-01  4.53915146E-02  4.62424816E-03 
 3.19584425E-04  3.32088718E-05  5.15853587E-06  1.46009910E-06  2.85839589E-06 
 5.98451139E-06  8.29340742E-05  2.10769208E-03  6.94004109E-02  2.24410054E-01 
 6.10280510E-01  8.98799916E-01  9.76692769E-01  9.88828093E-01  9.92179015E-01 
 9.92903966E-01  9.95260361E-01  9.97353458E-01  9.99423569E-01  1.00460255E+00 
 ) >            
FE1           12        80
 2.90426516E+05  2.86118410E+05  2.82047621E+05  2.76191244E+05  2.70109897E+05 
 2.64987476E+05  2.59727905E+05  2.53430381E+05  2.46676594E+05  2.41994579E+05 
 2.36207814E+05  2.31102032E+05  2.26957466E+05  2.23183292E+05  2.19036323E+05 
 2.14636161E+05  2.10252599E+05  2.06017291E+05  2.01937655E+05  1.97192731E+05 
 1.93647720E+05  1.89570826E+05  1.85926746E+05  1.84114682E+05  1.81440548E+05 
 1.77025608E+05  1.73681708E+05  1.69769525E+05  1.64090935E+05  1.58393358E+05 
 1.46791649E+05  1.37465978E+05  1.25495889E+05  1.16866276E+05  1.08034589E+05 
 9.76279958E+04  8.57148002E+04  7.32895793E+04  5.89135911E+04  4.37429905E+04 
 2.14733054E+04  1.06550682E+04  3.10043125E+03  1.20278982E+03  6.69211866E+02 
 2.54576881E+02  1.54472753E+02  1.13012430E+02  8.29370201E+01  6.82544297E+01 
 4.60676849E+01  3.46740751E+01  2.59283939E+01  1.81345515E+01  1.22767129E+01 
 6.85367511E+00  2.11190291E+00  2.21466933E-01  2.53446664E-02  2.71240124E-03 
 2.16769665E-04  3.48654520E-05  1.03202581E-05  3.05985534E-06  4.19162738E-06 
 6.94982911E-06  8.74724764E-05  2.11868836E-03  6.93770462E-02  2.24394044E-01 
 6.10344573E-01  8.98827174E-01  9.76680590E-01  9.88840177E-01  9.92174471E-01 
 9.92912053E-01  9.95279746E-01  9.97375940E-01  9.99432420E-01  1.00460234E+00 
 ) >            
FE1           13        80
 7.26870535E+05  7.25855055E+05  7.24955670E+05  7.23754659E+05  7.22612702E+05 
 7.21716846E+05  7.20841869E+05  7.19822006E+05  7.18706166E+05  7.17878846E+05 
 7.16735242E+05  7.15552174E+05  7.14423987E+05  7.13221414E+05  7.11661126E+05 
 7.09658408E+05  7.07225171E+05  7.04377070E+05  7.01063189E+05  6.96366006E+05 
 6.92200439E+05  6.86641717E+05  6.80995066E+05  6.78278517E+05  6.73830589E+05 
 6.65443643E+05  6.58355426E+05  6.49290988E+05  6.34871868E+05  6.19054276E+05 
 5.82767483E+05  5.51216570E+05  5.08474260E+05  4.76886374E+05  4.43856881E+05 
 4.03962726E+05  3.57417151E+05  3.07981601E+05  2.49781578E+05  1.87352119E+05 
 9.36777814E+04  4.70937476E+04  1.39332604E+04  5.45122266E+03  3.04588029E+03 
 1.16497845E+03  7.07171638E+02  5.17488487E+02  3.79526762E+02  3.11890641E+02 
 2.10251810E+02  1.58212658E+02  1.18337310E+02  8.28786314E+01  5.60792148E+01 
 3.13151701E+01  9.61141218E+00  9.87862183E-01  1.08375472E-01  1.06522462E-02 
 7.26757504E-04  6.91945552E-05  1.62626794E-05  5.79567528E-06  8.66530545E-06 
 9.45578833E-06  9.99161995E-05  2.15103220E-03  6.96154193E-02  2.24625010E-01 
 6.10566584E-01  8.98914679E-01  9.76712309E-01  9.88852708E-01  9.92171815E-01 
 9.92900934E-01  9.95256888E-01  9.97349740E-01  9.99421042E-01  1.00460245E+00 
 ) >            
FE1           14        80
 7.37601439E+04  7.30646161E+04  7.23959189E+04  7.14131710E+04  7.03653103E+04 
 6.94594637E+04  6.85057745E+04  6.73301778E+04  6.60252578E+04  6.50917111E+04 
 6.39025646E+04  6.28186424E+04  6.19133452E+04  6.10680078E+04  6.01151814E+04 
 5.90755496E+04  5.80096587E+04  5.69508171E+04  5.59038883E+04  5.46539565E+04 
 5.36990058E+04  5.25807627E+04  5.15658205E+04  5.10562058E+04  5.02994831E+04 
 4.90408429E+04  4.80814644E+04  4.69551070E+04  4.53155226E+04  4.36697969E+04 
 4.03490169E+04  3.77009284E+04  3.43318314E+04  3.19085659E+04  2.94385141E+04 
 2.65477991E+04  2.32543323E+04  1.98364476E+04  1.59023373E+04  1.17703809E+04 
 5.74699124E+03  2.84448730E+03  8.27856044E+02  3.21605045E+02  1.78657767E+02 
 6.80805918E+01  4.12205163E+01  3.02097338E+01  2.24119835E+01  1.85981579E+01 
 1.26604878E+01  9.56252613E+00  7.16312738E+00  4.99832685E+00  3.39463963E+00 
 1.89799096E+00  5.96721546E-01  6.77479760E-02  9.24771308E-03  1.36435583E-03 
 1.53620833E-04  2.18141346E-05  4.56871200E-06  2.38625704E-06  5.17468742E-06 
 9.44625699E-06  1.26591611E-04  2.98740499E-03  7.76760756E-02  2.27963353E-01 
 6.11780634E-01  8.99646603E-01  9.77239089E-01  9.89043805E-01  9.92413919E-01 
 9.93090458E-01  9.95469216E-01  9.97523042E-01  9.99482297E-01  1.00460182E+00 
 ) >            
FE1           15        80
 1.46207321E+05  1.45308021E+05  1.44409928E+05  1.43027984E+05  1.41469619E+05 
 1.40048770E+05  1.38476254E+05  1.36426075E+05  1.34001616E+05  1.32169261E+05 
 1.29716159E+05  1.27364755E+05  1.25318262E+05  1.23341910E+05  1.21042207E+05 
 1.18452699E+05  1.15720529E+05  1.12940857E+05  1.10144183E+05  1.06767233E+05 
 1.04175948E+05  1.01149497E+05  9.84218105E+04  9.70274269E+04  9.49847834E+04 
 9.16625204E+04  8.91890708E+04  8.63593939E+04  8.23779377E+04  7.85505438E+04 
 7.13951872E+04  6.60393405E+04  5.95529852E+04  5.50094289E+04  5.04781472E+04 
 4.52918986E+04  3.94799992E+04  3.35339686E+04  2.67685581E+04  1.97255941E+04 
 9.55836833E+03  4.70402438E+03  1.35899404E+03  5.26197328E+02  2.91515764E+02 
 1.10958812E+02  6.71376017E+01  4.92730337E+01  3.67599798E+01  3.06596281E+01 
 2.09256459E+01  1.58027374E+01  1.18292791E+01  8.23772490E+00  5.60473005E+00 
 3.13804142E+00  9.96898817E-01  1.16308925E-01  1.62566678E-02  2.37311258E-03 
 2.43251775E-04  2.33488075E-05  3.60644691E-06  1.30592713E-06  2.80783171E-06 
 5.74327980E-06  8.39046723E-05  2.22084832E-03  7.17247529E-02  2.27238990E-01 
 6.11496194E-01  8.99718924E-01  9.77438610E-01  9.89012240E-01  9.92511797E-01 
 9.93134880E-01  9.95500953E-01  9.97539004E-01  9.99485309E-01  1.00460163E+00 
 ) >            
[ KURUCZ - b data end ] > 
[ COOLING RATES data start ] > 
> SUNSPOT    MODEL SFY    15 L FE-I    ITER 19-25     10-Sep-08                 
N (  80 )  KOOLSUM (   0 ) > 
NE                ( > 
 1.76446351E+08  1.83422689E+08  1.90536280E+08  2.01777866E+08  2.14918134E+08 
 2.27352376E+08  2.41656536E+08  2.61233040E+08  2.85873668E+08  3.05684682E+08 
 3.33986174E+08  3.63240623E+08  3.90603382E+08  4.18884100E+08  4.54353622E+08 
 4.97975003E+08  5.48819628E+08  6.06424690E+08  6.71198769E+08  7.59929522E+08 
 8.37138855E+08  9.38937798E+08  1.04198088E+09  1.09938301E+09  1.18840639E+09 
 1.34790342E+09  1.48207594E+09  1.65340586E+09  1.93531683E+09  2.25904821E+09 
 2.94704691E+09  3.56423740E+09  4.40080037E+09  5.16998594E+09  6.08424490E+09 
 7.20653107E+09  8.69047849E+09  1.04917862E+10  1.29737266E+10  1.65223659E+10 
 2.55295658E+10  3.41647006E+10  4.87133525E+10  5.95051044E+10  7.13775899E+10 
 8.28549315E+10  9.27941702E+10  9.14490787E+10  7.06065754E+10  5.97096101E+10 
 5.06507358E+10  4.76482052E+10  4.70072786E+10  5.10825691E+10  5.03877227E+10 
 5.46470889E+10  5.27643169E+10  4.74560665E+10  4.25308124E+10  3.66298245E+10 
 3.26202562E+10  3.18540023E+10  9.02985031E+10  5.50878755E+10  3.38677688E+10 
 6.60710977E+10  3.91416742E+10  8.00605915E+10  2.26137467E+11  6.03106498E+11 
 1.14509602E+12  2.14052568E+12  3.61774564E+12  5.96769529E+12  1.47576048E+13 
 2.76092045E+13  4.66234452E+13  7.88922173E+13  1.73967690E+14  4.41240244E+14 
 ) >            
NH                ( > 
 1.71615356E+08  1.78401315E+08  1.85320715E+08  1.96255199E+08  2.09036443E+08 
 2.21130822E+08  2.35043945E+08  2.54085250E+08  2.78052275E+08  2.97321908E+08 
 3.24850224E+08  3.53305708E+08  3.79921615E+08  4.07430606E+08  4.41932769E+08 
 4.84364731E+08  5.33823516E+08  5.89859869E+08  6.52869864E+08  7.39182316E+08 
 8.14287534E+08  9.13312543E+08  1.01354915E+09  1.05578404E+09  1.12834113E+09 
 1.27183254E+09  1.39433169E+09  1.55316125E+09  1.80291050E+09  2.07331792E+09 
 2.79673704E+09  3.47711559E+09  4.52872447E+09  5.26377841E+09  6.03750773E+09 
 7.15522052E+09  8.62196308E+09  1.04798265E+10  1.32891397E+10  1.72199781E+10 
 2.69608602E+10  3.75612363E+10  5.75223801E+10  7.00013410E+10  7.67537015E+10 
 9.18508581E+10  1.00040366E+11  1.08352980E+11  1.47093765E+11  1.58042034E+11 
 2.39891657E+11  3.56921716E+11  5.57999907E+11  9.58540580E+11  1.60725201E+12 
 2.70325238E+12  3.69046629E+12  4.91078880E+12  6.19969938E+12  7.76907425E+12 
 1.05334787E+13  1.76698541E+13  3.33815097E+13  6.67852982E+13  1.98504913E+14 
 6.53577871E+14  2.38978431E+15  1.56340030E+16  5.81344874E+16  1.43264913E+17 
 2.43613503E+17  3.55749334E+17  4.32250339E+17  4.71281309E+17  5.40521191E+17 
 5.67865396E+17  5.98502996E+17  6.39160399E+17  6.79475353E+17  6.97598318E+17 
 ) >            
TE                ( > 
 4.53725450E+06  4.36778800E+06  4.20724050E+06  3.97533900E+06  3.73451800E+06 
 3.53161950E+06  3.32368025E+06  3.07575275E+06  2.81183025E+06  2.63070725E+06 
 2.40936025E+06  2.21688150E+06  2.06323238E+06  1.92547800E+06  1.77712712E+06 
 1.62347812E+06  1.47512738E+06  1.33737300E+06  1.21021512E+06  1.07021062E+06 
 9.72363250E+05  8.67765438E+05  7.82668875E+05  7.46278000E+05  6.94131875E+05 
 6.14050438E+05  5.59443250E+05  5.02099750E+05  4.30854812E+05  3.71773656E+05 
 2.81233656E+05  2.29849109E+05  1.81794953E+05  1.55525609E+05  1.33701828E+05 
 1.12844156E+05  9.35966094E+04  7.72831328E+04  6.17830039E+04  4.81244727E+04 
 3.09533008E+04  2.26960527E+04  1.53661758E+04  1.26277412E+04  1.15340996E+04 
 9.87913965E+03  9.10129980E+03  8.67400977E+03  8.32686035E+03  8.18183447E+03 
 7.93543262E+03  7.75623193E+03  7.54343066E+03  7.27462891E+03  7.05062793E+03 
 6.68102588E+03  6.12998633E+03  5.33514355E+03  4.72429199E+03  4.19439697E+03 
 3.63431787E+03  3.13511890E+03  2.77735938E+03  2.58600000E+03  2.48000000E+03 
 2.45000000E+03  2.45000000E+03  2.50581567E+03  2.65082593E+03  2.88218066E+03 
 3.14388696E+03  3.45373901E+03  3.76701587E+03  4.04000000E+03  4.49000000E+03 
 4.89000000E+03  5.36000000E+03  5.87000000E+03  6.42000000E+03  7.00000000E+03 
 ) >            
SUM               ( > 
 2.31007608E-30  2.89135918E-30  3.63745628E-30  5.03653002E-30  6.90917961E-30 
 9.48211468E-30  1.25987871E-29  1.89331875E-29  3.02689142E-29  4.33387102E-29 
 6.55201675E-29  1.00629554E-28  1.46365497E-28  2.33288811E-28  3.91584703E-28 
 7.33638439E-28  1.64748838E-27  3.99277899E-27  1.02336408E-26  3.08083560E-26 
 7.56780895E-26  2.53956306E-25  9.06305718E-25  2.30145649E-24  1.09148397E-23 
 1.25342625E-22  2.87197470E-22  8.43480708E-22  3.41289802E-21  1.64230770E-20 
 1.92405683E-19  1.61853439E-18  1.16024842E-17  5.35759307E-17  2.93432316E-16 
 1.71149304E-15  6.94041939E-15  1.95243135E-14  6.10411217E-14  1.97767683E-13 
 1.01977847E-12  3.40492488E-12  1.79888697E-11  5.66942542E-11  1.74178930E-10 
 6.72644647E-10  2.26653589E-09  6.78141474E-09  1.16550232E-08  1.26163467E-08 
 1.91545752E-08  3.77545252E-08  7.76304689E-08  2.05873507E-07  4.42217503E-07 
 1.24339458E-06  2.38405812E-06  2.92933409E-06  4.61068284E-06  9.28525094E-06 
 2.81588365E-05  1.91432211E-04  5.97730227E-04  1.72099415E-04  1.32268263E-04 
 2.96774262E-04  2.61760240E-04 -1.88914122E-03 -1.75798801E-02 -7.75320968E-02 
-1.60467727E-01 -7.78530359E-01 -3.11187975E+00 -4.58769262E+00 -3.13556042E+01 
-5.51589441E+01 -6.16638880E+01 -3.44610101E+01 -1.70460501E+01  2.87674436E+00 
 ) >            
SUMSM             ( > 
 2.31007608E-30  2.89135918E-30  3.63745628E-30  5.03653002E-30  6.90917961E-30 
 9.48211468E-30  1.25987871E-29  1.89331875E-29  3.02689142E-29  4.33387102E-29 
 6.55201675E-29  1.00629554E-28  1.46365497E-28  2.33288811E-28  3.91584703E-28 
 7.33638439E-28  1.64748838E-27  3.99277899E-27  1.02336408E-26  3.08083560E-26 
 7.56780895E-26  2.53956306E-25  9.06305718E-25  2.30145649E-24  1.09148397E-23 
 1.25342625E-22  2.87197470E-22  8.43480708E-22  3.41289802E-21  1.64230770E-20 
 1.92405683E-19  1.61853439E-18  1.16024842E-17  5.35759307E-17  2.93432316E-16 
 1.71149304E-15  6.94041939E-15  1.95243135E-14  6.10411217E-14  1.97767683E-13 
 1.01977847E-12  3.40492488E-12  1.79888697E-11  5.66942542E-11  1.74178930E-10 
 6.72644647E-10  2.26653589E-09  6.78141474E-09  1.12962936E-08  1.54047992E-08 
 1.95133048E-08  3.77545252E-08  7.76304689E-08  2.05873507E-07  4.42217503E-07 
 1.27074575E-06  2.38405812E-06  3.49737048E-06  4.61068284E-06  9.28525094E-06 
 1.00358731E-04  1.91432211E-04  2.11930567E-04  2.23183702E-04  2.34436838E-04 
 2.48098539E-04  2.61760240E-04 -1.88914122E-03 -1.75798801E-02 -7.75320968E-02 
-1.60467727E-01 -1.63606689E+00 -3.11187975E+00 -7.55226435E+00 -3.13556042E+01 
-5.51589441E+01 -5.18759701E+01 -3.44610101E+01 -1.70460501E+01  2.87674436E+00 
 ) >            
[ COOLING RATES data end ] > 
