> from Overall Iteration 10 of 10                                Pandora 78.018
> Run Data:    80   19   86  0  0  FE   2      9-Dec-12 17:17:30    18652.72049
> SUN        MODEL SFY    19 L FE-II   ITER 48-57      9-Dec-12                 
> -------.---------.---------.---------.---------.---------.---------.---------.
N (  80 ) > 
Z                 ( > 
-2.88015234E+03 -2.83110864E+03 -2.79347021E+03 -2.74100488E+03 -2.69994482E+03 
-2.65888501E+03 -2.61668433E+03 -2.58246777E+03 -2.55053223E+03 -2.51631567E+03 
-2.48209912E+03 -2.44788232E+03 -2.41138477E+03 -2.36918408E+03 -2.32508691E+03 
-2.28917847E+03 -2.23437085E+03 -2.17956323E+03 -2.13987500E+03 -2.09829688E+03 
-2.05671875E+03 -2.00637390E+03 -1.97912732E+03 -1.96084326E+03 -1.95226099E+03 
-1.94517126E+03 -1.93920093E+03 -1.91679785E+03 -1.88471680E+03 -1.84925879E+03 
-1.80505615E+03 -1.75484875E+03 -1.72453052E+03 -1.70310583E+03 -1.68179956E+03 
-1.65967383E+03 -1.63508960E+03 -1.61132483E+03 -1.58837952E+03 -1.55887854E+03 
-1.53921118E+03 -1.52383215E+03 -1.50610095E+03 -1.48803577E+03 -1.43244470E+03 
-1.37336035E+03 -1.27075952E+03 -1.17925391E+03 -1.09312207E+03 -1.00124066E+03 
-9.36281982E+02 -8.79419006E+02 -7.93836731E+02 -7.56812195E+02 -7.41057007E+02 
-7.31603882E+02 -7.19787598E+02 -7.03244690E+02 -6.86701782E+02 -6.55979187E+02 
-6.00048401E+02 -5.22279236E+02 -4.43023041E+02 -3.70769012E+02 -3.05507324E+02 
-2.63783112E+02 -2.28280075E+02 -1.91946182E+02 -1.62206924E+02 -1.26406021E+02 
-8.10954819E+01 -4.27244949E+01 -1.75562973E+01  0.00000000E+00  2.70000000E+01 
 4.30000000E+01  6.10000000E+01  8.20000000E+01  1.04000000E+02  1.22000000E+02 
 ) >            
TE                ( > 
 4.86928125E+05  4.85128656E+05  4.83843344E+05  4.82429469E+05  4.81015625E+05 
 4.79344688E+05  4.77802312E+05  4.76645500E+05  4.75617250E+05  4.74074844E+05 
 4.72275375E+05  4.70347406E+05  4.68290875E+05  4.65077562E+05  4.60591625E+05 
 4.58623406E+05  4.54194906E+05  4.48290250E+05  4.41401469E+05  4.33528625E+05 
 4.26147781E+05  4.08060531E+05  3.82492062E+05  3.41184906E+05  3.00544031E+05 
 2.60569375E+05  2.18595969E+05  1.77010750E+05  1.45104938E+05  1.22931562E+05 
 1.08421695E+05  9.14599844E+04  8.14006875E+04  7.36478359E+04  6.57037500E+04 
 5.72830273E+04  4.85445430E+04  3.98060586E+04  3.13853320E+04  2.26468438E+04 
 1.72448691E+04  1.40639004E+04  1.23295996E+04  1.12290000E+04  1.03604102E+04 
 1.01526504E+04  1.00697695E+04  1.00164199E+04  9.96616992E+03  9.88329980E+03 
 9.77437988E+03  9.60808008E+03  9.29845801E+03  8.80000000E+03  7.60000000E+03 
 6.80000000E+03  5.86200000E+03  4.80000000E+03  3.83500000E+03  2.77700000E+03 
 2.22600000E+03  2.06946729E+03  2.05000000E+03  2.08000000E+03  2.13000000E+03 
 2.22112378E+03  2.35678198E+03  2.50479053E+03  2.63708472E+03  2.81541846E+03 
 3.08530249E+03  3.42425195E+03  3.76701587E+03  4.04000000E+03  4.49000000E+03 
 4.89000000E+03  5.36000000E+03  5.87000000E+03  6.42000000E+03  7.00000000E+03 
 ) >            
[ CENSUS data start ] > 
> SUN        MODEL SFY    19 L FE-II   ITER 48-57      9-Dec-12                 
FE            2   80
Z                 ( > 
-2.88015234E+03 -2.83110864E+03 -2.79347021E+03 -2.74100488E+03 -2.69994482E+03 
-2.65888501E+03 -2.61668433E+03 -2.58246777E+03 -2.55053223E+03 -2.51631567E+03 
-2.48209912E+03 -2.44788232E+03 -2.41138477E+03 -2.36918408E+03 -2.32508691E+03 
-2.28917847E+03 -2.23437085E+03 -2.17956323E+03 -2.13987500E+03 -2.09829688E+03 
-2.05671875E+03 -2.00637390E+03 -1.97912732E+03 -1.96084326E+03 -1.95226099E+03 
-1.94517126E+03 -1.93920093E+03 -1.91679785E+03 -1.88471680E+03 -1.84925879E+03 
-1.80505615E+03 -1.75484875E+03 -1.72453052E+03 -1.70310583E+03 -1.68179956E+03 
-1.65967383E+03 -1.63508960E+03 -1.61132483E+03 -1.58837952E+03 -1.55887854E+03 
-1.53921118E+03 -1.52383215E+03 -1.50610095E+03 -1.48803577E+03 -1.43244470E+03 
-1.37336035E+03 -1.27075952E+03 -1.17925391E+03 -1.09312207E+03 -1.00124066E+03 
-9.36281982E+02 -8.79419006E+02 -7.93836731E+02 -7.56812195E+02 -7.41057007E+02 
-7.31603882E+02 -7.19787598E+02 -7.03244690E+02 -6.86701782E+02 -6.55979187E+02 
-6.00048401E+02 -5.22279236E+02 -4.43023041E+02 -3.70769012E+02 -3.05507324E+02 
-2.63783112E+02 -2.28280075E+02 -1.91946182E+02 -1.62206924E+02 -1.26406021E+02 
-8.10954819E+01 -4.27244949E+01 -1.75562973E+01  0.00000000E+00  2.70000000E+01 
 4.30000000E+01  6.10000000E+01  8.20000000E+01  1.04000000E+02  1.22000000E+02 
 ) >            
FLVSL             ( > 
-5.26376153E+00 -5.26219651E+00 -5.26107483E+00 -5.25983685E+00 -5.25859556E+00 
-5.25712394E+00 -5.25576052E+00 -5.25473475E+00 -5.25382069E+00 -5.25244625E+00 
-5.25083697E+00 -5.24910561E+00 -5.24725041E+00 -5.24433480E+00 -5.24022861E+00 
-5.23841263E+00 -5.23429669E+00 -5.22874108E+00 -5.22215949E+00 -5.21449952E+00 
-5.20718101E+00 -5.18860889E+00 -5.15993595E+00 -5.10775311E+00 -5.04753381E+00 
-4.97614396E+00 -4.88137709E+00 -4.75517015E+00 -4.61868335E+00 -4.48694457E+00 
-4.37271231E+00 -4.19550264E+00 -4.05744083E+00 -3.92587396E+00 -3.76142842E+00 
-3.54031358E+00 -3.23690687E+00 -2.81159436E+00 -2.19827441E+00 -1.15672279E+00 
-2.80390355E-01 -7.49068483E-02 -4.40872085E-02 -3.31826248E-02 -2.63335573E-02 
-2.39739947E-02 -2.09263254E-02 -1.81552415E-02 -1.56702936E-02 -1.32605803E-02 
-1.15369721E-02 -9.97739611E-03 -7.70486015E-03 -5.92201267E-03 -3.75011009E-03 
-2.83616307E-03 -2.40242947E-03 -2.75598895E-03 -1.10365691E-02 -1.98956570E-02 
-8.34212584E-02 -1.86710838E+00 -4.26111501E+00 -4.35559455E+00 -4.09172113E+00 
-3.14852238E+00 -2.38418776E+00 -1.84915857E+00 -1.38547841E+00 -9.92185122E-01 
-5.97636070E-01 -4.20667141E-01 -2.74430739E-01 -1.70028169E-01 -1.02590572E-01 
-6.69513632E-02 -4.72662349E-02 -3.63772859E-02 -3.01490163E-02 -2.59249541E-02 
 ) >            
FIONL             ( > 
-2.36644973E-06 -2.37515977E-06 -2.38142180E-06 -2.38836199E-06 -2.39535288E-06 
-2.40381350E-06 -2.41200485E-06 -2.41846417E-06 -2.42502106E-06 -2.43488620E-06 
-2.44701653E-06 -2.46626039E-06 -2.49420042E-06 -2.55452061E-06 -2.66207452E-06 
-2.86559672E-06 -3.31730639E-06 -4.35613628E-06 -7.59074178E-06 -1.50129253E-05 
-2.91160609E-05 -5.72893710E-05 -1.13894681E-04 -1.99962605E-04 -3.77547634E-04 
-7.41431329E-04 -1.17025291E-03 -1.67893636E-03 -2.15334815E-03 -2.47215008E-03 
-2.61267242E-03 -2.62572469E-03 -2.59848547E-03 -2.48637103E-03 -2.36336919E-03 
-2.26842729E-03 -2.28608371E-03 -2.66731389E-03 -4.70893192E-03 -3.34162579E-02 
-3.26610946E-01 -8.11715561E-01 -1.03398486E+00 -1.15729710E+00 -1.25891935E+00 
-1.29875686E+00 -1.35452595E+00 -1.41213851E+00 -1.47221152E+00 -1.54190787E+00 
-1.60009437E+00 -1.66306030E+00 -1.78028239E+00 -1.90720181E+00 -2.14817547E+00 
-2.34158571E+00 -2.60386555E+00 -2.99119812E+00 -3.46013623E+00 -4.36510282E+00 
-5.82403365E+00 -8.26459662E+00 -1.12012388E+01 -1.22359280E+01 -1.25338006E+01 
-1.22622412E+01 -1.21210797E+01 -1.21904030E+01 -1.24200887E+01 -1.41388346E+01 
-1.64933187E+01 -1.51621798E+01 -1.35589475E+01 -1.23347121E+01 -1.06250964E+01 
-9.34997492E+00 -8.06637812E+00 -6.91942511E+00 -6.00785071E+00 -5.29976159E+00 
 ) >            
[ CENSUS data end ] > 
[ KURUCZ - b data start ] > 
> SUN        MODEL SFY    19 L FE-II   ITER 48-57      9-Dec-12                 
FE2            1        80
 1.69494825E+11  1.67736579E+11  1.66469172E+11  1.65000565E+11  1.63622979E+11 
 1.62059951E+11  1.60593386E+11  1.59480116E+11  1.58482661E+11  1.57092795E+11 
 1.55521419E+11  1.53864584E+11  1.52108594E+11  1.49491931E+11  1.45980483E+11 
 1.44339564E+11  1.40863718E+11  1.36420412E+11  1.31485669E+11  1.25983880E+11 
 1.20919430E+11  1.09254559E+11  9.40988330E+10  7.22014530E+10  5.36045039E+10 
 3.81673755E+10  2.50162359E+10  1.50394926E+10  9.43724355E+09  6.52816991E+09 
 5.02173553E+09  3.60661541E+09  2.91063352E+09  2.44602017E+09  2.01226365E+09 
 1.60276962E+09  1.21781049E+09  8.77369600E+08  5.92817251E+08  3.31113671E+08 
 1.52911918E+08  3.34976718E+07  6.02772783E+06  1.36158176E+06  3.02909933E+05 
 1.89766503E+05  1.43656561E+05  1.19133673E+05  1.01114157E+05  8.04513172E+04 
 6.23205973E+04  4.33523294E+04  2.22976786E+04  7.63035682E+03  3.15264997E+02 
 2.08472865E+01  3.31728812E-01  4.42833281E-04  4.36032955E-08  1.40922484E-15 
 9.02228566E-22  3.46117712E-24  3.60921670E-24  4.63158388E-23  1.32126703E-21 
 2.77841929E-19  2.66473388E-16  2.72545543E-13  1.51826543E-10  1.51175803E-06 
 5.62192688E-02  4.06870851E-01  7.58902872E-01  9.22563804E-01  9.64273303E-01 
 9.86696198E-01  9.99624142E-01  1.00721124E+00  1.01245220E+00  1.02601347E+00 
 ) >            
FE2            2        80
 2.02505176E+11  2.00710421E+11  1.99409187E+11  1.97875385E+11  1.96457633E+11 
 1.94863046E+11  1.93354621E+11  1.92202370E+11  1.91165302E+11  1.89747438E+11 
 1.88154552E+11  1.86477143E+11  1.84695633E+11  1.82067971E+11  1.78561741E+11 
 1.76876587E+11  1.73354282E+11  1.68868394E+11  1.63907376E+11  1.58338221E+11 
 1.53159602E+11  1.41171025E+11  1.25443796E+11  1.01759356E+11  8.04021036E+10 
 6.13784488E+10  4.37116724E+10  2.86183274E+10  1.89366575E+10  1.33047773E+10 
 1.01343544E+10  7.01990558E+09  5.46830483E+09  4.42886174E+09  3.48877212E+09 
 2.63172810E+09  1.87782866E+09  1.26152237E+09  7.91374170E+08  4.04381109E+08 
 1.75437211E+08  3.68310381E+07  6.47206316E+06  1.43982391E+06  3.15398671E+05 
 1.96058206E+05  1.47062347E+05  1.21197930E+05  1.02401580E+05  8.11795082E+04 
 6.27581377E+04  4.35927762E+04  2.23834821E+04  7.65315515E+03  3.15892852E+02 
 2.08776729E+01  3.32040073E-01  4.43037258E-04  4.36101549E-08  1.40917573E-15 
 9.02181447E-22  3.46106142E-24  3.60912810E-24  4.63154496E-23  1.32125706E-21 
 2.77840143E-19  2.66471664E-16  2.72543088E-13  1.51825099E-10  1.51184296E-06 
 5.62202301E-02  4.06871666E-01  7.58902928E-01  9.22563933E-01  9.64273359E-01 
 9.86696144E-01  9.99623938E-01  1.00721092E+00  1.01245205E+00  1.02601383E+00 
 ) >            
FE2            3        80
 3.02641991E+10  3.01327974E+10  3.00377736E+10  2.99284981E+10  2.98238482E+10 
 2.97032268E+10  2.95898803E+10  2.95036820E+10  2.94262977E+10  2.93159305E+10 
 2.91893959E+10  2.90545691E+10  2.89104706E+10  2.86910530E+10  2.83896374E+10 
 2.82497882E+10  2.79453825E+10  2.75449888E+10  2.70847457E+10  2.65559081E+10 
 2.60547292E+10  2.48314532E+10  2.31360473E+10  2.03348511E+10  1.74856252E+10 
 1.46085927E+10  1.15390353E+10  8.47607979E+09  6.19976476E+09  4.71547191E+09 
 3.81497286E+09  2.85924843E+09  2.34931855E+09  1.99017196E+09  1.65055064E+09 
 1.32330362E+09  1.01646896E+09  7.43189882E+08  5.10141646E+08  2.89165318E+08 
 1.34583103E+08  2.97917870E+07  5.41507103E+06  1.23308686E+06  2.79847246E+05 
 1.78269494E+05  1.38024245E+05  1.16151823E+05  9.95735931E+04  7.98027934E+04 
 6.20343049E+04  4.32465761E+04  2.22893966E+04  7.63028983E+03  3.15091186E+02 
 2.08275927E+01  3.31289180E-01  4.42213448E-04  4.35603493E-08  1.41026703E-15 
 9.04349839E-22  3.46831422E-24  3.61495579E-24  4.63424930E-23  1.32186399E-21 
 2.77931200E-19  2.66540328E-16  2.72618957E-13  1.51855664E-10  1.50969295E-06 
 5.62021418E-02  4.06859943E-01  7.58902661E-01  9.22562799E-01  9.64272895E-01 
 9.86695972E-01  9.99623390E-01  1.00720961E+00  1.01245021E+00  1.02601122E+00 
 ) >            
FE2            4        80
 1.91690639E+09  1.90990659E+09  1.90485193E+09  1.89908067E+09  1.89350750E+09 
 1.88704902E+09  1.88099499E+09  1.87639949E+09  1.87227916E+09  1.86634324E+09 
 1.85950863E+09  1.85221069E+09  1.84440507E+09  1.83243971E+09  1.81591021E+09 
 1.80831362E+09  1.79163458E+09  1.76956405E+09  1.74401087E+09  1.71454653E+09 
 1.68655535E+09  1.61760546E+09  1.52198192E+09  1.36219555E+09  1.19692824E+09 
 1.02694690E+09  8.41367502E+08  6.49672418E+08  5.01446067E+08  4.00977656E+08 
 3.38513604E+08  2.69889915E+08  2.32013857E+08  2.04805411E+08  1.78365994E+08 
 1.52120413E+08  1.26451539E+08  1.02199744E+08  7.91846531E+07  5.24332614E+07 
 2.72523101E+07  6.49623593E+06  1.25012213E+06  2.97504941E+05  7.46383055E+04 
 5.22903930E+04  4.77285320E+04  4.67067590E+04  4.61392236E+04  4.25947596E+04 
 3.62341239E+04  2.71261250E+04  1.53223687E+04  5.51895830E+03  2.43112659E+02 
 1.67293895E+01  2.78526041E-01  3.91919271E-04  4.04855772E-08  1.41635487E-15 
 1.00951667E-21  3.97007722E-24  4.04191266E-24  4.83392452E-23  1.36418236E-21 
 2.83000640E-19  2.68975648E-16  2.74666979E-13  1.54660209E-10  1.54799659E-06 
 5.63540468E-02  4.06991249E-01  7.58915581E-01  9.22581189E-01  9.64283814E-01 
 9.86695020E-01  9.99605208E-01  1.00717706E+00  1.01241711E+00  1.02597817E+00 
 ) >            
FE2            5        80
 8.61320922E+08  8.58392414E+08  8.56283254E+08  8.53902330E+08  8.51574252E+08 
 8.48855658E+08  8.46317791E+08  8.44397325E+08  8.42679130E+08  8.40168002E+08 
 8.37260562E+08  8.34148742E+08  8.30819310E+08  8.25673365E+08  8.18521520E+08 
 8.15280287E+08  8.08089894E+08  7.98520348E+08  7.87368979E+08  7.74494779E+08 
 7.62266004E+08  7.31977316E+08  6.89227170E+08  6.17305300E+08  5.42464332E+08 
 4.64980899E+08  3.79795729E+08  2.91793088E+08  2.23739669E+08  1.77675691E+08 
 1.48937014E+08  1.17367605E+08  1.00025378E+08  8.74061636E+07  7.52985144E+07 
 6.31570043E+07  5.14866244E+07  4.04795256E+07  2.99810984E+07  1.82654945E+07 
 8.75446616E+06  1.94081717E+06  3.57581928E+05  8.29461189E+04  2.06501415E+04 
 1.46740246E+04  1.39456754E+04  1.43061550E+04  1.49845069E+04  1.49755214E+04 
 1.36084949E+04  1.08700339E+04  6.81204281E+03  2.61527036E+03  1.25152450E+02 
 9.11873385E+00  1.64071928E-01  2.60572294E-04  3.36323760E-08  3.78941087E-15 
 1.73686778E-20  1.18612195E-22  1.07485003E-22  5.00849781E-22  9.81330338E-21 
 1.08463348E-18  5.53189282E-16  4.01427566E-13  1.83422334E-10  1.69823776E-06 
 5.82493291E-02  4.09120146E-01  7.59956153E-01  9.22937683E-01  9.64425204E-01 
 9.86720034E-01  9.99530477E-01  1.00704203E+00  1.01228185E+00  1.02583780E+00 
 ) >            
FE2            6        80
 1.38809907E+09  1.38342038E+09  1.38004752E+09  1.37622939E+09  1.37250458E+09 
 1.36816046E+09  1.36409994E+09  1.36102412E+09  1.35827018E+09  1.35425672E+09 
 1.34961379E+09  1.34464504E+09  1.33932698E+09  1.33111804E+09  1.31971626E+09 
 1.31452938E+09  1.30304264E+09  1.28776094E+09  1.26996047E+09  1.24939114E+09 
 1.22982831E+09  1.18134584E+09  1.11336091E+09  9.98912468E+08  8.79681835E+08 
 7.56246169E+08  6.20763829E+08  4.80317437E+08  3.71207167E+08  2.96826308E+08 
 2.50168626E+08  1.98360578E+08  1.69579544E+08  1.48390945E+08  1.27841718E+08 
 1.06838223E+08  8.62628900E+07  6.64390937E+07  4.74136886E+07  2.70604016E+07 
 1.22500893E+07  2.59772507E+06  4.63561032E+05  1.05130571E+05  2.50399689E+04 
 1.71212769E+04  1.53400405E+04  1.50283048E+04  1.51877372E+04  1.47587548E+04 
 1.32356476E+04  1.05001782E+04  6.55608647E+03  2.51855537E+03  1.20923460E+02 
 8.83707929E+00  1.59820122E-01  2.56311465E-04  3.39085392E-08  4.24328170E-15 
 2.06587139E-20  1.41882954E-22  1.28814262E-22  5.88907065E-22  1.11890382E-20 
 1.18697074E-18  5.84763248E-16  4.12047930E-13  1.85099613E-10  1.72741747E-06 
 5.85787502E-02  4.09786797E-01  7.60359501E-01  9.23014744E-01  9.64447664E-01 
 9.86723779E-01  9.99519908E-01  1.00702215E+00  1.01226204E+00  1.02582010E+00 
 ) >            
FE2            7        80
 6.22665394E+08  6.20472556E+08  6.18894329E+08  6.17116306E+08  6.15374863E+08 
 6.13339563E+08  6.11441310E+08  6.10005882E+08  6.08722304E+08  6.06842848E+08 
 6.04665728E+08  6.02335637E+08  5.99843464E+08  5.95989165E+08  5.90632206E+08 
 5.88210613E+08  5.82834457E+08  5.75681548E+08  5.67350377E+08  5.57745337E+08 
 5.48636378E+08  5.26120252E+08  4.94054250E+08  4.40211585E+08  3.84502183E+08 
 3.27110165E+08  2.64308819E+08  2.00113436E+08  1.51098866E+08  1.18409159E+08 
 9.81596001E+07  7.62343905E+07  6.43700923E+07  5.57971063E+07  4.76910873E+07 
 3.96796382E+07  3.21479398E+07  2.52104526E+07  1.87168283E+07  1.14716093E+07 
 5.54027715E+06  1.24052213E+06  2.31975711E+05  5.48987336E+04  1.38170819E+04 
 9.75556328E+03  9.18202938E+03  9.43965561E+03  1.00120479E+04  1.02599775E+04 
 9.55362565E+03  7.83205714E+03  5.12479003E+03  2.01970824E+03  9.98763007E+01 
 7.43841001E+00  1.37904704E-01  2.29961631E-04  3.30277738E-08  5.87478030E-15 
 3.80880424E-20  2.80638609E-22  2.57389180E-22  1.12383756E-21  1.87868577E-20 
 1.43298891E-18  5.96082921E-16  4.13564039E-13  1.86622259E-10  1.74760283E-06 
 5.88415126E-02  4.10116186E-01  7.60448750E-01  9.23114225E-01  9.64486867E-01 
 9.86731351E-01  9.99503640E-01  1.00699299E+00  1.01223412E+00  1.02579481E+00 
 ) >            
FE2            8        80
 6.26458517E+07  6.24843153E+07  6.23681666E+07  6.22385572E+07  6.21099398E+07 
 6.19583128E+07  6.18172242E+07  6.17107168E+07  6.16155815E+07  6.14741807E+07 
 6.13092461E+07  6.11319950E+07  6.09419623E+07  6.06449490E+07  6.02280674E+07 
 6.00414948E+07  5.96217043E+07  5.90569660E+07  5.83904729E+07  5.76149903E+07 
 5.68737112E+07  5.50061842E+07  5.24235103E+07  4.80159541E+07  4.33303076E+07 
 3.83936847E+07  3.28919928E+07  2.69831569E+07  2.22079298E+07  1.88029454E+07 
 1.66248232E+07  1.40793296E+07  1.25984789E+07  1.14645470E+07  1.03244726E+07 
 9.08176174E+06  7.79275833E+06  6.43571702E+06  4.94712131E+06  3.06192854E+06 
 1.46515296E+06  3.26002905E+05  6.14450373E+04  1.47979788E+04  3.88246875E+03 
 2.84064912E+03  2.84844640E+03  3.12138781E+03  3.54335551E+03  3.93646413E+03 
 3.90005793E+03  3.39039124E+03  2.43342858E+03  1.01097535E+03  5.30303644E+01 
 4.10162002E+00  7.99616113E-02  1.43836258E-04  2.38929206E-08  7.92586836E-15 
 1.01568151E-19  1.00327014E-21  9.80693724E-22  3.97660104E-21  5.04925801E-20 
 2.96532170E-18  9.01239193E-16  5.46552898E-13  2.73290142E-10  2.49492412E-06 
 6.45067340E-02  4.17333101E-01  7.63674537E-01  9.24197158E-01  9.64882892E-01 
 9.86811156E-01  9.99394187E-01  1.00680851E+00  1.01208256E+00  1.02567752E+00 
 ) >            
FE2            9        80
 5.92643337E+03  5.87856638E+03  5.84408891E+03  5.80439988E+03  5.76682958E+03 
 5.72393289E+03  5.68375750E+03  5.65329928E+03  5.62603080E+03  5.58760965E+03 
 5.54393960E+03  5.49775242E+03  5.44872031E+03  5.37503436E+03  5.27537357E+03 
 5.22923793E+03  5.13042576E+03  5.00297010E+03  4.85985501E+03  4.69916758E+03 
 4.55036111E+03  4.20191883E+03  3.73722753E+03  3.04053398E+03  2.41657203E+03 
 1.86492601E+03  1.35437379E+03  9.26241209E+02  6.58383135E+02  5.06484621E+02 
 4.21763113E+02  3.36904456E+02  2.92610437E+02  2.60667471E+02  2.29739940E+02 
 1.98249588E+02  1.67143958E+02  1.38007653E+02  1.14275498E+02  1.00149054E+02 
 8.73507758E+01  3.65618659E+01  1.09716200E+01  3.73126382E+00  1.19469336E+00 
 8.00453457E-01  5.85698245E-01  4.60620301E-01  3.68681545E-01  2.79172069E-01 
 2.14661066E-01  1.55022407E-01  8.86125687E-02  4.01556424E-02  4.14111403E-03 
 6.11724541E-04  3.38520616E-05  3.35406671E-07  5.43210748E-10  3.42299721E-15 
 2.41087247E-19  5.75520126E-21  7.77855023E-21  6.74239196E-20  1.04293922E-18 
 8.27646183E-17  2.95714258E-14  1.75918719E-11  6.08766998E-09  2.55391464E-05 
 3.13593393E-01  8.45793769E-01  9.41805636E-01  1.02983515E+00  1.03198544E+00 
 9.96804252E-01  9.82128270E-01  9.85299568E-01  9.98691129E-01  1.01794723E+00 
 ) >            
FE2           10        80
 1.57890656E+03  1.57126936E+03  1.56580054E+03  1.55971343E+03  1.55370675E+03 
 1.54666318E+03  1.54013588E+03  1.53522571E+03  1.53085237E+03  1.52438622E+03 
 1.51688344E+03  1.50886375E+03  1.50031332E+03  1.48705597E+03  1.46865063E+03 
 1.46047506E+03  1.44225552E+03  1.41809291E+03  1.39006792E+03  1.35808830E+03 
 1.32812283E+03  1.25510277E+03  1.15206532E+03  9.87144700E+02  8.26686325E+02 
 6.72298252E+02  5.15385613E+02  3.71437717E+02  2.73625241E+02  2.14751950E+02 
 1.80140231E+02  1.43831508E+02  1.24057600E+02  1.08870780E+02  9.38125292E+01 
 7.76406277E+01  6.10597472E+01  4.43742788E+01  2.88110628E+01  1.48847364E+01 
 7.79927144E+00  2.58920893E+00  7.39143213E-01  2.53539900E-01  8.34044712E-02 
 5.67527113E-02  4.25555036E-02  3.44871823E-02  2.86732475E-02  2.28545649E-02 
 1.83518330E-02  1.38282494E-02  8.46229006E-03  4.02307160E-03  4.56501342E-04 
 7.41086884E-05  4.75632422E-06  6.06230314E-08  1.39813116E-10  1.84735785E-15 
 3.44507189E-19  1.49146161E-20  2.17022721E-20  1.81394162E-19  2.51763033E-18 
 1.50261753E-16  2.87599132E-14  7.60854764E-12  1.75966273E-09  6.96243842E-06 
 1.41828972E-01  6.83983249E-01  9.00470236E-01  1.01145229E+00  1.02795254E+00 
 9.96480057E-01  9.82070273E-01  9.85001531E-01  9.98427719E-01  1.01779008E+00 
 ) >            
FE2           11        80
 4.54442593E+03  4.52813767E+03  4.51636637E+03  4.50286931E+03  4.48990155E+03 
 4.47492295E+03  4.46086269E+03  4.45017877E+03  4.44059288E+03  4.42686520E+03 
 4.41109924E+03  4.39428575E+03  4.37631086E+03  4.34886361E+03  4.31106818E+03 
 4.29360334E+03  4.25544584E+03  4.20512167E+03  4.14708321E+03  4.08027661E+03 
 4.01687835E+03  3.86139737E+03  3.64530864E+03  3.28504130E+03  2.91287636E+03 
 2.52933912E+03  2.10725582E+03  1.66680146E+03  1.32121752E+03  1.08439366E+03 
 9.34343564E+02  7.69121296E+02  6.78467840E+02  6.12697611E+02  5.50355474E+02 
 4.89659110E+02  4.34605893E+02  3.90146233E+02  3.64042680E+02  3.68334997E+02 
 3.35203472E+02  1.36601505E+02  3.96524136E+01  1.30721310E+01  4.14115663E+00 
 2.82370174E+00  2.15768000E+00  1.76773529E+00  1.47408754E+00  1.16750299E+00 
 9.26030109E-01  6.85334602E-01  4.05024049E-01  1.81034301E-01  1.67446488E-02 
 2.23024117E-03  1.05270225E-04  8.22919667E-07  1.00772224E-09  4.37564707E-15 
 2.50467308E-19  5.70153362E-21  7.73484779E-21  6.52426231E-20  9.69975338E-19 
 6.43128232E-17  1.44021497E-14  5.28882386E-12  1.78223723E-09  1.14035400E-05 
 2.10968291E-01  7.31294923E-01  9.03961173E-01  1.00366742E+00  1.03045488E+00 
 9.99369560E-01  9.84756221E-01  9.86702127E-01  9.99069218E-01  1.01795289E+00 
 ) >            
FE2           12        80
 6.01906241E+06  6.00284669E+06  5.99116250E+06  5.97799981E+06  5.96507332E+06 
 5.94993002E+06  5.93579246E+06  5.92509291E+06  5.91551874E+06  5.90145616E+06 
 5.88512789E+06  5.86761516E+06  5.84884710E+06  5.81971005E+06  5.77901994E+06 
 5.76061096E+06  5.71954072E+06  5.66456230E+06  5.60004127E+06  5.52509234E+06 
 5.45348755E+06  5.27406016E+06  5.02591535E+06  4.60401173E+06  4.15646220E+06 
 3.68584404E+06  3.15944358E+06  2.59276606E+06  2.13168358E+06  1.80049293E+06 
 1.58328332E+06  1.32699436E+06  1.17659829E+06  1.05900120E+06  9.41106307E+05 
 8.12715974E+05  6.82504607E+05  5.52541520E+05  4.28531148E+05  3.17230944E+05 
 2.42425340E+05  9.79933830E+04  2.96575871E+04  1.02401229E+04  3.33843540E+03 
 2.23639568E+03  1.60007307E+03  1.20568604E+03  9.04366662E+02  6.19651179E+02 
 4.34135909E+02  2.85763235E+02  1.43620006E+02  5.82279924E+01  4.72449935E+00 
 6.08420991E-01  3.08072977E-02  3.15490716E-04  6.61345902E-07  9.93354667E-12 
 1.74209812E-15  4.48482868E-17  5.08475432E-17  2.08004732E-16  2.88175588E-15 
 1.14330922E-13  1.06204292E-11  1.52203646E-09  1.32704955E-07  2.21399959E-05 
 2.27032759E-01  7.45763003E-01  9.14494376E-01  1.01414294E+00  1.02660712E+00 
 9.96410165E-01  9.83055943E-01  9.86151340E-01  9.99074352E-01  1.01802251E+00 
 ) >            
FE2           13        80
 3.82972295E+02  3.81782523E+02  3.80925498E+02  3.79956538E+02  3.79011159E+02 
 3.77908779E+02  3.76879291E+02  3.76100046E+02  3.75402766E+02  3.74386163E+02 
 3.73210421E+02  3.71952838E+02  3.70607783E+02  3.68532290E+02  3.65652009E+02 
 3.64344470E+02  3.61449694E+02  3.57603185E+02  3.53129045E+02  3.47969462E+02 
 3.43072907E+02  3.30972285E+02  3.13821316E+02  2.84954285E+02  2.54825991E+02 
 2.23401929E+02  1.88360055E+02  1.51486587E+02  1.22282264E+02  1.02150530E+02 
 8.93327810E+01  7.52277688E+01  6.75886838E+01  6.20558500E+01  5.70208204E+01 
 5.22954373E+01  4.86304164E+01  4.67219621E+01  4.77179238E+01  5.48293563E+01 
 5.56045089E+01  2.49157720E+01  7.86814777E+00  2.79969738E+00  1.01203622E+00 
 7.63437963E-01  6.87518014E-01  6.56279019E-01  6.36269073E-01  5.94603844E-01 
 5.32215604E-01  4.40783097E-01  3.08776705E-01  1.59426146E-01  1.99111270E-02 
 3.37940021E-03  2.28386381E-04  3.32607506E-06  1.25059797E-08  1.11841197E-12 
 1.38201870E-15  1.09322115E-16  1.71209161E-16  1.23729768E-15  1.44379220E-14 
 4.89696437E-13  3.08693810E-11  1.90749280E-09  7.38530855E-08  6.85841748E-05 
 8.72193933E-01  1.89342414E+00  1.43855671E+00  1.13982022E+00  1.05729550E+00 
 1.02124745E+00  1.00969285E+00  1.00324095E+00  1.00199096E+00  1.01178270E+00 
 ) >            
FE2           14        80
 7.21405162E+01  7.19568422E+01  7.18251857E+01  7.16793088E+01  7.15339609E+01 
 7.13623303E+01  7.12032400E+01  7.10835189E+01  7.09768377E+01  7.08174339E+01 
 7.06313718E+01  7.04316095E+01  7.02178736E+01  6.98834655E+01  6.94146154E+01 
 6.92068610E+01  6.87385902E+01  6.81100495E+01  6.73703229E+01  6.65147621E+01 
 6.57024314E+01  6.36715614E+01  6.07322776E+01  5.57079267E+01  5.03634038E+01 
 4.46600260E+01  3.80806105E+01  3.09090913E+01  2.49966223E+01  2.07829112E+01 
 1.79965353E+01  1.48231123E+01  1.30360548E+01  1.16653674E+01  1.03599584E+01 
 9.03038964E+00  7.82061040E+00  6.80182549E+00  6.11760573E+00  6.08037572E+00 
 5.78651383E+00  2.58871044E+00  8.29007071E-01  3.00523675E-01  1.12297531E-01 
 8.71604413E-02  8.30586942E-02  8.44934051E-02  8.78520759E-02  8.87296822E-02 
 8.36657779E-02  7.20981577E-02  5.29528104E-02  2.79313765E-02  3.54913980E-03 
 6.07148552E-04  4.11084753E-05  5.88576717E-07  2.06838194E-09  1.67712843E-13 
 1.95279658E-16  1.44139525E-17  2.24979932E-17  1.63579783E-16  1.90880212E-15 
 5.15026261E-14  1.14599367E-12  3.60239521E-11  3.88892959E-09  1.06744272E-05 
 1.97708528E-01  8.18192852E-01  1.01344839E+00  1.01665664E+00  1.02571253E+00 
 1.01567646E+00  1.00937803E+00  1.00342528E+00  1.00188652E+00  1.01151831E+00 
 ) >            
FE2           15        80
 1.00713752E+02  1.00462391E+02  1.00282063E+02  1.00081747E+02  9.98825762E+01 
 9.96476489E+01  9.94296377E+01  9.92654266E+01  9.91190015E+01  9.89007553E+01 
 9.86461852E+01  9.83728847E+01  9.80803665E+01  9.76231529E+01  9.69823636E+01 
 9.66975077E+01  9.60563105E+01  9.51957641E+01  9.41830719E+01  9.30106170E+01 
 9.18959639E+01  8.91065592E+01  8.51009209E+01  7.82522272E+01  7.09610758E+01 
 6.31866771E+01  5.42329637E+01  4.44513663E+01  3.63693825E+01  3.05907283E+01 
 2.67655169E+01  2.23900135E+01  1.99203089E+01  1.80110114E+01  1.61887725E+01 
 1.43008091E+01  1.25626493E+01  1.10572954E+01  9.97796124E+00  9.77939296E+00 
 9.15662441E+00  4.08312341E+00  1.31449038E+00  4.81359134E-01  1.79506181E-01 
 1.37121711E-01  1.27084556E-01  1.27216071E-01  1.31685020E-01  1.34305755E-01 
 1.28813283E-01  1.13484231E-01  8.70090081E-02  4.69379136E-02  6.04388971E-03 
 1.04360526E-03  7.22473802E-05  1.13209158E-06  5.12594078E-09  6.51891661E-13 
 9.88811988E-16  8.13515971E-17  1.32868081E-16  8.97032826E-16  7.86924483E-15 
 1.97952806E-13  8.96617481E-12  3.69711099E-10  2.00053409E-08  8.76542481E-05 
 7.06328995E-01  1.28269788E+00  1.24625363E+00  1.05286185E+00  1.01117815E+00 
 1.00768136E+00  1.00566628E+00  1.00154582E+00  9.99858693E-01  1.00924454E+00 
 ) >            
FE2           16        80
 8.39541226E+01  8.36921070E+01  8.35039555E+01  8.32935491E+01  8.30860968E+01 
 8.28427275E+01  8.26164601E+01  8.24457863E+01  8.22934472E+01  8.20686034E+01 
 8.18074778E+01  8.15278286E+01  8.12289019E+01  8.07648012E+01  8.01183381E+01 
 7.98288739E+01  7.91829561E+01  7.83220801E+01  7.73174684E+01  7.61609139E+01 
 7.50666521E+01  7.23618383E+01  6.84061861E+01  6.17116436E+01  5.47203455E+01 
 4.73861657E+01  3.90877707E+01  3.03208720E+01  2.33404799E+01  1.85338593E+01 
 1.54063249E+01  1.19482165E+01  1.00423596E+01  8.60805168E+00  7.25372568E+00 
 5.90529237E+00  4.67910312E+00  3.64249759E+00  2.90762710E+00  2.65097159E+00 
 2.62908210E+00  1.31602775E+00  4.70265732E-01  1.88074812E-01  7.50129710E-02 
 5.71150838E-02  5.09972431E-02  4.94023126E-02  4.97316132E-02  4.95767615E-02 
 4.70870126E-02  4.13831550E-02  3.17841948E-02  1.77094274E-02  2.60764349E-03 
 5.18935734E-04  4.69559050E-05  1.26156585E-06  1.16207058E-08  3.03528950E-12 
 7.07058690E-15  6.72673187E-16  1.11079499E-15  7.75102072E-15  6.20254446E-14 
 5.32041707E-13  2.73937613E-12  8.74278119E-11  6.03531531E-09  1.12574030E-05 
 1.37808631E-01  5.82512688E-01  8.30067397E-01  9.54240735E-01  9.96847271E-01 
 1.00026407E+00  1.00134524E+00  9.97993660E-01  9.93947982E-01  1.00108466E+00 
 ) >            
FE2           17        80
 1.99066783E+01  1.98561823E+01  1.98200300E+01  1.97801763E+01  1.97402492E+01 
 1.96929532E+01  1.96491910E+01  1.96163033E+01  1.95870255E+01  1.95430184E+01 
 1.94915419E+01  1.94362294E+01  1.93770457E+01  1.92841716E+01  1.91537004E+01 
 1.90961943E+01  1.89660992E+01  1.87911679E+01  1.85849083E+01  1.83463527E+01 
 1.81199579E+01  1.75533550E+01  1.67215944E+01  1.52949164E+01  1.37725042E+01 
 1.21422507E+01  1.02570842E+01  8.20693293E+00  6.51804605E+00  5.31358411E+00 
 4.50972534E+00  3.58805704E+00  3.06126182E+00  2.65396299E+00  2.25793124E+00 
 1.84984674E+00  1.46270511E+00  1.11600947E+00  8.46022365E-01  7.14004155E-01 
 7.08217243E-01  3.75902014E-01  1.43271885E-01  6.07908569E-02  2.61289529E-02 
 2.06935751E-02  1.94929382E-02  1.98632635E-02  2.10538050E-02  2.22966538E-02 
 2.22311658E-02  2.05222259E-02  1.70877527E-02  1.01602966E-02  1.68747126E-03 
 3.68437124E-04  3.79125358E-05  1.23944298E-06  1.54147080E-08  8.25308344E-12 
 3.84094225E-14  4.62009696E-15  7.83603541E-15  4.59446766E-14  2.27057480E-13 
 1.74297376E-12  1.53366473E-11  6.69202221E-10  5.13578423E-08  9.39441258E-05 
 9.66463455E-01  2.52091637E+00  1.88987541E+00  1.05767869E+00  9.93957841E-01 
 9.99132752E-01  1.00211264E+00  1.00239552E+00  1.00056462E+00  1.00716244E+00 
 ) >            
FE2           18        80
 1.02597298E+01  1.02263956E+01  1.02024273E+01  1.01754046E+01  1.01490364E+01 
 1.01183027E+01  1.00896605E+01  1.00680187E+01  1.00486808E+01  1.00204574E+01 
 9.98783282E+00  9.95297633E+00  9.91575277E+00  9.85834442E+00  9.77880052E+00 
 9.74287728E+00  9.66336111E+00  9.55794005E+00  9.43562654E+00  9.29516287E+00 
 9.16247674E+00  8.83638600E+00  8.36246498E+00  7.56495434E+00  6.73478424E+00 
 5.86488877E+00  4.87960714E+00  3.83757431E+00  3.00372995E+00  2.42359038E+00 
 2.04419808E+00  1.61964436E+00  1.38138448E+00  1.20383815E+00  1.03366658E+00 
 8.68307345E-01  7.23056826E-01  6.23753303E-01  6.30157614E-01  1.03940087E+00 
 2.12822345E+00  2.09687663E+00  1.22416788E+00  7.11663587E-01  3.88876648E-01 
 3.10910286E-01  2.63481866E-01  2.37208185E-01  2.18757259E-01  1.98085582E-01 
 1.79372510E-01  1.57059067E-01  1.25603066E-01  8.97617479E-02  3.17857779E-02 
 1.35856980E-02  3.77446300E-03  5.17957355E-04  3.36920913E-05  2.59771111E-07 
 1.14577182E-08  3.10620329E-09  5.84658729E-09  3.53904017E-08  2.83501840E-07 
 3.39078286E-06  5.00246463E-05  1.01366252E-03  1.64232221E-02  8.04054613E-02 
 2.15363817E+00  1.72165635E+00  1.26543816E+00  1.21455925E+00  1.15064712E+00 
 1.11622991E+00  1.09224417E+00  1.07591676E+00  1.05775273E+00  1.03778512E+00 
 ) >            
FE2           19        80
 8.00234747E+01  7.97589237E+01  7.95672318E+01  7.93454629E+01  7.91341667E+01 
 7.88913389E+01  7.86625236E+01  7.84881356E+01  7.83313310E+01  7.81091266E+01 
 7.78548996E+01  7.75841199E+01  7.72945206E+01  7.68549859E+01  7.62522687E+01 
 7.59701137E+01  7.53585803E+01  7.45551634E+01  7.36329026E+01  7.25710460E+01 
 7.15616590E+01  6.90945309E+01  6.56703471E+01  5.99497974E+01  5.40203299E+01 
 4.78907382E+01  4.11383688E+01  3.41060236E+01  2.86626127E+01  2.50495445E+01 
 2.28853816E+01  2.07871672E+01  1.99044959E+01  1.95390782E+01  1.95714982E+01 
 2.03502362E+01  2.26236316E+01  2.83422901E+01  4.37523957E+01  1.09670533E+02 
 2.70683214E+02  2.80503287E+02  1.64586927E+02  9.46049778E+01  4.96777997E+01 
 3.79018824E+01  2.87856717E+01  2.25254736E+01  1.73699584E+01  1.22675319E+01 
 8.89432336E+00  6.22128492E+00  3.46822731E+00  2.00592702E+00  5.60213910E-01 
 2.04365719E-01  4.76432726E-02  5.02669589E-03  2.40049382E-04  1.12171100E-06 
 3.29304578E-08  7.53399411E-09  1.37867565E-08  8.20953493E-08  6.19647797E-07 
 6.37239855E-06  5.28666428E-05  5.64674175E-04  9.09655567E-03  4.88788803E-02 
 3.38775228E-01  7.09781586E-01  9.46588131E-01  1.07150671E+00  1.08849311E+00 
 1.08690402E+00  1.07957722E+00  1.06952566E+00  1.05192785E+00  1.03213367E+00 
 ) >            
[ KURUCZ - b data end ] > 
[ COOLING RATES data start ] > 
> SUN        MODEL SFY    19 L FE-II   ITER 48-57      9-Dec-12                 
N (  80 )  KOOLSUM (   0 ) > 
NE                ( > 
 3.06687321E+07  3.08510492E+07  3.09857706E+07  3.11504854E+07  3.13005883E+07 
 3.14685145E+07  3.16311149E+07  3.17576863E+07  3.18732754E+07  3.20275307E+07 
 3.22004822E+07  3.23839873E+07  3.25816437E+07  3.28715002E+07  3.32608070E+07 
 3.34609472E+07  3.38756874E+07  3.44126175E+07  3.50175633E+07  3.57271312E+07 
 3.64223579E+07  3.81356616E+07  4.07442657E+07  4.57239643E+07  5.19333994E+07 
 5.99289718E+07  7.14689060E+07  8.84711079E+07  1.08388499E+08  1.28674337E+08 
 1.47105926E+08  1.76293541E+08  1.99587282E+08  2.21917153E+08  2.50393796E+08 
 2.89429765E+08  3.44911170E+08  4.25085957E+08  5.43042788E+08  7.59134118E+08 
 9.97772510E+08  1.22398296E+09  1.42559606E+09  1.61235804E+09  1.97035939E+09 
 2.30349963E+09  2.94137731E+09  3.64517222E+09  4.45718027E+09  5.54014833E+09 
 6.49355940E+09  7.51614661E+09  9.45182373E+09  1.07846844E+10  1.25054674E+10 
 1.37482563E+10  1.55249769E+10  1.81561337E+10  2.10005500E+10  2.59885664E+10 
 3.93512195E+10  7.06263056E+10  9.83836759E+10  2.55991639E+11  2.82324210E+11 
 2.49886073E+11  1.55142469E+11  7.39070508E+10  3.03202545E+10  3.93469331E+10 
 2.30629432E+11  1.06568810E+12  3.33218631E+12  6.62703496E+12  1.75155514E+13 
 3.37392082E+13  5.92877201E+13  1.01685955E+14  2.19474440E+14  5.43022463E+14 
 ) >            
NH                ( > 
 2.94213195E+07  2.95942177E+07  2.97223895E+07  2.98793051E+07  3.00219707E+07 
 3.01821459E+07  3.03370772E+07  3.04576673E+07  3.05674510E+07  3.07144156E+07 
 3.08794631E+07  3.10544298E+07  3.12430235E+07  3.15203739E+07  3.18928103E+07 
 3.20833660E+07  3.24803449E+07  3.29948040E+07  3.35744770E+07  3.42547131E+07 
 3.49211558E+07  3.65651140E+07  3.90689793E+07  4.38498607E+07  4.98116203E+07 
 5.74890262E+07  6.85704959E+07  8.48981114E+07  1.04026628E+08  1.23511853E+08 
 1.41217479E+08  1.69257117E+08  1.91637390E+08  2.13094310E+08  2.40464310E+08 
 2.78006253E+08  3.31475201E+08  4.09475616E+08  5.30176467E+08  7.64049966E+08 
 1.04531598E+09  1.33464892E+09  1.58361923E+09  1.81123682E+09  2.21764885E+09 
 2.58670622E+09  3.30684082E+09  4.12623795E+09  5.10184243E+09  6.44745942E+09 
 7.68253921E+09  9.07109803E+09  1.18691318E+10  1.40978319E+10  1.76596368E+10 
 2.10520088E+10  2.67984157E+10  3.80536834E+10  5.61645110E+10  1.22238525E+11 
 3.90514332E+11  2.07683450E+12  1.65376805E+13  1.50916670E+14  1.31450237E+15 
 4.96810450E+15  1.38183540E+16  3.60054261E+16  7.37607088E+16  1.60259800E+17 
 3.64714654E+17  5.85002617E+17  6.80048694E+17  7.36925601E+17  8.37952521E+17 
 8.76436439E+17  9.21796551E+17  9.83619441E+17  1.04532453E+18  1.07310267E+18 
 ) >            
TE                ( > 
 4.86928125E+05  4.85128656E+05  4.83843344E+05  4.82429469E+05  4.81015625E+05 
 4.79344688E+05  4.77802312E+05  4.76645500E+05  4.75617250E+05  4.74074844E+05 
 4.72275375E+05  4.70347406E+05  4.68290875E+05  4.65077562E+05  4.60591625E+05 
 4.58623406E+05  4.54194906E+05  4.48290250E+05  4.41401469E+05  4.33528625E+05 
 4.26147781E+05  4.08060531E+05  3.82492062E+05  3.41184906E+05  3.00544031E+05 
 2.60569375E+05  2.18595969E+05  1.77010750E+05  1.45104938E+05  1.22931562E+05 
 1.08421695E+05  9.14599844E+04  8.14006875E+04  7.36478359E+04  6.57037500E+04 
 5.72830273E+04  4.85445430E+04  3.98060586E+04  3.13853320E+04  2.26468438E+04 
 1.72448691E+04  1.40639004E+04  1.23295996E+04  1.12290000E+04  1.03604102E+04 
 1.01526504E+04  1.00697695E+04  1.00164199E+04  9.96616992E+03  9.88329980E+03 
 9.77437988E+03  9.60808008E+03  9.29845801E+03  8.80000000E+03  7.60000000E+03 
 6.80000000E+03  5.86200000E+03  4.80000000E+03  3.83500000E+03  2.77700000E+03 
 2.22600000E+03  2.06946729E+03  2.05000000E+03  2.08000000E+03  2.13000000E+03 
 2.22112378E+03  2.35678198E+03  2.50479053E+03  2.63708472E+03  2.81541846E+03 
 3.08530249E+03  3.42425195E+03  3.76701587E+03  4.04000000E+03  4.49000000E+03 
 4.89000000E+03  5.36000000E+03  5.87000000E+03  6.42000000E+03  7.00000000E+03 
 ) >            
SUM               ( > 
 5.45964472E-13  5.53305389E-13  5.58744046E-13  5.65373451E-13  5.71512030E-13 
 5.78480696E-13  5.85304764E-13  5.90575513E-13  5.95352864E-13  6.01900122E-13 
 6.09329639E-13  6.17294565E-13  6.25942505E-13  6.38876377E-13  6.56604716E-13 
 6.65641155E-13  6.84841301E-13  7.10323006E-13  7.39895347E-13  7.75450490E-13 
 8.11104221E-13  9.03450181E-13  1.05521815E-12  1.38166028E-12  1.85738413E-12 
 2.58824106E-12  3.89731865E-12  6.45850964E-12  1.06684554E-11  1.67817508E-11 
 2.43872966E-11  4.21261460E-11  6.31995243E-11  9.09543298E-11  1.41328688E-10 
 2.47455066E-10  5.16071133E-10  1.35719704E-09  5.01081869E-09  4.32226925E-08 
 2.58448737E-07  3.95612131E-07  3.75986147E-07  3.69633880E-07  3.40060447E-07 
 3.43514564E-07  4.92514070E-07  6.20333347E-07  7.42485540E-07  9.22395693E-07 
 1.14010020E-06  1.32996219E-06  1.76025926E-06  1.81703455E-06  1.56476162E-06 
 1.27714000E-06  8.33061096E-07  4.29936917E-07  1.01918580E-07  8.83802856E-09 
 1.09231715E-08  4.58676603E-11  4.62264107E-11  2.77927821E-10  5.32937456E-09 
 1.03368325E-07  6.74064349E-07  4.13537976E-06 -1.74082256E-06 -9.55685243E-05 
-7.27652718E-03 -6.89637214E-02 -2.46134741E-01 -5.88036458E-01 -5.38366949E+00 
-2.78838652E+01 -1.14926773E+02 -3.44734716E+02 -7.26991242E+02  4.84168162E+02 
 ) >            
SUMSM             ( > 
 5.45964472E-13  5.53305389E-13  5.59339420E-13  5.65373451E-13  5.71512030E-13 
 5.78480696E-13  5.85304764E-13  5.90575513E-13  5.95352864E-13  6.01900122E-13 
 6.09329639E-13  6.17294565E-13  6.25942505E-13  6.41273611E-13  6.56604716E-13 
 6.70723008E-13  6.84841301E-13  7.10323006E-13  7.39895347E-13  7.75450490E-13 
 8.11104221E-13  9.03450181E-13  1.05521815E-12  1.38166028E-12  1.85738413E-12 
 2.58824106E-12  3.89731865E-12  6.45850964E-12  1.06684554E-11  1.67817508E-11 
 2.43872966E-11  4.21261460E-11  6.31995243E-11  9.09543298E-11  1.41328688E-10 
 2.47455066E-10  5.16071133E-10  1.35719704E-09  5.01081869E-09  1.31729778E-07 
 2.58448737E-07  3.82338414E-07  3.75986147E-07  3.69633880E-07  3.63281613E-07 
 3.64694793E-07  4.92514070E-07  6.20333347E-07  7.48152623E-07  9.41292871E-07 
 1.14010020E-06  1.33890753E-06  1.57349837E-06  1.80808920E-06  1.56476162E-06 
 1.23618527E-06  8.33061096E-07  4.29936917E-07  1.01918580E-07  1.63616440E-08 
 1.09231715E-08  5.48469894E-09  4.62264107E-11  2.77927821E-10  5.32937456E-09 
 1.03368325E-07  6.74064349E-07  1.24476037E-06 -1.74082256E-06 -9.55685243E-05 
-7.27652718E-03 -6.89637214E-02 -2.46134741E-01 -5.88036458E-01 -5.38366949E+00 
-2.78838652E+01 -1.14926773E+02 -4.20959007E+02 -7.26991242E+02  4.84168162E+02 
 ) >            
[ COOLING RATES data end ] > 
