> from Overall Iteration  1 of  1                                Pandora 78.018
> Run Data:    34    2    1  1  0  MG   2   2014-Mar-24 15:45:21    56740.65649
> DEMO-4                  2 L MG-II    ITER 01      02 OCT 02   ]               
> -------.---------.---------.---------.---------.---------.---------.---------.
  34  47
 -2.38500000E+03 -2.36500000E+03 -2.29500000E+03 -2.22500000E+03 -2.22200000E+03
 -2.21800000E+03 -2.21500000E+03 -2.20200000E+03 -2.18800000E+03 -2.15500000E+03
 -2.09000000E+03 -2.01500000E+03 -1.95000000E+03 -1.86500000E+03 -1.73000000E+03
 -1.61000000E+03 -1.48000000E+03 -1.20000000E+03 -9.50000000E+02 -7.50000000E+02
 -6.50000000E+02 -5.50000000E+02 -5.25000000E+02 -4.50000000E+02 -3.50000000E+02
 -1.50000000E+02 -1.00000000E+02 -5.00000000E+01 -2.00000000E+01  0.00000000E+00
  1.50000000E+01  3.00000000E+01  5.00000000E+01  8.00000000E+01 -2.70202947E+00
 -8.10608842E-01 -4.32324716E-01 -3.24243537E-01 -2.43182652E-01 -2.10758299E-01
 -1.83738004E-01 -1.51313650E-01 -1.29697415E-01 -1.13485238E-01 -9.72730610E-02
 -8.10608842E-02 -7.02527663E-02 -5.94446484E-02 -4.86365305E-02 -4.32324716E-02
 -3.78284126E-02 -3.24243537E-02 -2.70202947E-02 -2.16162358E-02 -1.62121768E-02
 -1.08081179E-02 -5.40405894E-03  0.00000000E+00  5.40405894E-03  1.08081179E-02
  1.62121768E-02  2.16162358E-02  2.70202947E-02  3.24243537E-02  3.78284126E-02
  4.32324716E-02  4.86365305E-02  5.94446484E-02  7.02527663E-02  8.10608842E-02
  9.72730610E-02  1.13485238E-01  1.29697415E-01  1.51313650E-01  1.83738004E-01
  2.10758299E-01  2.43182652E-01  3.24243537E-01  4.32324716E-01  8.10608842E-01
  2.70202947E+00
   2   1
  6.93616061E-08  6.93616823E-08  6.93618981E-08  6.93620615E-08  6.93620651E-08
  6.93620745E-08  6.93620958E-08  6.93623471E-08  6.93626649E-08  6.93634576E-08
  6.93651373E-08  6.93674043E-08  6.93697946E-08  6.93738487E-08  6.93842465E-08
  6.94008949E-08  6.94361251E-08  6.97325074E-08  7.05127936E-08  7.20732248E-08
  7.43343806E-08  8.05625680E-08  8.35190141E-08  9.95898715E-08  1.60765199E-07
  7.54516860E-07  1.25404384E-06  2.36248354E-06  3.94771815E-06  5.86519669E-06
  9.51968140E-06  1.87244399E-05  4.43137556E-05  1.31548467E-04  7.61906346E-08
  7.61907035E-08  7.61908829E-08  7.61909923E-08  7.61909908E-08  7.61909912E-08
  7.61910661E-08  7.61923230E-08  7.61939574E-08  7.61984645E-08  7.62099067E-08
  7.62283087E-08  7.62489023E-08  7.62839289E-08  7.63759590E-08  7.65317341E-08
  7.68745680E-08  7.98678116E-08  8.69745092E-08  9.68424139E-08  1.05323057E-07
  1.11301079E-07  1.10610406E-07  1.08178284E-07  1.96397996E-07  7.54983199E-07
  1.25385575E-06  2.36194600E-06  3.94713181E-06  5.86191241E-06  9.51329702E-06
  1.87263659E-05  4.43505489E-05  1.31815706E-04  1.81901169E-07  1.81901296E-07
  1.81901715E-07  1.81902116E-07  1.81902142E-07  1.81902369E-07  1.81903603E-07
  1.81914687E-07  1.81927313E-07  1.81961821E-07  1.82050126E-07  1.82180304E-07
  1.82321170E-07  1.82555670E-07  1.83126221E-07  1.84047338E-07  1.86028364E-07
  2.00963136E-07  2.40384692E-07  3.01788299E-07  3.06167153E-07  1.66644674E-07
  1.23535476E-07  8.84203277E-08  1.96512471E-07  7.54986905E-07  1.25385484E-06
  2.36194266E-06  3.94712849E-06  5.86188658E-06  9.51324465E-06  1.87264373E-05
  4.43521482E-05  1.31839853E-04  2.83246324E-07  2.83246823E-07  2.83248336E-07
  2.83249758E-07  2.83249909E-07  2.83251686E-07  2.83260399E-07  2.83326396E-07
  2.83396494E-07  2.83565066E-07  2.83911722E-07  2.84349421E-07  2.84792064E-07
  2.85508657E-07  2.87144713E-07  2.89539275E-07  2.94239301E-07  3.26312131E-07
  4.11531625E-07  5.18236092E-07  4.35384656E-07  1.46518689E-07  8.72434077E-08
  8.78463478E-08  1.96521621E-07  7.54987171E-07  1.25385479E-06  2.36194243E-06
  3.94712817E-06  5.86188448E-06  9.51324022E-06  1.87264438E-05  4.43523743E-05
  1.31843989E-04  5.73942939E-07  5.73955546E-07  5.73995768E-07  5.74035842E-07
  5.74042299E-07  5.74139473E-07  5.74610248E-07  5.78213776E-07  5.82089072E-07
  5.91368973E-07  6.07789364E-07  6.22330928E-07  6.30427644E-07  6.37089936E-07
  6.44876282E-07  6.53005876E-07  6.67886320E-07  7.55462930E-07  9.62233782E-07
  9.62272621E-07  5.05441998E-07  9.57445095E-08  7.83658082E-08  8.77701013E-08
  1.96524487E-07  7.54987266E-07  1.25385476E-06  2.36194233E-06  3.94712798E-06
  5.86188353E-06  9.51323814E-06  1.87264459E-05  4.43524903E-05  1.31846283E-04
  6.62253465E-07  6.62285595E-07  6.62393767E-07  6.62508109E-07  6.62528070E-07
  6.62843024E-07  6.64417064E-07  6.76828357E-07  6.90600488E-07  7.25012843E-07
  7.95340933E-07  8.69784173E-07  9.19676802E-07  9.65761812E-07  1.00683915E-06
  1.02525835E-06  1.04608430E-06  1.16106732E-06  1.40595436E-06  1.15448547E-06
  4.62664643E-07  8.99979270E-08  7.74489727E-08  8.77592879E-08  1.96525005E-07
  7.54987287E-07  1.25385476E-06  2.36194230E-06  3.94712792E-06  5.86188326E-06
  9.51323752E-06  1.87264462E-05  4.43525250E-05  1.31847009E-04  5.49107303E-07
  5.49157696E-07  5.49331370E-07  5.49521136E-07  5.49555909E-07  5.50121891E-07
  5.52989629E-07  5.75844701E-07  6.01771877E-07  6.69913283E-07  8.24635928E-07
  1.01426488E-06  1.16721358E-06  1.34118621E-06  1.54130638E-06  1.62768232E-06
  1.67009064E-06  1.78140710E-06  1.95267300E-06  1.23068481E-06  3.17501693E-07
  8.65853136E-08  7.71137042E-08  8.77530653E-08  1.96525296E-07  7.54987300E-07
  1.25385475E-06  2.36194228E-06  3.94712787E-06  5.86188306E-06  9.51323708E-06
  1.87264464E-05  4.43525494E-05  1.31847532E-04  2.43273738E-07  2.43334131E-07
  2.43539047E-07  2.43764106E-07  2.43806517E-07  2.44515949E-07  2.48064005E-07
  2.75749331E-07  3.07595740E-07  3.95343676E-07  6.10037019E-07  8.92886616E-07
  1.15153417E-06  1.50597583E-06  2.08320365E-06  2.51479267E-06  2.76564686E-06
  2.90494770E-06  2.66154111E-06  9.62223591E-07  2.67402814E-07  8.47212085E-08
  7.69800549E-08  8.77482336E-08  1.96525510E-07  7.54987310E-07  1.25385474E-06
  2.36194226E-06  3.94712781E-06  5.86188287E-06  9.51323662E-06  1.87264463E-05
  4.43525734E-05  1.31848062E-04  1.50020926E-07  1.50093284E-07  1.50335337E-07
  1.50600042E-07  1.50650385E-07  1.51502213E-07  1.55676598E-07  1.87237894E-07
  2.23049078E-07  3.21172000E-07  5.54671581E-07  8.45541412E-07  1.10619385E-06
  1.46624102E-06  2.08431654E-06  2.67166392E-06  3.25437735E-06  3.65193091E-06
  2.76629581E-06  8.66865614E-07  2.57725268E-07  8.42024359E-08  7.69503883E-08
  8.77465672E-08  1.96525581E-07  7.54987314E-07  1.25385474E-06  2.36194224E-06
  3.94712778E-06  5.86188276E-06  9.51323637E-06  1.87264463E-05  4.43525864E-05
  1.31848357E-04  1.20650713E-07  1.20738112E-07  1.21029364E-07  1.21347919E-07
  1.21409013E-07  1.22447504E-07  1.27456091E-07  1.64243348E-07  2.04899197E-07
  3.12694540E-07  5.55579924E-07  8.44997397E-07  1.10299826E-06  1.46311878E-06
  2.07902358E-06  2.66710942E-06  3.33316920E-06  4.15190033E-06  2.81679881E-06
  8.19112467E-07  2.54228379E-07  8.39617155E-08  7.69376152E-08  8.77457556E-08
  1.96525612E-07  7.54987317E-07  1.25385474E-06  2.36194224E-06  3.94712776E-06
  5.86188269E-06  9.51323620E-06  1.87264462E-05  4.43525946E-05  1.31848547E-04
  1.06634066E-07  1.06742126E-07  1.07102508E-07  1.07497912E-07  1.07574542E-07
  1.08878471E-07  1.15065983E-07  1.58953773E-07  2.05435661E-07  3.21661970E-07
  5.64554156E-07  8.46789975E-07  1.10388563E-06  1.46299180E-06  2.08004827E-06
  2.66805186E-06  3.33320107E-06  4.35038968E-06  2.77459801E-06  7.87105343E-07
  2.52227783E-07  8.38042876E-08  7.69294906E-08  8.77452159E-08  1.96525629E-07
  7.54987318E-07  1.25385474E-06  2.36194223E-06  3.94712774E-06  5.86188263E-06
  9.51323605E-06  1.87264461E-05  4.43526016E-05  1.31848713E-04  1.01170719E-07
  1.01304859E-07  1.01753882E-07  1.02249130E-07  1.02346251E-07  1.03996362E-07
  1.11704890E-07  1.64260377E-07  2.16883545E-07  3.38741902E-07  5.73418849E-07
  8.49888960E-07  1.10241859E-06  1.46274319E-06  2.08090930E-06  2.66914835E-06
  3.33452210E-06  4.37206411E-06  2.75500195E-06  7.65578671E-07  2.51133581E-07
  8.37106651E-08  7.69247170E-08  8.77448900E-08  1.96525636E-07  7.54987319E-07
  1.25385473E-06  2.36194222E-06  3.94712772E-06  5.86188257E-06  9.51323592E-06
  1.87264460E-05  4.43526075E-05  1.31848855E-04  1.00083745E-07  1.00237180E-07
  1.00752333E-07  1.01322667E-07  1.01435373E-07  1.03347158E-07  1.12192627E-07
  1.70918110E-07  2.27391124E-07  3.51198064E-07  5.77917090E-07  8.49699665E-07
  1.10142639E-06  1.46253573E-06  2.08124889E-06  2.66956725E-06  3.33502637E-06
  4.37329449E-06  2.75358215E-06  7.58436312E-07  2.50728292E-07  8.36757411E-08
  7.69229395E-08  8.77447656E-08  1.96525637E-07  7.54987320E-07  1.25385473E-06
  2.36194222E-06  3.94712771E-06  5.86188254E-06  9.51323584E-06  1.87264459E-05
  4.43526110E-05  1.31848939E-04  1.00181966E-07  1.00355234E-07  1.00938713E-07
  1.01587041E-07  1.01716064E-07  1.03900768E-07  1.13921735E-07  1.78792344E-07
  2.38728488E-07  3.63207990E-07  5.81280327E-07  8.49319842E-07  1.10051569E-06
  1.46232928E-06  2.08147382E-06  2.66983276E-06  3.33531065E-06  4.37355821E-06
  2.75344047E-06  7.55839888E-07  2.50448218E-07  8.36522439E-08  7.69217738E-08
  8.77446824E-08  1.96525636E-07  7.54987320E-07  1.25385473E-06  2.36194221E-06
  3.94712770E-06  5.86188251E-06  9.51323576E-06  1.87264458E-05  4.43526144E-05
  1.31849009E-04  1.00892663E-07  1.01085118E-07  1.01734953E-07  1.02459334E-07
  1.02604376E-07  1.05056175E-07  1.16217700E-07  1.86843317E-07  2.49717211E-07
  3.73908680E-07  5.85926609E-07  8.48884442E-07  1.09974205E-06  1.46214546E-06
  2.08162359E-06  2.67000395E-06  3.33547610E-06  4.37364534E-06  2.75343386E-06
  7.55536601E-07  2.50376514E-07  8.36415119E-08  7.69211604E-08  8.77446368E-08
  1.96525633E-07  7.54987320E-07  1.25385473E-06  2.36194221E-06  3.94712769E-06
  5.86188248E-06  9.51323569E-06  1.87264457E-05  4.43526167E-05  1.31849059E-04
  1.01315429E-07  1.01516787E-07  1.02197455E-07  1.02957248E-07  1.03109778E-07
  1.05686212E-07  1.17376282E-07  1.90600456E-07  2.54711140E-07  3.78537782E-07
  5.86618200E-07  8.48679661E-07  1.09941711E-06  1.46206693E-06  2.08167827E-06
  2.67006493E-06  3.33553146E-06  4.37366641E-06  2.75343411E-06  7.55529625E-07
  2.50374100E-07  8.36409235E-08  7.69211214E-08  8.77446333E-08  1.96525632E-07
  7.54987320E-07  1.25385473E-06  2.36194221E-06  3.94712769E-06  5.86188247E-06
  9.51323567E-06  1.87264457E-05  4.43526172E-05  1.31849074E-04  1.01748157E-07
  1.01957771E-07  1.02667067E-07  1.03459777E-07  1.03619284E-07  1.06311716E-07
  1.18491718E-07  1.94087866E-07  2.59279670E-07  3.82655288E-07  5.87172024E-07
  8.48490158E-07  1.09913211E-06  1.46199753E-06  2.08172269E-06  2.67011390E-06
  3.33557450E-06  4.37368047E-06  2.75343424E-06  7.55534293E-07  2.50373956E-07
  8.36408374E-08  7.69211157E-08  8.77446327E-08  1.96525632E-07  7.54987320E-07
  1.25385473E-06  2.36194221E-06  3.94712769E-06  5.86188247E-06  9.51323566E-06
  1.87264457E-05  4.43526176E-05  1.31849084E-04  1.02159430E-07  1.02376505E-07
  1.03111688E-07  1.03934189E-07  1.04100024E-07  1.06897548E-07  1.19519704E-07
  1.97225922E-07  2.63341596E-07  3.86228341E-07  5.87609712E-07  8.48320964E-07
  1.09888778E-06  1.46193772E-06  2.08175842E-06  2.67015291E-06  3.33560786E-06
  4.37369004E-06  2.75343434E-06  7.55534095E-07  2.50373900E-07  8.36408419E-08
  7.69211157E-08  8.77446326E-08  1.96525632E-07  7.54987321E-07  1.25385473E-06
  2.36194221E-06  3.94712769E-06  5.86188247E-06  9.51323565E-06  1.87264457E-05
  4.43526177E-05  1.31849091E-04  1.02524832E-07  1.02748436E-07  1.03506277E-07
  1.04354871E-07  1.04526256E-07  1.07415896E-07  1.20424162E-07  1.99948534E-07
  2.66831683E-07  3.89235469E-07  5.87949296E-07  8.48175710E-07  1.09868437E-06
  1.46188777E-06  2.08178667E-06  2.67018349E-06  3.33563346E-06  4.37369665E-06
  2.75343441E-06  7.55534016E-07  2.50373880E-07  8.36408400E-08  7.69211156E-08
  8.77446326E-08  1.96525632E-07  7.54987321E-07  1.25385473E-06  2.36194221E-06
  3.94712769E-06  5.86188247E-06  9.51323565E-06  1.87264457E-05  4.43526178E-05
  1.31849096E-04  1.02826876E-07  1.03055956E-07  1.03832807E-07  1.04703299E-07
  1.04879347E-07  1.07846337E-07  1.21177645E-07  2.02204511E-07  2.69701597E-07
  3.91665855E-07  5.88205563E-07  8.48056838E-07  1.09852165E-06  1.46184775E-06
  2.08180838E-06  2.67020682E-06  3.33565264E-06  4.37370120E-06  2.75343446E-06
  7.55533982E-07  2.50373872E-07  8.36408394E-08  7.69211155E-08  8.77446326E-08
  1.96525632E-07  7.54987321E-07  1.25385473E-06  2.36194221E-06  3.94712769E-06
  5.86188246E-06  9.51323565E-06  1.87264457E-05  4.43526179E-05  1.31849099E-04
  1.03055144E-07  1.03288554E-07  1.04080431E-07  1.04968228E-07  1.05147965E-07
  1.08176109E-07  1.21761919E-07  2.03959059E-07  2.71921060E-07  3.93519184E-07
  5.88390475E-07  8.47965685E-07  1.09839886E-06  1.46181756E-06  2.08182430E-06
  2.67022381E-06  3.33566642E-06  4.37370426E-06  2.75343450E-06  7.55533965E-07
  2.50373868E-07  8.36408391E-08  7.69211155E-08  8.77446326E-08  1.96525632E-07
  7.54987321E-07  1.25385473E-06  2.36194221E-06  3.94712769E-06  5.86188246E-06
  9.51323565E-06  1.87264457E-05  4.43526179E-05  1.31849100E-04  1.03206628E-07
  1.03443155E-07  1.04245837E-07  1.05146076E-07  1.05328466E-07  1.08400574E-07
  1.22168709E-07  2.05195390E-07  2.73479247E-07  3.94806088E-07  5.88513631E-07
  8.47902505E-07  1.09831462E-06  1.46179690E-06  2.08183501E-06  2.67023516E-06
  3.33567553E-06  4.37370620E-06  2.75343452E-06  7.55533957E-07  2.50373866E-07
  8.36408390E-08  7.69211155E-08  8.77446326E-08  1.96525632E-07  7.54987321E-07
  1.25385473E-06  2.36194221E-06  3.94712769E-06  5.86188246E-06  9.51323565E-06
  1.87264457E-05  4.43526179E-05  1.31849102E-04  1.03291619E-07  1.03530023E-07
  1.04339209E-07  1.05246932E-07  1.05430918E-07  1.08529474E-07  1.22407007E-07
  2.05927589E-07  2.74399897E-07  3.95560678E-07  5.88583895E-07  8.47865649E-07
  1.09826581E-06  1.46178498E-06  2.08184114E-06  2.67024161E-06  3.33568065E-06
  4.37370725E-06  2.75343453E-06  7.55533953E-07  2.50373865E-07  8.36408389E-08
  7.69211155E-08  8.77446326E-08  1.96525632E-07  7.54987321E-07  1.25385473E-06
  2.36194221E-06  3.94712769E-06  5.86188246E-06  9.51323565E-06  1.87264457E-05
  4.43526179E-05  1.31849102E-04  1.03296711E-07  1.03535699E-07  1.04346897E-07
  1.05256924E-07  1.05441399E-07  1.08548073E-07  1.22458702E-07  2.06123474E-07
  2.74648538E-07  3.95762107E-07  5.88602380E-07  8.47856700E-07  1.09825367E-06
  1.46178212E-06  2.08184275E-06  2.67024324E-06  3.33568192E-06  4.37370751E-06
  2.75343453E-06  7.55533952E-07  2.50373865E-07  8.36408389E-08  7.69211155E-08
  8.77446326E-08  1.96525632E-07  7.54987321E-07  1.25385473E-06  2.36194221E-06
  3.94712769E-06  5.86188246E-06  9.51323565E-06  1.87264457E-05  4.43526179E-05
  1.31849102E-04  1.03291619E-07  1.03530023E-07  1.04339209E-07  1.05246932E-07
  1.05430918E-07  1.08529474E-07  1.22407007E-07  2.05927589E-07  2.74399897E-07
  3.95560678E-07  5.88583895E-07  8.47865649E-07  1.09826581E-06  1.46178498E-06
  2.08184114E-06  2.67024161E-06  3.33568065E-06  4.37370725E-06  2.75343453E-06
  7.55533953E-07  2.50373865E-07  8.36408389E-08  7.69211155E-08  8.77446326E-08
  1.96525632E-07  7.54987321E-07  1.25385473E-06  2.36194221E-06  3.94712769E-06
  5.86188246E-06  9.51323565E-06  1.87264457E-05  4.43526179E-05  1.31849102E-04
  1.03206628E-07  1.03443155E-07  1.04245837E-07  1.05146076E-07  1.05328466E-07
  1.08400574E-07  1.22168709E-07  2.05195390E-07  2.73479247E-07  3.94806088E-07
  5.88513631E-07  8.47902505E-07  1.09831462E-06  1.46179690E-06  2.08183501E-06
  2.67023516E-06  3.33567553E-06  4.37370620E-06  2.75343452E-06  7.55533957E-07
  2.50373866E-07  8.36408390E-08  7.69211155E-08  8.77446326E-08  1.96525632E-07
  7.54987321E-07  1.25385473E-06  2.36194221E-06  3.94712769E-06  5.86188246E-06
  9.51323565E-06  1.87264457E-05  4.43526179E-05  1.31849102E-04  1.03055144E-07
  1.03288554E-07  1.04080431E-07  1.04968228E-07  1.05147965E-07  1.08176109E-07
  1.21761919E-07  2.03959059E-07  2.71921060E-07  3.93519184E-07  5.88390475E-07
  8.47965685E-07  1.09839886E-06  1.46181756E-06  2.08182430E-06  2.67022381E-06
  3.33566642E-06  4.37370426E-06  2.75343450E-06  7.55533965E-07  2.50373868E-07
  8.36408391E-08  7.69211155E-08  8.77446326E-08  1.96525632E-07  7.54987321E-07
  1.25385473E-06  2.36194221E-06  3.94712769E-06  5.86188246E-06  9.51323565E-06
  1.87264457E-05  4.43526179E-05  1.31849101E-04  1.02826876E-07  1.03055956E-07
  1.03832807E-07  1.04703299E-07  1.04879347E-07  1.07846337E-07  1.21177645E-07
  2.02204511E-07  2.69701597E-07  3.91665855E-07  5.88205563E-07  8.48056838E-07
  1.09852165E-06  1.46184775E-06  2.08180838E-06  2.67020682E-06  3.33565264E-06
  4.37370120E-06  2.75343446E-06  7.55533982E-07  2.50373872E-07  8.36408394E-08
  7.69211155E-08  8.77446326E-08  1.96525632E-07  7.54987321E-07  1.25385473E-06
  2.36194221E-06  3.94712769E-06  5.86188246E-06  9.51323565E-06  1.87264457E-05
  4.43526179E-05  1.31849099E-04  1.02524832E-07  1.02748436E-07  1.03506277E-07
  1.04354871E-07  1.04526256E-07  1.07415896E-07  1.20424162E-07  1.99948534E-07
  2.66831683E-07  3.89235469E-07  5.87949296E-07  8.48175710E-07  1.09868437E-06
  1.46188777E-06  2.08178667E-06  2.67018349E-06  3.33563346E-06  4.37369665E-06
  2.75343441E-06  7.55534016E-07  2.50373880E-07  8.36408400E-08  7.69211156E-08
  8.77446326E-08  1.96525632E-07  7.54987321E-07  1.25385473E-06  2.36194221E-06
  3.94712769E-06  5.86188247E-06  9.51323565E-06  1.87264457E-05  4.43526178E-05
  1.31849096E-04  1.02159430E-07  1.02376505E-07  1.03111688E-07  1.03934189E-07
  1.04100024E-07  1.06897548E-07  1.19519704E-07  1.97225922E-07  2.63341596E-07
  3.86228341E-07  5.87609712E-07  8.48320964E-07  1.09888778E-06  1.46193772E-06
  2.08175842E-06  2.67015291E-06  3.33560786E-06  4.37369004E-06  2.75343434E-06
  7.55534095E-07  2.50373900E-07  8.36408419E-08  7.69211157E-08  8.77446326E-08
  1.96525632E-07  7.54987321E-07  1.25385473E-06  2.36194221E-06  3.94712769E-06
  5.86188247E-06  9.51323566E-06  1.87264457E-05  4.43526177E-05  1.31849092E-04
  1.01748157E-07  1.01957771E-07  1.02667067E-07  1.03459777E-07  1.03619284E-07
  1.06311716E-07  1.18491718E-07  1.94087866E-07  2.59279670E-07  3.82655288E-07
  5.87172024E-07  8.48490158E-07  1.09913211E-06  1.46199753E-06  2.08172269E-06
  2.67011390E-06  3.33557450E-06  4.37368047E-06  2.75343424E-06  7.55534293E-07
  2.50373956E-07  8.36408374E-08  7.69211157E-08  8.77446327E-08  1.96525632E-07
  7.54987321E-07  1.25385473E-06  2.36194221E-06  3.94712769E-06  5.86188247E-06
  9.51323566E-06  1.87264457E-05  4.43526176E-05  1.31849085E-04  1.01315430E-07
  1.01516787E-07  1.02197455E-07  1.02957248E-07  1.03109778E-07  1.05686212E-07
  1.17376282E-07  1.90600456E-07  2.54711140E-07  3.78537782E-07  5.86618200E-07
  8.48679661E-07  1.09941711E-06  1.46206693E-06  2.08167827E-06  2.67006493E-06
  3.33553146E-06  4.37366641E-06  2.75343411E-06  7.55529625E-07  2.50374100E-07
  8.36409235E-08  7.69211214E-08  8.77446333E-08  1.96525632E-07  7.54987321E-07
  1.25385473E-06  2.36194221E-06  3.94712769E-06  5.86188247E-06  9.51323567E-06
  1.87264457E-05  4.43526173E-05  1.31849075E-04  1.00892663E-07  1.01085118E-07
  1.01734953E-07  1.02459334E-07  1.02604376E-07  1.05056175E-07  1.16217700E-07
  1.86843317E-07  2.49717211E-07  3.73908680E-07  5.85926609E-07  8.48884442E-07
  1.09974205E-06  1.46214546E-06  2.08162359E-06  2.67000395E-06  3.33547610E-06
  4.37364534E-06  2.75343386E-06  7.55536601E-07  2.50376514E-07  8.36415119E-08
  7.69211604E-08  8.77446369E-08  1.96525633E-07  7.54987321E-07  1.25385473E-06
  2.36194221E-06  3.94712769E-06  5.86188248E-06  9.51323569E-06  1.87264457E-05
  4.43526168E-05  1.31849060E-04  1.00181966E-07  1.00355234E-07  1.00938713E-07
  1.01587041E-07  1.01716064E-07  1.03900768E-07  1.13921735E-07  1.78792344E-07
  2.38728488E-07  3.63207991E-07  5.81280327E-07  8.49319842E-07  1.10051569E-06
  1.46232928E-06  2.08147382E-06  2.66983276E-06  3.33531065E-06  4.37355821E-06
  2.75344047E-06  7.55839888E-07  2.50448218E-07  8.36522440E-08  7.69217739E-08
  8.77446825E-08  1.96525637E-07  7.54987321E-07  1.25385473E-06  2.36194222E-06
  3.94712771E-06  5.86188252E-06  9.51323578E-06  1.87264459E-05  4.43526148E-05
  1.31849012E-04  1.00083745E-07  1.00237180E-07  1.00752333E-07  1.01322668E-07
  1.01435373E-07  1.03347158E-07  1.12192627E-07  1.70918110E-07  2.27391124E-07
  3.51198064E-07  5.77917090E-07  8.49699665E-07  1.10142639E-06  1.46253573E-06
  2.08124889E-06  2.66956725E-06  3.33502637E-06  4.37329449E-06  2.75358215E-06
  7.58436313E-07  2.50728293E-07  8.36757413E-08  7.69229397E-08  8.77447659E-08
  1.96525638E-07  7.54987321E-07  1.25385473E-06  2.36194222E-06  3.94712772E-06
  5.86188256E-06  9.51323588E-06  1.87264461E-05  4.43526120E-05  1.31848944E-04
  1.01170719E-07  1.01304859E-07  1.01753882E-07  1.02249130E-07  1.02346251E-07
  1.03996362E-07  1.11704890E-07  1.64260377E-07  2.16883545E-07  3.38741902E-07
  5.73418849E-07  8.49888960E-07  1.10241859E-06  1.46274319E-06  2.08090930E-06
  2.66914835E-06  3.33452210E-06  4.37206411E-06  2.75500195E-06  7.65578671E-07
  2.51133582E-07  8.37106654E-08  7.69247174E-08  8.77448905E-08  1.96525637E-07
  7.54987321E-07  1.25385474E-06  2.36194223E-06  3.94712774E-06  5.86188260E-06
  9.51323599E-06  1.87264463E-05  4.43526091E-05  1.31848864E-04  1.06634066E-07
  1.06742126E-07  1.07102508E-07  1.07497912E-07  1.07574542E-07  1.08878471E-07
  1.15065983E-07  1.58953773E-07  2.05435661E-07  3.21661970E-07  5.64554156E-07
  8.46789975E-07  1.10388563E-06  1.46299180E-06  2.08004827E-06  2.66805186E-06
  3.33320107E-06  4.35038968E-06  2.77459800E-06  7.87105344E-07  2.52227783E-07
  8.38042882E-08  7.69294913E-08  8.77452169E-08  1.96525631E-07  7.54987322E-07
  1.25385474E-06  2.36194224E-06  3.94712777E-06  5.86188268E-06  9.51323618E-06
  1.87264466E-05  4.43526046E-05  1.31848729E-04  1.20650713E-07  1.20738112E-07
  1.21029364E-07  1.21347919E-07  1.21409014E-07  1.22447504E-07  1.27456091E-07
  1.64243348E-07  2.04899197E-07  3.12694540E-07  5.55579924E-07  8.44997397E-07
  1.10299826E-06  1.46311878E-06  2.07902358E-06  2.66710942E-06  3.33316920E-06
  4.15190030E-06  2.81679878E-06  8.19112467E-07  2.54228380E-07  8.39617166E-08
  7.69376163E-08  8.77457573E-08  1.96525615E-07  7.54987323E-07  1.25385475E-06
  2.36194225E-06  3.94712780E-06  5.86188277E-06  9.51323641E-06  1.87264471E-05
  4.43525995E-05  1.31848573E-04  1.50020926E-07  1.50093284E-07  1.50335338E-07
  1.50600042E-07  1.50650386E-07  1.51502213E-07  1.55676598E-07  1.87237894E-07
  2.23049078E-07  3.21172000E-07  5.54671581E-07  8.45541412E-07  1.10619385E-06
  1.46624102E-06  2.08431654E-06  2.67166392E-06  3.25437734E-06  3.65193085E-06
  2.76629576E-06  8.66865613E-07  2.57725269E-07  8.42024376E-08  7.69503901E-08
  8.77465697E-08  1.96525585E-07  7.54987324E-07  1.25385475E-06  2.36194227E-06
  3.94712784E-06  5.86188288E-06  9.51323670E-06  1.87264476E-05  4.43525939E-05
  1.31848396E-04  2.43273737E-07  2.43334130E-07  2.43539047E-07  2.43764106E-07
  2.43806517E-07  2.44515949E-07  2.48064005E-07  2.75749331E-07  3.07595739E-07
  3.95343675E-07  6.10037018E-07  8.92886615E-07  1.15153417E-06  1.50597582E-06
  2.08320363E-06  2.51479265E-06  2.76564682E-06  2.90494762E-06  2.66154104E-06
  9.62223585E-07  2.67402817E-07  8.47212111E-08  7.69800578E-08  8.77482376E-08
  1.96525518E-07  7.54987325E-07  1.25385477E-06  2.36194230E-06  3.94712791E-06
  5.86188307E-06  9.51323715E-06  1.87264486E-05  4.43525855E-05  1.31848126E-04
  5.49107286E-07  5.49157679E-07  5.49331353E-07  5.49521119E-07  5.49555892E-07
  5.50121875E-07  5.52989612E-07  5.75844684E-07  6.01771860E-07  6.69913264E-07
  8.24635906E-07  1.01426485E-06  1.16721354E-06  1.34118617E-06  1.54130632E-06
  1.62768226E-06  1.67009058E-06  1.78140703E-06  1.95267292E-06  1.23068478E-06
  3.17501697E-07  8.65853187E-08  7.71137098E-08  8.77530728E-08  1.96525310E-07
  7.54987328E-07  1.25385479E-06  2.36194236E-06  3.94712804E-06  5.86188343E-06
  9.51323804E-06  1.87264504E-05  4.43525713E-05  1.31847648E-04  6.62253428E-07
  6.62285558E-07  6.62393730E-07  6.62508072E-07  6.62528033E-07  6.62842986E-07
  6.64417026E-07  6.76828319E-07  6.90600449E-07  7.25012803E-07  7.95340890E-07
  8.69784125E-07  9.19676751E-07  9.65761758E-07  1.00683910E-06  1.02525829E-06
  1.04608424E-06  1.16106726E-06  1.40595430E-06  1.15448544E-06  4.62664642E-07
  8.99979346E-08  7.74489810E-08  8.77592992E-08  1.96525025E-07  7.54987329E-07
  1.25385482E-06  2.36194242E-06  3.94712819E-06  5.86188381E-06  9.51323898E-06
  1.87264523E-05  4.43525583E-05  1.31847185E-04  5.73942904E-07  5.73955511E-07
  5.73995733E-07  5.74035808E-07  5.74042264E-07  5.74139439E-07  5.74610214E-07
  5.78213742E-07  5.82089037E-07  5.91368938E-07  6.07789329E-07  6.22330892E-07
  6.30427608E-07  6.37089901E-07  6.44876247E-07  6.53005843E-07  6.67886288E-07
  7.55462903E-07  9.62233754E-07  9.62272596E-07  5.05441998E-07  9.57445207E-08
  7.83658206E-08  8.77701184E-08  1.96524518E-07  7.54987331E-07  1.25385486E-06
  2.36194252E-06  3.94712839E-06  5.86188437E-06  9.51324038E-06  1.87264553E-05
  4.43525416E-05  1.31846555E-04  2.83246379E-07  2.83246878E-07  2.83248391E-07
  2.83249813E-07  2.83249964E-07  2.83251741E-07  2.83260454E-07  2.83326451E-07
  2.83396550E-07  2.83565122E-07  2.83911779E-07  2.84349480E-07  2.84792123E-07
  2.85508717E-07  2.87144775E-07  2.89539338E-07  2.94239366E-07  3.26312209E-07
  4.11531712E-07  5.18236141E-07  4.35384681E-07  1.46518714E-07  8.72434375E-08
  8.78463895E-08  1.96521696E-07  7.54987325E-07  1.25385501E-06  2.36194288E-06
  3.94712915E-06  5.86188650E-06  9.51324557E-06  1.87264662E-05  4.43524966E-05
  1.31844635E-04  1.81901328E-07  1.81901455E-07  1.81901874E-07  1.81902276E-07
  1.81902301E-07  1.81902529E-07  1.81903763E-07  1.81914847E-07  1.81927473E-07
  1.81961982E-07  1.82050288E-07  1.82180466E-07  1.82321334E-07  1.82555835E-07
  1.83126387E-07  1.84047506E-07  1.86028534E-07  2.00963324E-07  2.40384896E-07
  3.01788448E-07  3.06167245E-07  1.66644736E-07  1.23535541E-07  8.84204265E-08
  1.96512650E-07  7.54987272E-07  1.25385537E-06  2.36194372E-06  3.94713083E-06
  5.86189138E-06  9.51325738E-06  1.87264906E-05  4.43524384E-05  1.31841379E-04
  7.61913050E-08  7.61913740E-08  7.61915536E-08  7.61916632E-08  7.61916617E-08
  7.61916621E-08  7.61917370E-08  7.61929942E-08  7.61946289E-08  7.61991370E-08
  7.62105805E-08  7.62289834E-08  7.62495775E-08  7.62846051E-08  7.63766374E-08
  7.65324152E-08  7.68752539E-08  7.98685287E-08  8.69752545E-08  9.68430718E-08
  1.05323624E-07  1.11301575E-07  1.10610899E-07  1.08178892E-07  1.96399177E-07
  7.54985617E-07  1.25385927E-06  2.36195303E-06  3.94714730E-06  5.86194409E-06
  9.51338096E-06  1.87267162E-05  4.43524347E-05  1.31825339E-04  6.93778889E-08
  6.93779655E-08  6.93781824E-08  6.93783471E-08  6.93783508E-08  6.93783604E-08
  6.93783820E-08  6.93786351E-08  6.93789546E-08  6.93797512E-08  6.93814367E-08
  6.93837084E-08  6.93861020E-08  6.93901607E-08  6.94005684E-08  6.94172281E-08
  6.94524766E-08  6.97489843E-08  7.05294413E-08  7.20898412E-08  7.43511329E-08
  8.05803082E-08  8.35373151E-08  9.96114848E-08  1.60799087E-07  7.54605790E-07
  1.25417366E-06  2.36274192E-06  3.94828548E-06  5.86635139E-06  9.52269862E-06
  1.87364255E-05  4.43699153E-05  1.31764994E-04
