> from Overall Iteration  1 of  1                                Pandora 78.018
> Run Data:    34    2    1  1  0  MG   2   2014-Mar-24 15:45:21    56740.65649
> DEMO-4                  2 L MG-II    ITER 01      02 OCT 02   ]               
> -------.---------.---------.---------.---------.---------.---------.---------.
N (  34 ) > 
Z                 ( > 
-2.38500000E+03 -2.36500000E+03 -2.29500000E+03 -2.22500000E+03 -2.22200000E+03 
-2.21800000E+03 -2.21500000E+03 -2.20200000E+03 -2.18800000E+03 -2.15500000E+03 
-2.09000000E+03 -2.01500000E+03 -1.95000000E+03 -1.86500000E+03 -1.73000000E+03 
-1.61000000E+03 -1.48000000E+03 -1.20000000E+03 -9.50000000E+02 -7.50000000E+02 
-6.50000000E+02 -5.50000000E+02 -5.25000000E+02 -4.50000000E+02 -3.50000000E+02 
-1.50000000E+02 -1.00000000E+02 -5.00000000E+01 -2.00000000E+01  0.00000000E+00 
 1.50000000E+01  3.00000000E+01  5.00000000E+01  8.00000000E+01  ) >            
TE                ( > 
 2.10000000E+04  2.06000000E+04  2.03000000E+04  1.98000000E+04  1.60000000E+04 
 1.30000000E+04  8.80000000E+03  8.55000000E+03  8.30000000E+03  7.80000000E+03 
 7.30000000E+03  6.94000000E+03  6.72000000E+03  6.62000000E+03  6.56000000E+03 
 6.50000000E+03  6.44000000E+03  6.33000000E+03  5.93000000E+03  5.15000000E+03 
 4.60000000E+03  4.17000000E+03  4.15000000E+03  4.20000000E+03  4.50000000E+03 
 5.10000000E+03  5.37000000E+03  5.75000000E+03  6.10000000E+03  6.40000000E+03 
 6.81000000E+03  7.48000000E+03  8.55000000E+03  1.04300000E+04  ) >            
[ CENSUS data start ] > 
[ DEMO-4                  2 L MG-II    ITER 01      02 OCT 02   ]               
MG            2   34
Z                 ( > 
-2.38500000E+03 -2.36500000E+03 -2.29500000E+03 -2.22500000E+03 -2.22200000E+03 
-2.21800000E+03 -2.21500000E+03 -2.20200000E+03 -2.18800000E+03 -2.15500000E+03 
-2.09000000E+03 -2.01500000E+03 -1.95000000E+03 -1.86500000E+03 -1.73000000E+03 
-1.61000000E+03 -1.48000000E+03 -1.20000000E+03 -9.50000000E+02 -7.50000000E+02 
-6.50000000E+02 -5.50000000E+02 -5.25000000E+02 -4.50000000E+02 -3.50000000E+02 
-1.50000000E+02 -1.00000000E+02 -5.00000000E+01 -2.00000000E+01  0.00000000E+00 
 1.50000000E+01  3.00000000E+01  5.00000000E+01  8.00000000E+01  ) >            
FLVSL             ( > 
-2.01315840E+00 -1.93950909E+00 -1.88244373E+00 -1.78310346E+00 -8.89225064E-01 
-2.25886008E-01 -6.59326848E-02 -4.89923689E-02 -3.88146361E-02 -2.43083313E-02 
-1.10341468E-02 -5.08259596E-03 -2.80574478E-03 -1.70592044E-03 -9.75953688E-04 
-6.63225924E-04 -4.79990332E-04 -2.23781527E-04 -6.91868443E-05 -7.58741710E-06 
-4.18497080E-07 -2.82609658E-08 -5.65679062E-09 -2.00199320E-09 -6.25744889E-09 
-9.62150402E-08 -3.62057187E-07 -1.72996788E-06 -5.57629191E-06 -1.28801923E-05 
-3.50490649E-05 -1.36142944E-04 -7.45860095E-04 -6.98674764E-03  ) >            
FIONL             ( > 
-4.23390537E-03 -5.02091959E-03 -5.73063500E-03 -7.21578772E-03 -6.00092847E-02 
-3.91953631E-01 -8.51232906E-01 -9.71921798E-01 -1.06805158E+00 -1.26412664E+00 
-1.60055095E+00 -1.93423754E+00 -2.19113827E+00 -2.40667822E+00 -2.64884299E+00 
-2.81645439E+00 -2.95679179E+00 -3.28807197E+00 -3.79779538E+00 -4.75769415E+00 
-6.01609209E+00 -7.18659732E+00 -7.88521421E+00 -8.33632173E+00 -7.84138700E+00 
-6.65454139E+00 -6.07900732E+00 -5.39974714E+00 -4.89144160E+00 -4.52786840E+00 
-4.09312540E+00 -3.50385724E+00 -2.76549982E+00 -1.79699794E+00  ) >            
[ CENSUS data end ] > 
[ KURUCZ - b data start ] > 
[ DEMO-4                  2 L MG-II    ITER 01      02 OCT 02   ]               
MG2            1        34
 1.06214803E+06  1.00438496E+06  9.01645298E+05  8.16378888E+05  5.74561270E+05 
 2.86937592E+05  9.75922714E+02  7.29735314E+02  4.91673798E+02  1.96198771E+02 
 9.01577751E+01  5.55669058E+01  4.35758107E+01  4.68912053E+01  5.67052677E+01 
 5.46635356E+01  4.49176854E+01  2.91719914E+01  8.27406648E+00  1.07942656E+00 
 3.07197934E-01  4.19089179E-02  1.40005651E-01  3.46960502E-01  7.43817078E-01 
 9.49248263E-01  9.22916004E-01  9.31590783E-01  9.36744348E-01  9.38507710E-01 
 9.46509620E-01  9.69884837E-01  1.00928794E+00  1.02257833E+00  ) >            
MG2            2        34
 9.99771986E+01  9.73821825E+01  8.97121265E+01  8.60265769E+01  1.00482194E+02 
 9.96352765E+01  2.21803564E+00  2.85780469E+00  2.98316281E+00  2.64927734E+00 
 3.18260101E+00  4.20872748E+00  5.47808545E+00  8.77900965E+00  1.62314262E+01 
 2.16686117E+01  2.41740878E+01  2.45152369E+01  7.56997224E+00  9.91428734E-01 
 3.03618674E-01  4.34882669E-02  1.42554590E-01  3.49324392E-01  7.43267425E-01 
 9.49246251E-01  9.22916659E-01  9.31591465E-01  9.36744708E-01  9.38508400E-01 
 9.46510118E-01  9.69884900E-01  1.00928787E+00  1.02257800E+00  ) >            
[ KURUCZ - b data end ] > 
