> from Overall Iteration  1 of  1                                Pandora 78.018
> Run Data:    34    2    1  1  0  MG   2   2014-Mar-24 15:45:21    56740.65649
> DEMO-4                  2 L MG-II    ITER 01      02 OCT 02   ]               
> -------.---------.---------.---------.---------.---------.---------.---------.
[ DEMO-4                  2 L MG-II    ITER 01      02 OCT 02   ]               
RHO          2  1 ( > 
 1.34403698E-01  1.35417623E-01  1.44930707E-01  1.47806788E-01  1.00266136E-01 
 6.02615782E-02  1.07506457E-02  6.14757419E-03  3.89154206E-03  1.67967831E-03 
 6.01087675E-04  2.57792885E-04  1.45848876E-04  9.30312688E-05  6.03023722E-05 
 4.36638265E-05  3.19827193E-05  1.43973594E-05  1.18345265E-05  7.99632592E-06 
 1.04522602E-06 -6.26805557E-06 -3.75161368E-06 -2.70725487E-06  7.61001787E-07 
 1.21640590E-08 -6.54782578E-09 -1.28058873E-08 -1.24857982E-08 -4.10433056E-08 
-5.80308956E-08 -2.03226526E-08  8.06007959E-08  2.11729723E-06  ) >            
RHWT         2  1 ( > 
 7.00000000E-01  7.00000000E-01  7.00000000E-01  7.00000000E-01  7.00000000E-01 
 7.00000000E-01  7.00000000E-01  7.00000000E-01  7.00000000E-01  7.00000000E-01 
 7.00000000E-01  7.00000000E-01  7.00000000E-01  7.00000000E-01  7.00000000E-01 
 7.00000000E-01  7.00000000E-01  7.00000000E-01  7.00000000E-01  7.00000000E-01 
 7.00000000E-01  7.00000000E-01  7.00000000E-01  7.00000000E-01  7.00000000E-01 
 7.00000000E-01  7.00000000E-01  7.00000000E-01  7.00000000E-01  7.00000000E-01 
 7.00000000E-01  7.00000000E-01  7.00000000E-01  7.00000000E-01  ) >            
JBAR         2  1 ( > 
 1.19235279E-07  1.16903511E-07  1.13671922E-07  1.12337772E-07  1.09238399E-07 
 1.10155309E-07  1.17473823E-07  1.71751610E-07  2.22702688E-07  3.34164793E-07 
 5.56887022E-07  8.29390715E-07  1.08012560E-06  1.43303565E-06  2.04079012E-06 
 2.62893731E-06  3.31569653E-06  4.50666838E-06  2.83535892E-06  7.64790027E-07 
 2.49228473E-07  8.25742709E-08  7.63464126E-08  8.74986417E-08  1.96524872E-07 
 7.54987286E-07  1.25385474E-06  2.36194225E-06  3.94712776E-06  5.86188283E-06 
 9.51323649E-06  1.87264463E-05  4.43526127E-05  1.31848706E-04  ) >            
CHI          2  1 ( > 
 1.19153952E-07  1.16524362E-07  1.12986528E-07  1.11847520E-07  1.07986016E-07 
 1.04533632E-07  9.26321086E-08  1.09357811E-07  1.12731163E-07  9.98325452E-08 
 6.91288040E-08  5.69045125E-08  4.16197222E-08  2.14187180E-08  1.02319413E-08 
 6.42458772E-09  2.90207477E-09  1.07132380E-09  4.53824876E-10  8.34055478E-11 
 2.02822305E-11  7.03494752E-12  4.70875626E-12  2.27198116E-12  4.56114210E-13 
 1.92946173E-13  2.50529118E-13  3.84337225E-13  8.97183126E-13  2.12843940E-12 
 3.80797534E-12  3.55902648E-12 -3.73295373E-12 -3.98805347E-10  ) >            
AW           2  1 ( > 
-9.99448890E-01 -9.97384158E-01 -9.95218805E-01 -9.96557401E-01 -9.90177494E-01 
-9.53359322E-01 -7.91781753E-01 -6.39911141E-01 -5.08941019E-01 -3.00435106E-01 
-1.24886445E-01 -6.89530269E-02 -3.87326257E-02 -1.50773112E-02 -5.09942997E-03 
-2.50602093E-03 -9.20903043E-04 -2.58282455E-04 -1.76962818E-04 -1.20478870E-04 
-8.28731282E-05 -7.62417914E-05 -5.63170778E-05 -2.20984955E-05 -3.40804102E-06 
-2.72939371E-07 -1.90453096E-07 -1.44426717E-07 -2.09463399E-07 -3.04464977E-07 
-3.17380545E-07 -1.61021135E-07 -3.09786413E-08  8.75588688E-18  ) >            
NK                ( > 
 6.51718733E+05  6.76837636E+05  7.36505347E+05  8.07897103E+05  8.77299474E+05 
 4.92064169E+05  2.33743347E+05  1.89914181E+05  1.63158629E+05  1.22757910E+05 
 7.50072602E+04  4.81785487E+04  3.58542291E+04  3.15421510E+04  3.34155498E+04 
 4.10257553E+04  5.93946128E+04  1.46406915E+05  2.46642762E+05  1.40195703E+05 
 2.02497567E+04  3.92086961E+03  1.01189038E+03  7.47430621E+02  5.67189408E+03 
 4.39122107E+05  2.33931766E+06  1.52108049E+07  5.71415678E+07  1.43847666E+08 
 4.04636585E+08  1.56127774E+09  8.24187210E+09  6.76973222E+10  ) >            
ND           1    ( > 
 6.38452598E+03  7.87026588E+03  9.78263739E+03  1.35351031E+04  1.29994804E+05 
 7.21246307E+05  1.42571847E+06  1.59029810E+06  1.74516415E+06  2.13231707E+06 
 2.91469731E+06  4.09231448E+06  5.53122428E+06  8.01299919E+06  1.48497142E+07 
 2.68362666E+07  5.36908649E+07  2.83918983E+08  1.54760122E+09  8.02388513E+09 
 2.10135567E+10  6.02525940E+10  7.76862257E+10  1.62139350E+11  3.93645884E+11 
 1.98194003E+12  2.80566764E+12  3.81754985E+12  4.44835625E+12  4.84705886E+12 
 5.00842513E+12  4.96944486E+12  4.77166353E+12  4.11499777E+12  ) >            
ND           2    ( > 
 1.03709260E-01  1.25568402E-01  1.54366381E-01  2.12171526E-01  1.82445809E+00 
 9.56925028E+00  1.87236213E+01  3.03320872E+01  4.30203234E+01  7.86219805E+01 
 1.78820157E+02  3.73735592E+02  6.57743181E+02  1.26407170E+03  3.33580936E+03 
 7.76538035E+03  1.95934954E+04  1.40814509E+05  4.82950734E+05  6.75475732E+05 
 5.76485070E+05  5.47659702E+05  6.52866908E+05  1.56164430E+06  8.51559825E+06 
 1.64705560E+08  3.87212731E+08  9.92415828E+08  1.93233558E+09  3.12659378E+09 
 5.24201500E+09  1.02332126E+10  2.32394774E+10  5.92929072E+10  ) >            
BD           1    ( > 
 1.06214803E+06  1.00438496E+06  9.01645298E+05  8.16378888E+05  5.74561270E+05 
 2.86937592E+05  9.75922714E+02  7.29735314E+02  4.91673798E+02  1.96198771E+02 
 9.01577751E+01  5.55669058E+01  4.35758107E+01  4.68912053E+01  5.67052677E+01 
 5.46635356E+01  4.49176854E+01  2.91719914E+01  8.27406648E+00  1.07942656E+00 
 3.07197934E-01  4.19089179E-02  1.40005651E-01  3.46960502E-01  7.43817078E-01 
 9.49248263E-01  9.22916004E-01  9.31590783E-01  9.36744348E-01  9.38507710E-01 
 9.46509620E-01  9.69884837E-01  1.00928794E+00  1.02257833E+00  ) >            
BD           2    ( > 
 9.99771986E+01  9.73821825E+01  8.97121265E+01  8.60265769E+01  1.00482194E+02 
 9.96352765E+01  2.21803564E+00  2.85780469E+00  2.98316281E+00  2.64927734E+00 
 3.18260101E+00  4.20872748E+00  5.47808545E+00  8.77900965E+00  1.62314262E+01 
 2.16686117E+01  2.41740878E+01  2.45152369E+01  7.56997224E+00  9.91428734E-01 
 3.03618674E-01  4.34882669E-02  1.42554590E-01  3.49324392E-01  7.43267425E-01 
 9.49246251E-01  9.22916659E-01  9.31591465E-01  9.36744708E-01  9.38508400E-01 
 9.46510118E-01  9.69884900E-01  1.00928787E+00  1.02257800E+00  ) >            
USE ( INPUT ) > 
