> from Overall Iteration  2 of  2                                Pandora 78.018
> Run Data:    25    3    3  0  0  H    1   2014-Mar-24 15:44:44    56740.65606
> DEMO-1                  3 L H, D.B.  ITER 01-02   24 MAR 00   ]               
> -------.---------.---------.---------.---------.---------.---------.---------.
[ DEMO-1                  3 L H, D.B.  ITER 01-02   24 MAR 00   ]               
NE                ( > 
 2.59896717E+06  4.94905948E+06  1.05765054E+07  4.73538969E+07  1.29321790E+08 
 2.16337522E+08  3.43735893E+08  5.59464089E+08  8.43695125E+08  1.09033747E+09 
 1.92176767E+09  2.93564823E+09  6.38637811E+09  3.37143364E+10  5.13172320E+10 
 6.15629879E+10  6.69620676E+10  8.58751246E+10  1.06077778E+11  1.35335730E+11 
 1.61114256E+11  2.48797531E+11  4.42585938E+11  1.59818255E+12  5.59370767E+12 
 ) >            
[ DEMO-1                  3 L H, D.B.  ITER 01-02   24 MAR 00   ]               
ZME               ( > 
 1.25851790E-03  1.87191296E-03  1.87563789E-03  1.87563789E-03  1.87563789E-03 
 1.87563783E-03  1.87563204E-03  1.86804929E-03  1.41738403E-03  1.35879050E-03 
 9.66991860E-04  9.61228839E-04  9.07132560E-04  8.18497402E-04  5.75707735E-04 
 4.05016633E-04  3.14222972E-04  2.35670003E-04  1.60911051E-04  1.21558954E-04 
 1.07339247E-04  1.00660064E-04  9.20535060E-05  8.61491400E-05  7.71930363E-05 
 ) >            
[ DEMO-1                  3 L H, D.B.  ITER 01-02   24 MAR 00   ]               
NC                ( > 
 5.19793434E+06  9.48877168E+06  2.02730108E+07  9.07677937E+07  2.47883581E+08 
 4.14675046E+08  6.58872059E+08  1.07293378E+09  1.68737787E+09  2.18067490E+09 
 3.84353533E+09  5.87129646E+09  1.27727562E+10  6.74286727E+10  1.02634464E+11 
 1.23125976E+11  1.33924135E+11  1.71750249E+11  2.12155556E+11  2.70671460E+11 
 3.22228513E+11  4.97595061E+11  8.85171876E+11  3.19636510E+12  1.11874153E+13 
 ) >            
[ DEMO-1                  3 L H, D.B.  ITER 01-02   24 MAR 00   ]               
NP                ( > 
 2.35999996E+06  4.11999993E+06  8.79999978E+06  3.93999967E+07  1.07599972E+08 
 1.79999909E+08  2.85999736E+08  4.65999183E+08  7.65997136E+08  9.89994742E+08 
 1.74598089E+09  2.71994064E+09  6.37962355E+09  3.36652203E+10  5.11733049E+10 
 6.11725521E+10  6.57051758E+10  8.23589282E+10  9.71311238E+10  1.10146572E+11 
 9.96615004E+10  9.19519279E+10  5.61783743E+10  1.85664987E+11  6.97245105E+11 
 ) >            
HN           1    ( > 
 3.52316377E-02  7.36126275E-02  2.16561185E-01  3.26069507E+00  2.81185485E+01 
 9.04834155E+01  2.63766943E+02  8.14842730E+02  2.85900026E+03  5.24950653E+03 
 1.90846301E+04  5.93154258E+04  3.76244102E+05  2.63347665E+10  1.98826666E+11 
 9.02827401E+11  3.93429469E+12  1.48376394E+13  5.55028364E+13  2.07106818E+14 
 5.72402549E+14  1.55800710E+15  4.19682757E+15  1.63885154E+16  6.33556081E+16 
 ) >            
HN           2    ( > 
 8.45456743E-05  1.75446338E-04  4.34339283E-04  5.87296836E-03  5.46944808E-02 
 1.85327437E-01  5.59271394E-01  1.73232290E+00  5.16703182E+00  8.77598895E+00 
 2.48769055E+01  4.56849326E+01  1.79476864E+02  1.28775975E+04  2.87015485E+04 
 4.34542590E+04  5.45233908E+04  8.77125001E+04  1.27886458E+05  1.84139247E+05 
 1.99302558E+05  2.84287639E+05  3.21178486E+05  3.44359745E+06  3.30280810E+07 
 ) >            
HN           3    ( > 
 4.03128073E-07  9.17665953E-07  2.70527028E-06  4.17948490E-05  4.15069606E-04 
 1.49169991E-03  5.16774128E-03  2.04494046E-02  9.21751345E-02  1.95479246E-01 
 8.76838650E-01  2.98984668E+00  2.27600808E+01  2.86164335E+02  6.73846751E+02 
 9.78075741E+02  1.12353237E+03  1.87246536E+03  2.80962194E+03  4.18009837E+03 
 4.53608590E+03  6.45026271E+03  6.81822568E+03  9.12097388E+04  1.09440506E+06 
 ) >            
HN           4    ( > 
 2.35511008E-07  6.48505235E-07  2.23364067E-06  3.64528703E-05  3.50784863E-04 
 1.21475561E-03  3.99708195E-03  1.46994942E-02  5.77013196E-02  1.14630384E-01 
 4.65238022E-01  1.43466710E+00  9.28939325E+00  1.17756122E+02  2.71337091E+02 
 3.89160436E+02  4.50643482E+02  7.49061034E+02  1.13024932E+03  1.70133840E+03 
 1.89604899E+03  2.76777518E+03  3.09653944E+03  3.72491550E+04  4.51510821E+05 
 ) >            
HN           5    ( > 
 2.00089343E-07  5.60346332E-07  2.01760790E-06  3.35601194E-05  3.18830617E-04 
 1.08787256E-03  3.50487980E-03  1.25000301E-02  4.63198804E-02  8.95712776E-02 
 3.48508031E-01  1.02936198E+00  6.26145198E+00  8.66729061E+01  2.01582423E+02 
 2.92965910E+02  3.47394796E+02  5.81199967E+02  8.84779515E+02  1.34321993E+03 
 1.51431027E+03  2.22940007E+03  2.53165196E+03  2.94236290E+04  3.58779007E+05 
 ) >            
HN           6    ( > 
 1.97280048E-07  5.25382035E-07  1.88208398E-06  3.14028983E-05  2.96867102E-04 
 1.00754476E-03  3.21909944E-03  1.13320010E-02  4.09816194E-02  7.83688518E-02 
 2.99290911E-01  8.66582221E-01  5.15875672E+00  8.00225534E+01  1.89179017E+02 
 2.79591065E+02  3.38772042E+02  5.70420444E+02  8.74410879E+02  1.33486690E+03 
 1.51406206E+03  2.23750206E+03  2.55574395E+03  2.92414029E+04  3.57817793E+05 
 ) >            
HN           7    ( > 
 2.08320838E-07  5.12975102E-07  1.77712009E-06  2.94612341E-05  2.78340290E-04 
 9.44566799E-04  3.01330186E-03  1.05667675E-02  3.79410989E-02  7.23323044E-02 
 2.74357900E-01  7.87705816E-01  4.68398250E+00  8.18485721E+01  1.96671427E+02 
 2.95071988E+02  3.63663607E+02  6.15440676E+02  9.48152487E+02  1.45278098E+03 
 1.65374901E+03  2.44888715E+03  2.80518892E+03  3.18222862E+04  3.90267810E+05 
 ) >            
HN           8    ( > 
 2.27527685E-07  5.12565630E-07  1.68379367E-06  2.75314905E-05  2.60729460E-04 
 8.87940102E-04  2.84119532E-03  9.98286725E-03  3.59673393E-02  6.86941754E-02 
 2.60569499E-01  7.46640552E-01  4.48658513E+00  8.79855982E+01  2.14454192E+02 
 3.25761147E+02  4.06733970E+02  6.90971380E+02  1.06835743E+03  1.64111062E+03 
 1.87245639E+03  2.77611741E+03  3.18512771E+03  3.59448168E+04  4.41481733E+05 
 ) >            
HN           9    ( > 
 2.52669012E-07  5.19665118E-07  1.59358142E-06  2.55200753E-05  2.42888715E-04 
 8.32728479E-04  2.68235928E-03  9.48489252E-03  3.45523091E-02  6.63344976E-02 
 2.52759786E-01  7.25764202E-01  4.43843369E+00  9.69403161E+01  2.39118032E+02 
 3.66850454E+02  4.62597759E+02  7.88151702E+02  1.22183694E+03  1.88025492E+03 
 2.14869369E+03  3.18817732E+03  3.66151798E+03  4.11800065E+04  5.06305714E+05 
 ) >            
HN          10    ( > 
 2.82712377E-07  5.32084158E-07  1.50216317E-06  2.33789185E-05  2.24233723E-04 
 7.76435901E-04  2.52658472E-03  9.02588760E-03  3.34530308E-02  6.47246108E-02 
 2.48537162E-01  7.17070422E-01  4.48304885E+00  1.08062423E+02  2.69187646E+02 
 4.16268591E+02  5.28938393E+02  9.03174477E+02  1.40292314E+03  2.16177921E+03 
 2.47318153E+03  3.67163029E+03  4.21951085E+03  4.73431742E+04  5.82518115E+05 
 ) >            
HN          11    ( > 
 3.17122666E-07  5.48645023E-07  1.40715191E-06  2.10812159E-05  2.04440271E-04 
 7.17685533E-04  2.36828466E-03  8.58043555E-03  3.25405988E-02  6.35866331E-02 
 2.46661661E-01  7.16463182E-01  4.59215002E+00  1.21028947E+02  3.03933452E+02 
 4.72994215E+02  6.04614407E+02  1.03416501E+03  1.60882428E+03  2.48152474E+03 
 2.84133390E+03  4.21982105E+03  4.85171897E+03  5.43432382E+04  6.69022219E+05 
 ) >            
HN          12    ( > 
 3.55598408E-07  5.68665942E-07  1.30713871E-06  1.86110409E-05  1.83316410E-04 
 6.55665661E-04  2.20418413E-03  8.13375571E-03  3.17411430E-02  6.27623996E-02 
 2.46434602E-01  7.21657052E-01  4.75020588E+00  1.35663536E+02  3.42958298E+02 
 5.36472468E+02  6.89005898E+02  1.18010559E+03  1.83802440E+03  2.83723146E+03 
 3.25065430E+03  4.82912103E+03  5.55410232E+03  6.21306923E+04  7.65221500E+05 
 ) >            
HN          13    ( > 
 3.97958546E-07  5.91728996E-07  1.20124719E-06  1.59584384E-05  1.60742477E-04 
 5.89871853E-04  2.03225667E-03  7.67675662E-03  3.10097255E-02  6.21561849E-02 
 2.47436337E-01  7.31289538E-01  4.94806807E+00  1.51862758E+02  3.86029767E+02 
 6.06379112E+02  7.81750682E+02  1.34040179E+03  2.08963777E+03  3.22757812E+03 
 3.69968137E+03  5.49740374E+03  6.32428805E+03  7.06765903E+04  8.70766979E+05 
 ) >            
HN          14    ( > 
 4.44088691E-07  6.17565949E-07  1.08890854E-06  1.31169222E-05  1.36640668E-04 
 5.19976916E-04  1.85119214E-03  7.20358760E-03  3.03176728E-02  6.17071509E-02 
 2.49401737E-01  7.44504781E-01  5.18004361E+00  1.69562453E+02  4.33003940E+02 
 6.82513591E+02  8.82624739E+02  1.51468596E+03  2.36311653E+03  3.65174702E+03 
 4.18750982E+03  6.22335076E+03  7.16080255E+03  7.99630172E+04  9.85442578E+05 
 ) >            
HN          15    ( > 
 4.93913540E-07  6.45997998E-07  9.69740214E-07  1.00821172E-05  1.10958588E-04 
 4.45760937E-04  1.66011228E-03  6.71034058E-03  2.96459601E-02  6.13750578E-02 
 2.52156254E-01  7.60741916E-01  5.44242939E+00  1.88720993E+02  4.83787561E+02 
 7.64746055E+02  9.91483036E+02  1.70272015E+03  2.65810593E+03  4.10920855E+03 
 4.71355283E+03  7.00610684E+03  8.06268868E+03  8.99783678E+04  1.10910828E+06 
 ) >            
[ DEMO-1                  3 L H, D.B.  ITER 01-02   24 MAR 00   ]               
BDH          1    ( > 
 1.82914895E+01  1.44011802E+04  1.36284399E+06  7.02736868E+06  2.77284342E+06 
 9.83338840E+05  2.51350567E+05  3.96646770E+04  1.58998890E+03  3.41230459E+02 
 3.51172505E+01  4.23105996E+00  9.80313907E-02  1.21931996E+01  8.55966054E+00 
 5.80266471E+00  3.79675076E+00  2.80056522E+00  2.05002975E+00  1.51841337E+00 
 1.14412767E+00  9.36019329E-01  7.15210229E-01  9.26747846E-01  9.73201643E-01 
 ) >            
BDH          2    ( > 
 3.29358991E+02  2.41156398E+03  1.03485454E+04  1.84095104E+04  1.31532115E+04 
 9.07419486E+03  5.57922662E+03  2.89726221E+03  9.36465238E+02  5.41412854E+02 
 2.19724116E+02  7.87792971E+01  1.76070712E+01  1.83219072E+01  1.11840751E+01 
 7.50224476E+00  4.84928007E+00  3.47083229E+00  2.41958730E+00  1.68395370E+00 
 1.19286028E+00  9.38417958E-01  6.98973238E-01  9.27481808E-01  9.72277415E-01 
 ) >            
BDH          3    ( > 
 4.70939651E+00  1.59267953E+01  4.73849365E+01  8.06763437E+01  6.76415062E+01 
 5.54523322E+01  4.57539439E+01  3.78264947E+01  2.80254698E+01  2.46598258E+01 
 2.13804242E+01  1.92009672E+01  1.38262750E+01  3.71918610E+00  2.92977425E+00 
 2.30459540E+00  1.71353526E+00  1.47944489E+00  1.25234823E+00  1.06195784E+00 
 8.86999100E-01  7.78392942E-01  6.34157905E-01  8.74634076E-01  9.69078261E-01 
 ) >            
BDH          4    ( > 
 4.40028013E+00  1.46828957E+01  4.35195251E+01  7.40366484E+01  6.20880473E+01 
 5.09146378E+01  4.20244486E+01  3.47576201E+01  2.57733473E+01  2.26881737E+01 
 1.96820555E+01  1.76842200E+01  1.27574187E+01  3.49258726E+00  2.76895973E+00 
 2.19587912E+00  1.65407399E+00  1.43949115E+00  1.23131921E+00  1.05679469E+00 
 8.96415842E-01  7.96860197E-01  6.64644746E-01  8.85081237E-01  9.71655072E-01 
 ) >            
BDH          5    ( > 
 4.09116376E+00  1.34389960E+01  3.96541138E+01  6.73969531E+01  5.65345885E+01 
 4.63769435E+01  3.82949533E+01  3.16887456E+01  2.35212248E+01  2.07165215E+01 
 1.79836868E+01  1.61674727E+01  1.16885625E+01  3.26598842E+00  2.60814521E+00 
 2.08716284E+00  1.59461272E+00  1.39953741E+00  1.21029019E+00  1.05163153E+00 
 9.05832583E-01  8.15327452E-01  6.95131588E-01  8.95528397E-01  9.74231884E-01 
 ) >            
BDH          6    ( > 
 3.78204738E+00  1.21950964E+01  3.57887024E+01  6.07572578E+01  5.09811296E+01 
 4.18392491E+01  3.45654580E+01  2.86198710E+01  2.12691023E+01  1.87448694E+01 
 1.62853182E+01  1.46507254E+01  1.06197062E+01  3.03938958E+00  2.44733069E+00 
 1.97844655E+00  1.53515144E+00  1.35958367E+00  1.18926117E+00  1.04646838E+00 
 9.15249325E-01  8.33794707E-01  7.25618429E-01  9.05975557E-01  9.76808696E-01 
 ) >            
BDH          7    ( > 
 3.47293101E+00  1.09511968E+01  3.19232910E+01  5.41175625E+01  4.54276708E+01 
 3.73015548E+01  3.08359626E+01  2.55509964E+01  1.90169798E+01  1.67732172E+01 
 1.45869495E+01  1.31339782E+01  9.55084998E+00  2.81279074E+00  2.28651617E+00 
 1.86973027E+00  1.47569017E+00  1.31962993E+00  1.16823215E+00  1.04130523E+00 
 9.24666067E-01  8.52261961E-01  7.56105270E-01  9.16422718E-01  9.79385507E-01 
 ) >            
BDH          8    ( > 
 3.16381463E+00  9.70729723E+00  2.80578796E+01  4.74778672E+01  3.98742119E+01 
 3.27638604E+01  2.71064673E+01  2.24821219E+01  1.67648574E+01  1.48015651E+01 
 1.28885808E+01  1.16172309E+01  8.48199373E+00  2.58619189E+00  2.12570165E+00 
 1.76101399E+00  1.41622890E+00  1.27967619E+00  1.14720313E+00  1.03614207E+00 
 9.34082808E-01  8.70729216E-01  7.86592111E-01  9.26869878E-01  9.81962319E-01 
 ) >            
BDH          9    ( > 
 2.85469825E+00  8.46339763E+00  2.41924683E+01  4.08381718E+01  3.43207531E+01 
 2.82261661E+01  2.33769720E+01  1.94132473E+01  1.45127349E+01  1.28299129E+01 
 1.11902121E+01  1.01004836E+01  7.41313748E+00  2.35959305E+00  1.96488713E+00 
 1.65229770E+00  1.35676763E+00  1.23972245E+00  1.12617412E+00  1.03097892E+00 
 9.43499550E-01  8.89196471E-01  8.17078953E-01  9.37317038E-01  9.84539130E-01 
 ) >            
BDH         10    ( > 
 2.54558188E+00  7.21949802E+00  2.03270569E+01  3.41984765E+01  2.87672942E+01 
 2.36884717E+01  1.96474766E+01  1.63443728E+01  1.22606124E+01  1.08582608E+01 
 9.49184342E+00  8.58373635E+00  6.34428124E+00  2.13299421E+00  1.80407261E+00 
 1.54358142E+00  1.29730636E+00  1.19976870E+00  1.10514510E+00  1.02581577E+00 
 9.52916292E-01  9.07663726E-01  8.47565794E-01  9.47764198E-01  9.87115942E-01 
 ) >            
BDH         11    ( > 
 2.23646550E+00  5.97559842E+00  1.64616455E+01  2.75587812E+01  2.32138354E+01 
 1.91507774E+01  1.59179813E+01  1.32754982E+01  1.00084899E+01  8.88660861E+00 
 7.79347474E+00  7.06698908E+00  5.27542499E+00  1.90639537E+00  1.64325808E+00 
 1.43486513E+00  1.23784509E+00  1.15981496E+00  1.08411608E+00  1.02065261E+00 
 9.62333033E-01  9.26130981E-01  8.78052635E-01  9.58211359E-01  9.89692754E-01 
 ) >            
BDH         12    ( > 
 1.92734913E+00  4.73169881E+00  1.25962341E+01  2.09190859E+01  1.76603765E+01 
 1.46130830E+01  1.21884860E+01  1.02066237E+01  7.75636744E+00  6.91495645E+00 
 6.09510605E+00  5.55024181E+00  4.20656874E+00  1.67979653E+00  1.48244356E+00 
 1.32614885E+00  1.17838381E+00  1.11986122E+00  1.06308706E+00  1.01548946E+00 
 9.71749775E-01  9.44598236E-01  9.08539476E-01  9.68658519E-01  9.92269565E-01 
 ) >            
BDH         13    ( > 
 1.61823275E+00  3.48779921E+00  8.73082275E+00  1.42793906E+01  1.21069177E+01 
 1.00753887E+01  8.45899066E+00  7.13774911E+00  5.50424496E+00  4.94330430E+00 
 4.39673737E+00  4.03349454E+00  3.13771249E+00  1.45319768E+00  1.32162904E+00 
 1.21743257E+00  1.11892254E+00  1.07990748E+00  1.04205804E+00  1.01032631E+00 
 9.81166517E-01  9.63065490E-01  9.39026318E-01  9.79105679E-01  9.94846377E-01 
 ) >            
BDH         14    ( > 
 1.30911638E+00  2.24389960E+00  4.86541138E+00  7.63969531E+00  6.55345885E+00 
 5.53769435E+00  4.72949533E+00  4.06887456E+00  3.25212248E+00  2.97165215E+00 
 2.69836868E+00  2.51674727E+00  2.06885625E+00  1.22659884E+00  1.16081452E+00 
 1.10871628E+00  1.05946127E+00  1.03995374E+00  1.02102902E+00  1.00516315E+00 
 9.90583258E-01  9.81532745E-01  9.69513159E-01  9.89552840E-01  9.97423188E-01 
 ) >            
BDH         15    ( > 
 1.00000000E+00  1.00000000E+00  1.00000000E+00  1.00000000E+00  1.00000000E+00 
 1.00000000E+00  1.00000000E+00  1.00000000E+00  1.00000000E+00  1.00000000E+00 
 1.00000000E+00  1.00000000E+00  1.00000000E+00  1.00000000E+00  1.00000000E+00 
 1.00000000E+00  1.00000000E+00  1.00000000E+00  1.00000000E+00  1.00000000E+00 
 1.00000000E+00  1.00000000E+00  1.00000000E+00  1.00000000E+00  1.00000000E+00 
 ) >            
