 (     1     1) >                                                                               
 (     2     2) N ( 25 ) >                                                                      
 (     3     3) KK ( 9 ) >                                                                      
 (     4     4) NVH ( 0 ) >                                                                     
 (     5     5) >                                                                               
 (     6     6) NL ( 3 ) >                                                                      
 (     7     7) RUNTOPOP ( 1 2 3 0 ) >                                                          
 (     8     8) NTE ( 5 ) >                                                                     
 (     9     9) NT ( 3 )  INPAIR ( 2 1  3 1  3 2 ) >                                            
 (    10    10) >                                                                               
 (    11    11) DO ( LYMAN ) >                                                                  
 (    12    12) OMIT ( PHASE2 ) >                                                               
 (    13    13) DO ( USETRIN ) >                                                                
 (    14    14) GO >                                                                            
 (    15    15) R1N ( 7.66E7 ) >                                                                
 (    16    16) CGR ( 8.17E-4 ) >                                                               
 (    17    17) Z  ( >                                                                          
 (    18    18) -6.91000000E+08 -4.99000000E+08 -3.17000000E+08 -1.55000000E+08 -7.21000000E+07 
 (    19    19) -5.30000000E+07 -3.98000000E+07 -3.02000000E+07 -2.14000000E+07 -1.80000000E+07 
 (    20    20) -1.30000000E+07 -8.42000000E+06 -3.83000000E+06 -2.59000000E+06 -2.39000000E+06 
 (    21    21) -2.20000000E+06 -2.00000000E+06 -1.69000000E+06 -1.38000000E+06 -1.07000000E+06 
 (    22    22) -8.53000000E+05 -6.53000000E+05 -4.66000000E+05 -2.25000000E+05  0.00000000E+00 
 (    23    23) ) >                                                                             
 (    24    24) TE    ( M 1.E3 11.48 20.99 43.55 67.21 >                                        
 (    25    25) 51.96 40.93 31.69 24.04 16.5 14.36 12. 10.31 8.32 >                             
 (    26    26) 7.25 6.8 6.4 6. 5.76 5.52 5.3 >                                                 
 (    27    27) 5.10 4.97 4.80 5.00 5.20 ) >                                                    
 (    28    28) NH                      ( >                                                     
 (    29    29) M 2.E6 1.18 2.06 4.4 19.7 53.8 90. >                                            
 (    30    30) M 2.E9 .143 .233 .383 .495 .873 1.36 3.19 >                                     
 (    31    31) M 2.E11 .3 1.25 4.82 20. 74.6 278. M 20. >                                      
 (    32    32)  1.03608815E+13  2.86254832E+13  7.79085550E+13                                 
 (    33    33)  2.09882046E+14  8.19809439E+14  3.17157013E+15                                 
 (    34    34) ) >                                                                             
 (    35    35) NE                ( M 20. >                                                     
 (    36    36)  1.18059600E+05  2.06201382E+05  4.40603019E+05  1.97275156E+06  5.38745486E+06 
 (    37    37)  9.01223490E+06  1.43182534E+07  2.33223339E+07  3.82794919E+07  4.94201585E+07 
 (    38    38)  8.69326729E+07  1.34979151E+08  3.11801258E+08  2.22829707E+09  4.65650295E+09 
 (    39    39)  6.18464752E+09  7.19858620E+09  9.67539718E+09  1.26203947E+10  1.69432942E+10 
 (    40    40)  2.06728362E+10  3.00324158E+10  4.29723982E+10  1.67099200E+11  6.63679766E+11 
 (    41    41) ) >                                                                             
 (    42    42) BDHM              ( >                                                           
 (    43    43)  5.41111455E+03  1.19885715E+04  1.88565256E+04  1.04717206E+04  3.15207135E+03 
 (    44    44)  1.72260404E+03  9.19387939E+02  4.61970776E+02  1.72271894E+02  1.14462120E+02 
 (    45    45)  6.37936374E+01  3.67707042E+01  1.65687064E+01  1.02177085E+01  8.25024906E+00 
 (    46    46)  6.69678562E+00  5.32578017E+00  4.52130608E+00  3.78115411E+00  3.12083190E+00 
 (    47    47)  2.55055838E+00  2.08445997E+00  1.57143470E+00  1.23757907E+00  1.00641586E+00 
 (    48    48) ) >                                                                             
 (    49    49) >                                                                               
 (    50    50) NAME ( HYDROGEN ) >                                                             
 (    51    51) ELSYM ( H )  IONSTAGE ( 1 ) >                                                   
 (    52    52) MASS  ( 1. )                                                                    
 (    53    53) PART ( 0. ) >                                                                   
 (    54    54) ABD ( 1. ) >                                                                    
 (    55    55) >                                                                               
 (    56    56) PW ( 0.6666666666667 ) >                                                        
 (    57    57) >                                                                               
 (    58    58) P ( 2. 8. 18. ) >                                                               
 (    59    59) CP ( M 1.E-17 .792 1.3 2.156 ) >                                                
 (    60    60) TER ( M 1000. 5. 9. 15. 25. 35. ) >                                             
 (    61    61) CI 1 ( M 1.E-9 2.82 3.92 5.3 7.27 9.01 ) >                                      
 (    62    62) CI 2 ( M 1.E-8 5.9 7.57 9.44 11.7 13.4 ) >                                      
 (    63    63) CI 3 ( M 1.E-7 2.87 3.61 4.4 5.23 5.72 ) >                                      
 (    64    64) >                                                                               
 (    65    65) ktrans 2 1 ( thick ) >                                                          
 (    66    66) CE 2 1 ( M 1.E-8 2. 2. 1.9 1.8 1.8 ) >                                          
 (    67    67) ktrans 3 1 ( thick ) >                                                          
 (    68    68) CE 3 1 ( M 1.E-9 6.62 5.63 5.31 5.61 6.29 ) >                                   
 (    69    69) A 3 2 ( 4.41E+7 )                                                               
 (    70    70) CE 3 2 ( F 1.4E-6 ) >                                                           
 (    71    71) CRD 3 2 ( 6.5E-4 ) >                                                            
 (    72    72) CVW 3 2 ( 4.4E-4 ) >                                                            
 (    73    73) [ BALMER LINE STARK DATA BY A. BOESGAARD, 12/80, JQSRT 20,333 ] >               
 (    74    74) CSK 3 2 ( 1.174E-3 ) >                                                          
 (    75    75) CRS 3 2 ( 8.98E-4 ) >                                                           
 (    76    76) >                                                                               
 (    77    77) XK ( 1. 1.1 1.2 1.4 1.7 2.3 3. 5. 8. ) >                                        
 (    78    78) >                                                                               
 (    79    79) IOMX ( 2 ) >                                                                    
 (    80    80) POPUP ( HYDROGEN ) >                                                            
 (    81    81) TRN 2 ( I 23 5000. 5000. ) >                                                    
 (    82    82) TRN 3 ( I 24 5300. 5300. ) >                                                    
 (    83    83) GO >                                                                            
 (    84    84) GO >                                                                            
 (    85    85) GO                                                                              
