> from Overall Iteration  2 of  2                                Pandora 78.018
> Run Data:    25    3    3  0  0  H    1   2014-Mar-24 15:45:03    56740.65628
> DEMO-2                  3 L H, D.B.  ITER 01-02   28 OCT 87   ]               
> -------.---------.---------.---------.---------.---------.---------.---------.
N (  25 ) > 
Z                 ( > 
-6.91000000E+08 -4.99000000E+08 -3.17000000E+08 -1.55000000E+08 -7.21000000E+07 
-5.30000000E+07 -3.98000000E+07 -3.02000000E+07 -2.14000000E+07 -1.80000000E+07 
-1.30000000E+07 -8.42000000E+06 -3.83000000E+06 -2.59000000E+06 -2.39000000E+06 
-2.20000000E+06 -2.00000000E+06 -1.69000000E+06 -1.38000000E+06 -1.07000000E+06 
-8.53000000E+05 -6.53000000E+05 -4.66000000E+05 -2.25000000E+05  0.00000000E+00 
 ) >            
TE                ( > 
 1.14800000E+04  2.09900000E+04  4.35500000E+04  6.72100000E+04  5.19600000E+04 
 4.09300000E+04  3.16900000E+04  2.40400000E+04  1.65000000E+04  1.43600000E+04 
 1.20000000E+04  1.03100000E+04  8.32000000E+03  7.25000000E+03  6.80000000E+03 
 6.40000000E+03  6.00000000E+03  5.76000000E+03  5.52000000E+03  5.30000000E+03 
 5.10000000E+03  4.97000000E+03  4.80000000E+03  5.00000000E+03  5.20000000E+03 
 ) >            
[ FONTENLA data start ] > 
[ DEMO-2                  3 L H, D.B.  ITER 01-02   28 OCT 87   ]               
!NONAME!  model as of 2014-Mar-24 (PANDORA program version  78.018)
              Height     Temperature              ne              nH              vt              vp         bHminus        Velocity
   1 -6.91000000E+08  1.14800000E+04  2.59896717E+06  2.36000000E+06  0.00000000E+00  0.00000000E+00  5.41111455E+03  0.00000000E+00
   2 -4.99000000E+08  2.09900000E+04  4.94905948E+06  4.12000000E+06  0.00000000E+00  0.00000000E+00  1.19885715E+04  0.00000000E+00
   3 -3.17000000E+08  4.35500000E+04  1.05765054E+07  8.80000000E+06  0.00000000E+00  0.00000000E+00  1.88565256E+04  0.00000000E+00
   4 -1.55000000E+08  6.72100000E+04  4.73538969E+07  3.94000000E+07  0.00000000E+00  0.00000000E+00  1.04717206E+04  0.00000000E+00
   5 -7.21000000E+07  5.19600000E+04  1.29321790E+08  1.07600000E+08  0.00000000E+00  0.00000000E+00  3.15207135E+03  0.00000000E+00
   6 -5.30000000E+07  4.09300000E+04  2.16337522E+08  1.80000000E+08  0.00000000E+00  0.00000000E+00  1.72260404E+03  0.00000000E+00
   7 -3.98000000E+07  3.16900000E+04  3.43735893E+08  2.86000000E+08  0.00000000E+00  0.00000000E+00  9.19387939E+02  0.00000000E+00
   8 -3.02000000E+07  2.40400000E+04  5.59464089E+08  4.66000000E+08  0.00000000E+00  0.00000000E+00  4.61970776E+02  0.00000000E+00
   9 -2.14000000E+07  1.65000000E+04  8.43695125E+08  7.66000000E+08  0.00000000E+00  0.00000000E+00  1.72271894E+02  0.00000000E+00
  10 -1.80000000E+07  1.43600000E+04  1.09033747E+09  9.90000000E+08  0.00000000E+00  0.00000000E+00  1.14462120E+02  0.00000000E+00
  11 -1.30000000E+07  1.20000000E+04  1.92176767E+09  1.74600000E+09  0.00000000E+00  0.00000000E+00  6.37936374E+01  0.00000000E+00
  12 -8.42000000E+06  1.03100000E+04  2.93564823E+09  2.72000000E+09  0.00000000E+00  0.00000000E+00  3.67707042E+01  0.00000000E+00
  13 -3.83000000E+06  8.32000000E+03  6.38637811E+09  6.38000000E+09  0.00000000E+00  0.00000000E+00  1.65687064E+01  0.00000000E+00
  14 -2.59000000E+06  7.25000000E+03  3.37143364E+10  6.00000000E+10  0.00000000E+00  0.00000000E+00  1.02177085E+01  0.00000000E+00
  15 -2.39000000E+06  6.80000000E+03  5.13172320E+10  2.50000000E+11  0.00000000E+00  0.00000000E+00  8.25024906E+00  0.00000000E+00
  16 -2.20000000E+06  6.40000000E+03  6.15629879E+10  9.64000000E+11  0.00000000E+00  0.00000000E+00  6.69678562E+00  0.00000000E+00
  17 -2.00000000E+06  6.00000000E+03  6.69620676E+10  4.00000000E+12  0.00000000E+00  0.00000000E+00  5.32578017E+00  0.00000000E+00
  18 -1.69000000E+06  5.76000000E+03  8.58751246E+10  1.49200000E+13  0.00000000E+00  0.00000000E+00  4.52130608E+00  0.00000000E+00
  19 -1.38000000E+06  5.52000000E+03  1.06077778E+11  5.56000000E+13  0.00000000E+00  0.00000000E+00  3.78115411E+00  0.00000000E+00
  20 -1.07000000E+06  5.30000000E+03  1.35335730E+11  2.07217630E+14  0.00000000E+00  0.00000000E+00  3.12083190E+00  0.00000000E+00
  21 -8.53000000E+05  5.10000000E+03  1.61114256E+11  5.72509664E+14  0.00000000E+00  0.00000000E+00  2.55055838E+00  0.00000000E+00
  22 -6.53000000E+05  4.97000000E+03  2.48797531E+11  1.55817110E+15  0.00000000E+00  0.00000000E+00  2.08445997E+00  0.00000000E+00
  23 -4.66000000E+05  4.80000000E+03  4.42585938E+11  4.19764092E+15  0.00000000E+00  0.00000000E+00  1.57143470E+00  0.00000000E+00
  24 -2.25000000E+05  5.00000000E+03  1.59818255E+12  1.63961888E+16  0.00000000E+00  0.00000000E+00  1.23757907E+00  0.00000000E+00
  25  0.00000000E+00  5.20000000E+03  5.59370767E+12  6.34314026E+16  0.00000000E+00  0.00000000E+00  1.00641586E+00  0.00000000E+00
[ FONTENLA data end ] > 
[ CENSUS data start ] > 
[ DEMO-2                  3 L H, D.B.  ITER 01-02   28 OCT 87   ]               
H             1   25
Z                 ( > 
-6.91000000E+08 -4.99000000E+08 -3.17000000E+08 -1.55000000E+08 -7.21000000E+07 
-5.30000000E+07 -3.98000000E+07 -3.02000000E+07 -2.14000000E+07 -1.80000000E+07 
-1.30000000E+07 -8.42000000E+06 -3.83000000E+06 -2.59000000E+06 -2.39000000E+06 
-2.20000000E+06 -2.00000000E+06 -1.69000000E+06 -1.38000000E+06 -1.07000000E+06 
-8.53000000E+05 -6.53000000E+05 -4.66000000E+05 -2.25000000E+05  0.00000000E+00 
 ) >            
FLVSL             ( > 
-7.82493328E+00 -7.74690564E+00 -7.60802648E+00 -7.08139896E+00 -6.58196903E+00 
-6.29780777E+00 -6.03421731E+00 -5.75637893E+00 -5.42721641E+00 -5.27477513E+00 
-4.96077483E+00 -4.66104501E+00 -4.22911760E+00 -3.57621561E-01 -9.94653151E-02 
-2.84722809E-02 -7.19309832E-03 -2.40400793E-03 -7.59613150E-04 -2.32305358E-04 
-8.12624206E-05 -4.57132359E-05 -8.41588296E-05 -2.03297033E-04 -5.19250364E-04 
 ) >            
FIONL             ( > 
-6.49906727E-09 -7.77819227E-09 -1.07092198E-08 -3.60068700E-08 -1.13714366E-07 
-2.18764403E-07 -4.01390607E-07 -7.61036977E-07 -1.62393526E-06 -2.30680206E-06 
-4.75348205E-06 -9.47859656E-06 -2.56259233E-05 -2.50969789E-01 -6.88896543E-01 
-1.19752043E+00 -1.78446041E+00 -2.25805814E+00 -2.75771638E+00 -3.27445572E+00 
-3.75925540E+00 -4.22905431E+00 -4.87343612E+00 -4.94601290E+00 -4.95891884E+00 
 ) >            
[ CENSUS data end ] > 
[ KURUCZ - MODEL data start ] > 
[ DEMO-2                  3 L H, D.B.  ITER 01-02   28 OCT 87   ]               
        25
      mass          Te          p(gas)          Ne                   v(broad)      v(flow)
 3.678493E-07     11480.0  8.233999E-06  2.598967E+06  0.0  0.0  0.000000E+00  0.000000E+00      1
 1.227480E-06     20990.0  2.747612E-05  4.949059E+06  0.0  0.0  0.000000E+00  0.000000E+00      2
 5.441240E-06     43550.0  1.217976E-04  1.057651E+07  0.0  0.0  0.000000E+00  0.000000E+00      3
 3.759734E-05     67210.0  8.415852E-04  4.735390E+07  0.0  0.0  0.000000E+00  0.000000E+00      4
 7.937951E-05     51960.0  1.776844E-03  1.293218E+08  0.0  0.0  0.000000E+00  0.000000E+00      5
 1.046023E-04     40930.0  2.341435E-03  2.163375E+08  0.0  0.0  0.000000E+00  0.000000E+00      6
 1.286812E-04     31690.0  2.880421E-03  3.437359E+08  0.0  0.0  0.000000E+00  0.000000E+00      7
 1.589646E-04     24040.0  3.558291E-03  5.594641E+08  0.0  0.0  0.000000E+00  0.000000E+00      8
 1.716180E-04     16500.0  3.841526E-03  8.436951E+08  0.0  0.0  0.000000E+00  0.000000E+00      9
 1.930298E-04     14360.0  4.320811E-03  1.090337E+09  0.0  0.0  0.000000E+00  0.000000E+00     10
 2.843976E-04     12000.0  6.366002E-03  1.921768E+09  0.0  0.0  0.000000E+00  0.000000E+00     11
 3.769531E-04     10310.0  8.437781E-03  2.935648E+09  0.0  0.0  0.000000E+00  0.000000E+00     12
 6.878897E-04      8320.0  1.539784E-02  6.386378E+09  0.0  0.0  0.000000E+00  0.000000E+00     13
 4.529509E-03      7250.0  1.013893E-01  3.371434E+10  0.0  0.0  0.000000E+00  0.000000E+00     14
 1.378197E-02      6800.0  3.084980E-01  5.131723E+10  0.0  0.0  0.000000E+00  0.000000E+00     15
 4.440464E-02      6400.0  9.939608E-01  6.156299E+10  0.0  0.0  0.000000E+00  0.000000E+00     16
 1.654248E-01      6000.0  3.702897E+00  6.696207E+10  0.0  0.0  0.000000E+00  0.000000E+00     17
 5.862502E-01      5760.0  1.312272E+01  8.587512E+10  0.0  0.0  0.000000E+00  0.000000E+00     18
 2.086060E+00      5520.0  4.669470E+01  1.060778E+11  0.0  0.0  0.000000E+00  0.000000E+00     19
 7.455942E+00      5300.0  1.668951E+02  1.353357E+11  0.0  0.0  0.000000E+00  0.000000E+00     20
 1.981528E+01      5100.0  4.435486E+02  1.611143E+11  0.0  0.0  0.000000E+00  0.000000E+00     21
 5.254887E+01      4970.0  1.176263E+03  2.487975E+11  0.0  0.0  0.000000E+00  0.000000E+00     22
 1.367069E+02      4800.0  3.060070E+03  4.425859E+11  0.0  0.0  0.000000E+00  0.000000E+00     23
 5.561593E+02      5000.0  1.244916E+04  1.598183E+12  0.0  0.0  0.000000E+00  0.000000E+00     24
 2.236901E+03      5200.0  5.007116E+04  5.593708E+12  0.0  0.0  0.000000E+00  0.000000E+00     25
[ KURUCZ - MODEL data end ] > 
[ KURUCZ - b data start ] > 
[ DEMO-2                  3 L H, D.B.  ITER 01-02   28 OCT 87   ]               
HMINUS         1        25
 5.41111455E+03  1.19885715E+04  1.88565256E+04  1.04717206E+04  3.15207135E+03 
 1.72260404E+03  9.19387939E+02  4.61970776E+02  1.72271894E+02  1.14462120E+02 
 6.37936374E+01  3.67707042E+01  1.65687064E+01  1.02177085E+01  8.25024906E+00 
 6.69678562E+00  5.32578017E+00  4.52130608E+00  3.78115411E+00  3.12083190E+00 
 2.55055838E+00  2.08445997E+00  1.57143470E+00  1.23757907E+00  1.00641586E+00 
 ) >            
H1             1        25
 1.82914895E+01  1.44011802E+04  1.36284399E+06  7.02736868E+06  2.77284342E+06 
 9.83338840E+05  2.51350567E+05  3.96646770E+04  1.58998890E+03  3.41230459E+02 
 3.51172505E+01  4.23105996E+00  9.80313907E-02  1.21931996E+01  8.55966054E+00 
 5.80266471E+00  3.79675076E+00  2.80056522E+00  2.05002975E+00  1.51841337E+00 
 1.14412767E+00  9.36019329E-01  7.15210229E-01  9.26747846E-01  9.73201643E-01 
 ) >            
H1             2        25
 3.29358991E+02  2.41156398E+03  1.03485454E+04  1.84095104E+04  1.31532115E+04 
 9.07419486E+03  5.57922662E+03  2.89726221E+03  9.36465238E+02  5.41412854E+02 
 2.19724116E+02  7.87792971E+01  1.76070712E+01  1.83219072E+01  1.11840751E+01 
 7.50224476E+00  4.84928007E+00  3.47083229E+00  2.41958730E+00  1.68395370E+00 
 1.19286028E+00  9.38417958E-01  6.98973238E-01  9.27481808E-01  9.72277415E-01 
 ) >            
H1             3        25
 4.70939651E+00  1.59267953E+01  4.73849365E+01  8.06763437E+01  6.76415062E+01 
 5.54523322E+01  4.57539439E+01  3.78264947E+01  2.80254698E+01  2.46598258E+01 
 2.13804242E+01  1.92009672E+01  1.38262750E+01  3.71918610E+00  2.92977425E+00 
 2.30459540E+00  1.71353526E+00  1.47944489E+00  1.25234823E+00  1.06195784E+00 
 8.86999100E-01  7.78392942E-01  6.34157905E-01  8.74634076E-01  9.69078261E-01 
 ) >            
[ KURUCZ - b data end ] > 
