> from Overall Iteration  2 of  2                                Pandora 78.018
> Run Data:    25    3    3  0  0  H    1   2014-Mar-24 15:45:03    56740.65628
> DEMO-2                  3 L H, D.B.  ITER 01-02   28 OCT 87   ]               
> -------.---------.---------.---------.---------.---------.---------.---------.
[ DEMO-2                  3 L H, D.B.  ITER 01-02   28 OCT 87   ]               
RHO          3  2 ( > 
 4.47770152E-03  4.95064475E-04  3.49889431E-03  1.44395517E-03  2.39787244E-03 
 3.35093719E-03  4.04324752E-03  4.08488233E-03  2.67924058E-03  1.65525001E-03 
-2.31002730E-04 -1.78822345E-03  2.58408387E-03 -2.87308216E-04  3.42785773E-04 
 3.03219532E-04  2.28500830E-04  2.39909117E-04  2.61938299E-04  3.55772832E-04 
 5.40479478E-04  8.97814830E-04  1.53884910E-03  9.47237633E-04  3.50203337E-05 
 ) >            
RHWT         3  2 ( > 
 7.00000000E-01  7.00000000E-01  7.00000000E-01  7.00000000E-01  7.00000000E-01 
 7.00000000E-01  7.00000000E-01  7.00000000E-01  7.00000000E-01  7.00000000E-01 
 7.00000000E-01  7.00000000E-01  7.00000000E-01  7.00000000E-01  7.00000000E-01 
 7.00000000E-01  7.00000000E-01  7.00000000E-01  7.00000000E-01  7.00000000E-01 
 7.00000000E-01  7.00000000E-01  7.00000000E-01  7.00000000E-01  7.00000000E-01 
 ) >            
JBAR         3  2 ( > 
 2.94663552E-06  3.23953848E-06  3.87051241E-06  4.43134524E-06  4.72747583E-06 
 5.01603420E-06  5.76608830E-06  7.38557510E-06  1.12145297E-05  1.40422207E-05 
 2.23783300E-05  4.21701028E-05  8.41277499E-05  1.39714955E-05  1.47594831E-05 
 1.41469660E-05  1.29457712E-05  1.34223462E-05  1.38248721E-05  1.42971935E-05 
 1.43407817E-05  1.42968868E-05  1.33658473E-05  1.67154710E-05  2.09902874E-05 
 ) >            
CHI          3  2 ( > 
 2.93862456E-06  3.21759540E-06  3.79679102E-06  4.13097890E-06  4.15336633E-06 
 4.07711478E-06  3.84970701E-06  3.28643145E-06  3.35166501E-06  2.05096082E-06 
 8.28705322E-07  1.02818974E-06  6.98102715E-08  2.48006936E-08  9.91846506E-09 
 7.89011061E-09  7.29385843E-09  6.57596946E-09  5.59854047E-09  4.51731189E-09 
 1.57006315E-09 -5.88952098E-09 -1.90418919E-08 -1.48110359E-08 -6.19413313E-10 
 ) >            
AW           3  2 ( > 
-9.97286390E-01 -9.93227089E-01 -9.80925663E-01 -9.32070574E-01 -8.78323720E-01 
-8.12485519E-01 -6.67024804E-01 -4.43711364E-01 -2.96692514E-01 -1.43124602E-01 
-3.32815060E-02 -2.03376852E-02 -4.50736385E-03 -1.18865465E-03 -9.98363387E-04 
-8.58611971E-04 -7.83504517E-04 -7.25054237E-04 -6.58984852E-04 -6.49100805E-04 
-5.99611633E-04 -4.08448080E-04 -1.15901303E-04 -4.95806100E-07  1.00498363E-17 
 ) >            
IRKCOMP ( I  1 0 ) >
RK           1    ( > 
 2.25646397E+01  2.51347403E+01  2.52908782E+01  2.54279193E+01  2.57514342E+01 
 2.59662849E+01  2.63010369E+01  2.66716020E+01  2.29217919E+01  2.27277818E+01 
 2.20475153E+01  1.87536626E+01  1.64048557E+01  9.03144496E-03  3.06488089E-03 
 1.02984692E-03  2.96314875E-04  1.32945117E-04  5.47621082E-05  2.24575423E-05 
 9.24435217E-06  5.03225133E-06  2.12827140E-06  6.16572249E-06  2.00443445E-05 
 ) >            
RKWT         1    ( > 
 7.00000000E-01  7.00000000E-01  7.00000000E-01  7.00000000E-01  7.00000000E-01 
 7.00000000E-01  7.00000000E-01  7.00000000E-01  7.00000000E-01  7.00000000E-01 
 7.00000000E-01  7.00000000E-01  8.00000000E-01  7.00000000E-01  7.00000000E-01 
 7.00000000E-01  7.00000000E-01  7.00000000E-01  7.00000000E-01  7.00000000E-01 
 8.00000000E-01  1.00000000E+00  7.00000000E-01  1.00000000E+00  7.00000000E-01 
 ) >            
IRLCOMP ( I  1 0 ) >
RL           1    ( > 
 5.16074761E+02  4.40881872E+05  4.12889194E+07  2.13302287E+08  8.63248270E+07 
 3.10305232E+07  8.05677768E+06  1.29174115E+06  4.60433997E+04  9.80982375E+03 
 9.70894657E+02  9.95548039E+01  2.18764492E+00  1.21921046E-01  2.78302164E-02 
 6.31827546E-03  1.18314109E-03  3.88275141E-04  1.15899453E-04  3.48220902E-05 
 1.06842931E-05  4.71485536E-06  1.51466173E-06  5.71568378E-06  1.95050693E-05 
 ) >            
EP1               ( > 
 8.23886116E-07  1.36417050E-06  2.38391197E-06  9.37417201E-06  2.69820112E-05 
 4.72478722E-05  7.72989348E-05  1.26223412E-04  1.85943041E-04  2.27679860E-04 
 3.36285862E-04  3.63060776E-04  4.86880981E-04  1.02596990E-02  1.76860111E-02 
 1.95873204E-02  1.87887865E-02  2.10639881E-02  2.29476961E-02  2.60834388E-02 
 2.85931366E-02  4.14122671E-02  6.95189650E-02  1.81411063E-01  3.26694950E-01 
 ) >            
EP2               ( > 
 3.44740656E-09  8.51669693E-10  4.30383273E-10  1.05124162E-09  4.04532043E-09 
 9.71655766E-09  2.39053611E-08  6.84067029E-08  2.92029429E-07  6.02864954E-07 
 2.11773218E-06  6.25926675E-06  3.96059736E-05  6.57071211E-04  1.74931793E-03 
 2.87276476E-03  4.22953593E-03  6.53839747E-03  1.00517749E-02  1.61125391E-02 
 2.44515475E-02  4.42412739E-02  9.85375846E-02  1.95742452E-01  3.35952817E-01 
 ) >            
NK                ( > 
 2.35999996E+06  4.11999993E+06  8.79999978E+06  3.93999967E+07  1.07599972E+08 
 1.79999909E+08  2.85999736E+08  4.65999183E+08  7.65997136E+08  9.89994742E+08 
 1.74598089E+09  2.71994064E+09  6.37962355E+09  3.36652203E+10  5.11733049E+10 
 6.11725521E+10  6.57051758E+10  8.23589282E+10  9.71311238E+10  1.10146572E+11 
 9.96615004E+10  9.19519279E+10  5.61783743E+10  1.85664987E+11  6.97245105E+11 
 ) >            
ND           1    ( > 
 3.52316377E-02  7.36126275E-02  2.16561185E-01  3.26069507E+00  2.81185485E+01 
 9.04834155E+01  2.63766943E+02  8.14842730E+02  2.85900026E+03  5.24950653E+03 
 1.90846301E+04  5.93154258E+04  3.76244102E+05  2.63347665E+10  1.98826666E+11 
 9.02827401E+11  3.93429469E+12  1.48376394E+13  5.55028364E+13  2.07106818E+14 
 5.72402549E+14  1.55800710E+15  4.19682757E+15  1.63885154E+16  6.33556081E+16 
 ) >            
ND           2    ( > 
 8.45456743E-05  1.75446338E-04  4.34339283E-04  5.87296836E-03  5.46944808E-02 
 1.85327437E-01  5.59271394E-01  1.73232290E+00  5.16703182E+00  8.77598895E+00 
 2.48769055E+01  4.56849326E+01  1.79476864E+02  1.28775975E+04  2.87015485E+04 
 4.34542590E+04  5.45233908E+04  8.77125001E+04  1.27886458E+05  1.84139247E+05 
 1.99302558E+05  2.84287639E+05  3.21178486E+05  3.44359745E+06  3.30280810E+07 
 ) >            
ND           3    ( > 
 4.03128073E-07  9.17665953E-07  2.70527028E-06  4.17948490E-05  4.15069606E-04 
 1.49169991E-03  5.16774128E-03  2.04494046E-02  9.21751345E-02  1.95479246E-01 
 8.76838650E-01  2.98984668E+00  2.27600808E+01  2.86164335E+02  6.73846751E+02 
 9.78075741E+02  1.12353237E+03  1.87246536E+03  2.80962194E+03  4.18009837E+03 
 4.53608590E+03  6.45026271E+03  6.81822568E+03  9.12097388E+04  1.09440506E+06 
 ) >            
BD           1    ( > 
 1.82914895E+01  1.44011802E+04  1.36284399E+06  7.02736868E+06  2.77284342E+06 
 9.83338840E+05  2.51350567E+05  3.96646770E+04  1.58998890E+03  3.41230459E+02 
 3.51172505E+01  4.23105996E+00  9.80313907E-02  1.21931996E+01  8.55966054E+00 
 5.80266471E+00  3.79675076E+00  2.80056522E+00  2.05002975E+00  1.51841337E+00 
 1.14412767E+00  9.36019329E-01  7.15210229E-01  9.26747846E-01  9.73201643E-01 
 ) >            
BD           2    ( > 
 3.29358991E+02  2.41156398E+03  1.03485454E+04  1.84095104E+04  1.31532115E+04 
 9.07419486E+03  5.57922662E+03  2.89726221E+03  9.36465238E+02  5.41412854E+02 
 2.19724116E+02  7.87792971E+01  1.76070712E+01  1.83219072E+01  1.11840751E+01 
 7.50224476E+00  4.84928007E+00  3.47083229E+00  2.41958730E+00  1.68395370E+00 
 1.19286028E+00  9.38417958E-01  6.98973238E-01  9.27481808E-01  9.72277415E-01 
 ) >            
BD           3    ( > 
 4.70939651E+00  1.59267953E+01  4.73849365E+01  8.06763437E+01  6.76415062E+01 
 5.54523322E+01  4.57539439E+01  3.78264947E+01  2.80254698E+01  2.46598258E+01 
 2.13804242E+01  1.92009672E+01  1.38262750E+01  3.71918610E+00  2.92977425E+00 
 2.30459540E+00  1.71353526E+00  1.47944489E+00  1.25234823E+00  1.06195784E+00 
 8.86999100E-01  7.78392942E-01  6.34157905E-01  8.74634076E-01  9.69078261E-01 
 ) >            
USE ( INPUT ) > 
