> from Overall Iteration  2 of  2                                Pandora 78.018
> Run Data:    25    3    3  0  0  H    1   2014-Mar-24 15:45:12    56740.65639
> DEMO-3                  3 L H, D.B.  ITER 03-04   02 OCT 02   ]               
> -------.---------.---------.---------.---------.---------.---------.---------.
[ DEMO-3                  3 L H, D.B.  ITER 03-04   02 OCT 02   ]               
RHO          3  2 ( > 
 1.04541729E-02  8.88964735E-03  5.80063294E-03  3.91397127E-03  4.79162805E-03 
 5.74755304E-03  6.57323630E-03  7.02772984E-03  5.99922650E-03  5.33895009E-03 
 4.34900197E-03  3.61043374E-03  1.01423091E-03  5.72176553E-04  5.09005953E-04 
 4.12312177E-04  3.31801263E-04  3.22431360E-04  3.21830630E-04  3.79266312E-04 
 4.99454885E-04  7.92289056E-04  1.36623292E-03  1.07892883E-03  6.99385293E-05 
 ) >            
RHWT         3  2 ( > 
 7.00000000E-01  7.00000000E-01  7.00000000E-01  7.00000000E-01  7.00000000E-01 
 7.00000000E-01  7.00000000E-01  7.00000000E-01  5.00000000E-01  5.00000000E-01 
 5.00000000E-01  7.00000000E-01  7.00000000E-01  5.00000000E-01  5.00000000E-01 
 5.00000000E-01  5.00000000E-01  5.00000000E-01  5.00000000E-01  5.00000000E-01 
 5.00000000E-01  5.00000000E-01  5.00000000E-01  5.00000000E-01  7.00000000E-01 
 ) >            
JBAR         3  2 ( > 
 9.91743852E-07  1.11807660E-06  1.60488150E-06  2.19241792E-06  1.95037029E-06 
 1.77308181E-06  1.68446114E-06  1.68621014E-06  1.78127775E-06  1.87102059E-06 
 2.15042154E-06  2.72041005E-06  1.00838517E-05  2.53595477E-05  2.75947222E-05 
 2.67726211E-05  2.46031877E-05  2.40116464E-05  2.27394044E-05  2.07878837E-05 
 1.80529536E-05  1.59253812E-05  1.35469154E-05  1.71460496E-05  2.10760479E-05 
 ) >            
CHI          3  2 ( > 
 9.90909344E-07  1.11565188E-06  1.59145027E-06  2.10276815E-06  1.79876885E-06 
 1.57023042E-06  1.37823543E-06  1.22111308E-06  1.24069854E-06  1.16065895E-06 
 8.39070092E-07  3.98398102E-07  3.05268746E-08  1.72998606E-08  1.87586208E-08 
 1.49804053E-08  1.09996642E-08  6.75814515E-09  5.15926035E-09  3.43143255E-09 
 6.93877872E-10 -5.32715855E-09 -1.41826759E-08 -1.75840616E-08 -1.63516052E-09 
 ) >            
AW           3  2 ( > 
-9.99166520E-01 -9.97848723E-01 -9.91673799E-01 -9.59251331E-01 -9.22618106E-01 
-8.86231014E-01 -8.19414568E-01 -7.26256370E-01 -6.98761289E-01 -6.23070309E-01 
-3.94409813E-01 -1.51296787E-01 -4.25815002E-03 -1.19482541E-03 -1.11759927E-03 
-9.20767809E-04 -7.40063096E-04 -5.65062475E-04 -5.03836073E-04 -4.81404567E-04 
-4.35839000E-04 -3.01301303E-04 -1.08887441E-04 -3.96012855E-07 -7.38133895E-18 
 ) >            
IRKCOMP ( I  1 0 ) >
RK           1    ( > 
 6.47685105E+00  6.49111650E+00  6.49565264E+00  6.54236811E+00  6.75209593E+00 
 6.94456333E+00  7.32600941E+00  8.19532516E+00  1.00722767E+01  1.12441423E+01 
 1.23704284E+01  1.17186899E+01  1.03708517E-01  2.68272381E-03  9.90750932E-04 
 3.44646367E-04  1.01600374E-04  4.74356790E-05  2.08796123E-05  9.40782655E-06 
 3.87160863E-06  2.33112176E-06  1.13202761E-06  4.80776994E-06  1.96887336E-05 
 ) >            
RKWT         1    ( > 
 7.00000000E-01  7.00000000E-01  7.00000000E-01  7.00000000E-01  7.00000000E-01 
 7.00000000E-01  7.00000000E-01  7.00000000E-01  7.00000000E-01  7.00000000E-01 
 7.00000000E-01  7.00000000E-01  7.00000000E-01  7.00000000E-01  7.00000000E-01 
 7.00000000E-01  7.00000000E-01  7.00000000E-01  7.00000000E-01  7.00000000E-01 
 7.00000000E-01  7.00000000E-01  7.00000000E-01  7.00000000E-01  7.00000000E-01 
 ) >            
IRLCOMP ( I  1 0 ) >
RL           1    ( > 
 5.16074759E+02  4.40881870E+05  4.12889193E+07  2.13302287E+08  8.63248268E+07 
 3.10305231E+07  8.05677766E+06  1.29174114E+06  4.60433996E+04  9.80982374E+03 
 9.70894658E+02  9.95548043E+01  2.18764487E+00  1.21921046E-01  2.78302164E-02 
 6.31827546E-03  1.18314109E-03  3.88275141E-04  1.15899453E-04  3.48220902E-05 
 1.06842931E-05  4.71485536E-06  1.51466173E-06  5.71568378E-06  1.95050693E-05 
 ) >            
EP1               ( > 
 4.32625931E-06  7.16319441E-06  1.25932780E-05  4.94848775E-05  1.44589291E-04 
 2.56871576E-04  4.32628366E-04  7.47673663E-04  1.24649331E-03  1.65332544E-03 
 2.97304804E-03  4.49707815E-03  7.59832920E-03  2.24650043E-02  3.09091749E-02 
 3.55310900E-02  3.80258490E-02  4.49536883E-02  5.04640188E-02  5.62761183E-02 
 5.82387683E-02  7.94773175E-02  1.28352760E-01  2.23777194E-01  3.59478259E-01 
 ) >            
EP2               ( > 
 3.44731228E-09  8.51561119E-10  4.30371013E-10  1.05115557E-09  4.04446899E-09 
 9.71309068E-09  2.38913247E-08  6.83233130E-08  2.91540837E-07  6.01523159E-07 
 2.10906890E-06  6.21094441E-06  3.90290601E-05  3.78965634E-04  8.33942940E-04 
 1.45870926E-03  2.45691559E-03  4.17817282E-03  7.08062738E-03  1.24112543E-02 
 1.94941795E-02  3.77368721E-02  8.83688885E-02  1.87696229E-01  3.57010740E-01 
 ) >            
NK                ( > 
 2.35999979E+06  4.11999954E+06  8.79999870E+06  3.93999817E+07  1.07599845E+08 
 1.79999499E+08  2.85998553E+08  4.65995850E+08  7.65989404E+08  9.89982817E+08 
 1.74594632E+09  2.71984999E+09  6.32534538E+09  2.30832827E+10  3.27477720E+10 
 3.84492066E+10  4.12230317E+10  5.17982168E+10  6.14152676E+10  7.01435909E+10 
 5.66478385E+10  5.04402294E+10  3.16254775E+10  1.39117850E+11  6.19753446E+11 
 ) >            
ND           1    ( > 
 2.07063872E-01  4.61207187E-01  1.29707674E+00  1.83106107E+01  1.54973326E+02 
 5.00458392E+02  1.44521779E+03  4.14587291E+03  1.05821180E+04  1.71560163E+04 
 5.35772773E+04  1.49744502E+05  5.46516202E+07  3.69166902E+10  2.17252175E+11 
 9.25550717E+11  3.95877687E+12  1.48682016E+13  5.55385845E+13  2.07147486E+14 
 5.72453016E+14  1.55812066E+15  4.19760929E+15  1.63960497E+16  6.34307828E+16 
 ) >            
ND           2    ( > 
 1.58039984E-04  3.27355487E-04  7.91398506E-04  1.23401370E-02  1.28510917E-01 
 4.34957606E-01  1.28998917E+00  4.13551798E+00  1.42153492E+01  2.73058653E+01 
 1.02350812E+02  2.63555425E+02  2.95234347E+03  2.60673917E+04  5.11760994E+04 
 7.29803801E+04  9.01919240E+04  1.42063559E+05  2.02264007E+05  2.77425676E+05 
 2.28392259E+05  3.09845956E+05  3.97045404E+05  3.45613662E+06  3.36785760E+07 
 ) >            
ND           3    ( > 
 2.53341141E-07  5.90674203E-07  2.04304732E-06  4.34299125E-05  4.02820540E-04 
 1.24097506E-03  3.50053141E-03  1.12439122E-02  4.08192063E-02  8.23390282E-02 
 3.54548365E-01  1.15305056E+00  4.74167465E+01  1.04087477E+03  2.21994344E+03 
 3.07299986E+03  3.49505874E+03  5.37496857E+03  7.25359409E+03  9.10801655E+03 
 6.52477880E+03  7.82212045E+03  8.54518047E+03  9.38939555E+04  1.12052034E+06 
 ) >            
BD           1    ( > 
 1.07505359E+02  9.02387841E+04  8.16274597E+06  3.94630524E+07  1.52825326E+07 
 5.43887386E+06  1.37721312E+06  2.01859569E+05  5.88527764E+03  1.11522726E+03 
 9.85942036E+01  1.06967324E+01  1.44851713E+01  3.63316142E+01  2.27924033E+01 
 1.49897130E+01  9.57914374E+00  6.85800262E+00  4.76113297E+00  3.27003754E+00 
 2.66097701E+00  1.98784592E+00  1.28680808E+00  1.18841976E+00  9.90247383E-01 
 ) >            
BD           2    ( > 
 6.15679440E+02  4.50013468E+03  1.88560409E+04  3.86820829E+04  3.09053916E+04 
 2.12971807E+04  1.28690299E+04  6.91818382E+03  2.57645473E+03  1.68463591E+03 
 9.04079551E+02  4.55124055E+02  2.94625720E+02  7.88328338E+01  4.85966131E+01 
 3.17493875E+01  2.01132628E+01  1.37376724E+01  8.88189960E+00  5.46270672E+00 
 3.17897001E+00  2.17195295E+00  1.55436657E+00  1.19314325E+00  1.00759601E+00 
 ) >            
BD           3    ( > 
 2.95963040E+00  1.02528166E+01  3.57859996E+01  8.38335184E+01  6.56462422E+01 
 4.61326296E+01  3.09934626E+01  2.08034855E+01  1.24113246E+01  1.03875399E+01 
 8.64581831E+00  7.41551398E+00  2.93013933E+01  2.87544199E+01  2.35211745E+01 
 1.82454717E+01  1.33654135E+01  1.03781335E+01  7.50414104E+00  4.98221003E+00 
 2.96712640E+00  2.00452849E+00  1.42970505E+00  1.15406822E+00  1.00838497E+00 
 ) >            
USE ( INPUT ) > 
