> from Overall Iteration  2 of  2                                Pandora 78.018
> Run Data:    25    3    3  0  0  H    1   2014-Mar-24 15:45:12    56740.65639
> DEMO-3                  3 L H, D.B.  ITER 03-04   02 OCT 02   ]               
> -------.---------.---------.---------.---------.---------.---------.---------.
N (  25 ) > 
Z                 ( > 
-6.91000000E+08 -4.99000000E+08 -3.17000000E+08 -1.55000000E+08 -7.21000000E+07 
-5.30000000E+07 -3.98000000E+07 -3.02000000E+07 -2.14000000E+07 -1.80000000E+07 
-1.30000000E+07 -8.42000000E+06 -3.83000000E+06 -2.59000000E+06 -2.39000000E+06 
-2.20000000E+06 -2.00000000E+06 -1.69000000E+06 -1.38000000E+06 -1.07000000E+06 
-8.53000000E+05 -6.53000000E+05 -4.66000000E+05 -2.25000000E+05  0.00000000E+00 
 ) >            
TE                ( > 
 1.14800000E+04  2.09900000E+04  4.35500000E+04  6.72100000E+04  5.19600000E+04 
 4.09300000E+04  3.16900000E+04  2.40400000E+04  1.65000000E+04  1.43600000E+04 
 1.20000000E+04  1.03100000E+04  8.32000000E+03  7.25000000E+03  6.80000000E+03 
 6.40000000E+03  6.00000000E+03  5.76000000E+03  5.52000000E+03  5.30000000E+03 
 5.10000000E+03  4.97000000E+03  4.80000000E+03  5.00000000E+03  5.20000000E+03 
 ) >            
[ FONTENLA data start ] > 
[ DEMO-3                  3 L H, D.B.  ITER 03-04   02 OCT 02   ]               
!NONAME!  model as of 2014-Mar-24 (PANDORA program version  78.018)
              Height     Temperature              ne              nH              vt              vp         bHminus        Velocity
   1 -6.91000000E+08  1.14800000E+04  2.59891025E+06  2.36000000E+06  1.00000000E+01  1.00000000E+01  5.41111455E+03  0.00000000E+00
   2 -4.99000000E+08  2.09900000E+04  4.94847419E+06  4.12000000E+06  1.00000000E+01  1.00000000E+01  1.19885715E+04  0.00000000E+00
   3 -3.17000000E+08  4.35500000E+04  1.05763828E+07  8.80000000E+06  1.00000000E+01  1.00000000E+01  1.88565256E+04  0.00000000E+00
   4 -1.55000000E+08  6.72100000E+04  4.73533379E+07  3.94000000E+07  1.00000000E+01  1.00000000E+01  1.04717206E+04  0.00000000E+00
   5 -7.21000000E+07  5.19600000E+04  1.29320178E+08  1.07600000E+08  1.00000000E+01  1.00000000E+01  3.15207135E+03  0.00000000E+00
   6 -5.30000000E+07  4.09300000E+04  2.16334626E+08  1.80000000E+08  1.00000000E+01  1.00000000E+01  1.72260404E+03  0.00000000E+00
   7 -3.98000000E+07  3.16900000E+04  3.43730707E+08  2.86000000E+08  1.00000000E+01  1.00000000E+01  9.19387939E+02  0.00000000E+00
   8 -3.02000000E+07  2.40400000E+04  5.59335126E+08  4.66000000E+08  1.00000000E+01  1.00000000E+01  4.61970776E+02  0.00000000E+00
   9 -2.14000000E+07  1.65000000E+04  8.43675554E+08  7.66000000E+08  1.00000000E+01  1.00000000E+01  1.72271894E+02  0.00000000E+00
  10 -1.80000000E+07  1.43600000E+04  1.09030637E+09  9.90000000E+08  1.00000000E+01  1.00000000E+01  1.14462120E+02  0.00000000E+00
  11 -1.30000000E+07  1.20000000E+04  1.92165534E+09  1.74600000E+09  1.00000000E+01  1.00000000E+01  6.37936374E+01  0.00000000E+00
  12 -8.42000000E+06  1.03100000E+04  2.93156663E+09  2.72000000E+09  1.00000000E+01  1.00000000E+01  3.67707042E+01  0.00000000E+00
  13 -3.83000000E+06  8.32000000E+03  6.33199125E+09  6.38000000E+09  1.00000000E+01  1.00000000E+01  1.65687064E+01  0.00000000E+00
  14 -2.59000000E+06  7.25000000E+03  2.31326177E+10  6.00000000E+10  1.00000000E+01  1.00000000E+01  1.02177085E+01  0.00000000E+00
  15 -2.39000000E+06  6.80000000E+03  3.29064366E+10  2.50000000E+11  1.00000000E+01  1.00000000E+01  8.25024906E+00  0.00000000E+00
  16 -2.20000000E+06  6.40000000E+03  3.88703595E+10  9.64000000E+11  1.00000000E+01  1.00000000E+01  6.69678562E+00  0.00000000E+00
  17 -2.00000000E+06  6.00000000E+03  4.25665099E+10  4.00000000E+12  1.00000000E+01  1.00000000E+01  5.32578017E+00  0.00000000E+00
  18 -1.69000000E+06  5.76000000E+03  5.58733785E+10  1.49200000E+13  1.00000000E+01  1.00000000E+01  4.52130608E+00  0.00000000E+00
  19 -1.38000000E+06  5.52000000E+03  7.22829655E+10  5.56000000E+13  1.00000000E+01  1.00000000E+01  3.78115411E+00  0.00000000E+00
  20 -1.07000000E+06  5.30000000E+03  9.87001950E+10  2.07217630E+14  1.00000000E+01  1.00000000E+01  3.12083190E+00  0.00000000E+00
  21 -8.53000000E+05  5.10000000E+03  1.21884843E+11  5.72509664E+14  1.00000000E+01  1.00000000E+01  2.55055838E+00  0.00000000E+00
  22 -6.53000000E+05  4.97000000E+03  2.13581486E+11  1.55817110E+15  1.00000000E+01  1.00000000E+01  2.08445997E+00  0.00000000E+00
  23 -4.66000000E+05  4.80000000E+03  4.37049385E+11  4.19764092E+15  1.00000000E+01  1.00000000E+01  1.57143470E+00  0.00000000E+00
  24 -2.25000000E+05  5.00000000E+03  1.66404426E+12  1.63961888E+16  1.00000000E+01  1.00000000E+01  1.23757907E+00  0.00000000E+00
  25  0.00000000E+00  5.20000000E+03  6.19213515E+12  6.34314026E+16  1.00000000E+01  1.00000000E+01  1.00641586E+00  0.00000000E+00
[ FONTENLA data end ] > 
[ CENSUS data start ] > 
[ DEMO-3                  3 L H, D.B.  ITER 03-04   02 OCT 02   ]               
H             1   25
Z                 ( > 
-6.91000000E+08 -4.99000000E+08 -3.17000000E+08 -1.55000000E+08 -7.21000000E+07 
-5.30000000E+07 -3.98000000E+07 -3.02000000E+07 -2.14000000E+07 -1.80000000E+07 
-1.30000000E+07 -8.42000000E+06 -3.83000000E+06 -2.59000000E+06 -2.39000000E+06 
-2.20000000E+06 -2.00000000E+06 -1.69000000E+06 -1.38000000E+06 -1.07000000E+06 
-8.53000000E+05 -6.53000000E+05 -4.66000000E+05 -2.25000000E+05  0.00000000E+00 
 ) >            
FLVSL             ( > 
-7.05647579E+00 -6.95069245E+00 -6.83125142E+00 -6.33249978E+00 -5.84119420E+00 
-5.55552616E+00 -5.29604421E+00 -5.05033576E+00 -4.85907148E+00 -4.76052598E+00 
-4.51223187E+00 -4.25845098E+00 -2.06719380E+00 -2.10928175E-01 -6.09757696E-02 
-1.76767765E-02 -4.49895641E-03 -1.51037666E-03 -4.79982980E-04 -1.47034456E-04 
-4.29740535E-05 -1.40589617E-05 -3.27203359E-06 -3.68490335E-06 -4.24327392E-06 
 ) >            
FIONL             ( > 
-3.81336640E-08 -4.86510128E-08 -6.40520340E-08 -2.01968964E-07 -6.26023193E-07 
-1.20853366E-06 -2.19655055E-06 -3.86767954E-06 -6.00780503E-06 -7.53810354E-06 
-1.33523933E-05 -2.39521944E-05 -3.73643464E-03 -4.14853680E-01 -8.82758251E-01 
-1.39918965E+00 -1.98692006E+00 -2.45945401E+00 -2.95679844E+00 -3.47043871E+00 
-4.00459948E+00 -4.48983809E+00 -5.12296819E+00 -5.07136005E+00 -5.01008536E+00 
 ) >            
[ CENSUS data end ] > 
[ KURUCZ - MODEL data start ] > 
[ DEMO-3                  3 L H, D.B.  ITER 03-04   02 OCT 02   ]               
        25
      mass          Te          p(gas)          Ne                   v(broad)      v(flow)
 4.913635E-07     11480.0  8.233908E-06  2.598910E+06  0.0  0.0  1.000000E+06  0.000000E+00      1
 1.443038E-06     20990.0  2.747442E-05  4.948474E+06  0.0  0.0  1.000000E+06  0.000000E+00      2
 5.901783E-06     43550.0  1.217969E-04  1.057638E+07  0.0  0.0  1.000000E+06  0.000000E+00      3
 3.965923E-05     67210.0  8.415798E-04  4.735334E+07  0.0  0.0  1.000000E+06  0.000000E+00      4
 8.501054E-05     51960.0  1.776831E-03  1.293202E+08  0.0  0.0  1.000000E+06  0.000000E+00      5
 1.140223E-04     40930.0  2.341416E-03  2.163346E+08  0.0  0.0  1.000000E+06  0.000000E+00      6
 1.436486E-04     31690.0  2.880391E-03  3.437307E+08  0.0  0.0  1.000000E+06  0.000000E+00      7
 1.833345E-04     24040.0  3.557848E-03  5.593351E+08  0.0  0.0  1.000000E+06  0.000000E+00      8
 2.117062E-04     16500.0  3.841460E-03  8.436756E+08  0.0  0.0  1.000000E+06  0.000000E+00      9
 2.448407E-04     14360.0  4.320721E-03  1.090306E+09  0.0  0.0  1.000000E+06  0.000000E+00     10
 3.757690E-04     12000.0  6.365752E-03  1.921655E+09  0.0  0.0  1.000000E+06  0.000000E+00     11
 5.190466E-04     10310.0  8.431814E-03  2.931567E+09  0.0  0.0  1.000000E+06  0.000000E+00     12
 1.019935E-03      8320.0  1.535592E-02  6.331991E+09  0.0  0.0  1.000000E+06  0.000000E+00     13
 7.245847E-03      7250.0  9.189932E-02  2.313262E+10  0.0  0.0  1.000000E+06  0.000000E+00     14
 2.619733E-02      6800.0  2.935183E-01  3.290644E+10  0.0  0.0  1.000000E+06  0.000000E+00     15
 9.408245E-02      6400.0  9.765843E-01  3.887036E+10  0.0  0.0  1.000000E+06  0.000000E+00     16
 3.740076E-01      6000.0  3.685655E+00  4.256651E+10  0.0  0.0  1.000000E+06  0.000000E+00     17
 1.366243E+00      5760.0  1.310270E+01  5.587338E+10  0.0  0.0  1.000000E+06  0.000000E+00     18
 4.995126E+00      5520.0  4.667363E+01  7.228297E+10  0.0  0.0  1.000000E+06  0.000000E+00     19
 1.830041E+01      5300.0  1.668739E+02  9.870019E+10  0.0  0.0  1.000000E+06  0.000000E+00     20
 4.977839E+01      5100.0  4.435249E+02  1.218848E+11  0.0  0.0  1.000000E+06  0.000000E+00     21
 1.341009E+02      4970.0  1.176264E+03  2.135815E+11  0.0  0.0  1.000000E+06  0.000000E+00     22
 3.564153E+02      4800.0  3.060320E+03  4.370494E+11  0.0  0.0  1.000000E+06  0.000000E+00     23
 1.414425E+03      5000.0  1.245179E+04  1.664044E+12  0.0  0.0  1.000000E+06  0.000000E+00     24
 5.558014E+03      5200.0  5.009854E+04  6.192135E+12  0.0  0.0  1.000000E+06  0.000000E+00     25
[ KURUCZ - MODEL data end ] > 
[ KURUCZ - b data start ] > 
[ DEMO-3                  3 L H, D.B.  ITER 03-04   02 OCT 02   ]               
HMINUS         1        25
 5.41111455E+03  1.19885715E+04  1.88565256E+04  1.04717206E+04  3.15207135E+03 
 1.72260404E+03  9.19387939E+02  4.61970776E+02  1.72271894E+02  1.14462120E+02 
 6.37936374E+01  3.67707042E+01  1.65687064E+01  1.02177085E+01  8.25024906E+00 
 6.69678562E+00  5.32578017E+00  4.52130608E+00  3.78115411E+00  3.12083190E+00 
 2.55055838E+00  2.08445997E+00  1.57143470E+00  1.23757907E+00  1.00641586E+00 
 ) >            
H1             1        25
 1.07505359E+02  9.02387841E+04  8.16274597E+06  3.94630524E+07  1.52825326E+07 
 5.43887386E+06  1.37721312E+06  2.01859569E+05  5.88527764E+03  1.11522726E+03 
 9.85942036E+01  1.06967324E+01  1.44851713E+01  3.63316142E+01  2.27924033E+01 
 1.49897130E+01  9.57914374E+00  6.85800262E+00  4.76113297E+00  3.27003754E+00 
 2.66097701E+00  1.98784592E+00  1.28680808E+00  1.18841976E+00  9.90247383E-01 
 ) >            
H1             2        25
 6.15679440E+02  4.50013468E+03  1.88560409E+04  3.86820829E+04  3.09053916E+04 
 2.12971807E+04  1.28690299E+04  6.91818382E+03  2.57645473E+03  1.68463591E+03 
 9.04079551E+02  4.55124055E+02  2.94625720E+02  7.88328338E+01  4.85966131E+01 
 3.17493875E+01  2.01132628E+01  1.37376724E+01  8.88189960E+00  5.46270672E+00 
 3.17897001E+00  2.17195295E+00  1.55436657E+00  1.19314325E+00  1.00759601E+00 
 ) >            
H1             3        25
 2.95963040E+00  1.02528166E+01  3.57859996E+01  8.38335184E+01  6.56462422E+01 
 4.61326296E+01  3.09934626E+01  2.08034855E+01  1.24113246E+01  1.03875399E+01 
 8.64581831E+00  7.41551398E+00  2.93013933E+01  2.87544199E+01  2.35211745E+01 
 1.82454717E+01  1.33654135E+01  1.03781335E+01  7.50414104E+00  4.98221003E+00 
 2.96712640E+00  2.00452849E+00  1.42970505E+00  1.15406822E+00  1.00838497E+00 
 ) >            
[ KURUCZ - b data end ] > 
