> from Overall Iteration  2 of  2                                Pandora 78.018
> Run Data:    25    3    3  0  0  H    1   2014-Mar-24 15:45:12    56740.65639
> DEMO-3                  3 L H, D.B.  ITER 03-04   02 OCT 02   ]               
> -------.---------.---------.---------.---------.---------.---------.---------.
[ DEMO-3                  3 L H, D.B.  ITER 03-04   02 OCT 02   ]               
NE                ( > 
 2.59891025E+06  4.94847419E+06  1.05763828E+07  4.73533379E+07  1.29320178E+08 
 2.16334626E+08  3.43730707E+08  5.59335126E+08  8.43675554E+08  1.09030637E+09 
 1.92165534E+09  2.93156663E+09  6.33199125E+09  2.31326177E+10  3.29064366E+10 
 3.88703595E+10  4.25665099E+10  5.58733785E+10  7.22829655E+10  9.87001950E+10 
 1.21884843E+11  2.13581486E+11  4.37049385E+11  1.66404426E+12  6.19213515E+12 
 ) >            
[ DEMO-3                  3 L H, D.B.  ITER 03-04   02 OCT 02   ]               
ZME               ( > 
 1.23459693E-03  1.85737345E-03  1.86183405E-03  1.86183405E-03  1.86183405E-03 
 1.86183398E-03  1.86182705E-03  1.85276704E-03  1.40345054E-03  1.33971207E-03 
 9.52666195E-04  9.47423946E-04  8.93418769E-04  8.22099857E-04  6.34653542E-04 
 4.36880420E-04  3.35869541E-04  2.73134165E-04  1.95462193E-04  1.37809723E-04 
 1.13949176E-04  1.04700476E-04  9.65837514E-05  9.30049314E-05  8.78489436E-05 
 ) >            
[ DEMO-3                  3 L H, D.B.  ITER 03-04   02 OCT 02   ]               
NC                ( > 
 5.19782050E+06  9.48812610E+06  2.02727657E+07  9.07666758E+07  2.47880356E+08 
 4.14669255E+08  6.58861741E+08  1.07279436E+09  1.68733987E+09  2.18061271E+09 
 3.84331068E+09  5.86313326E+09  1.26639825E+10  4.62652354E+10  6.58128731E+10 
 7.77407189E+10  8.51330198E+10  1.11746757E+11  1.44565931E+11  1.97400390E+11 
 2.43769686E+11  4.27162971E+11  8.74098769E+11  3.32808852E+12  1.23842703E+13 
 ) >            
[ DEMO-3                  3 L H, D.B.  ITER 03-04   02 OCT 02   ]               
NP                ( > 
 2.35999979E+06  4.11999954E+06  8.79999870E+06  3.93999817E+07  1.07599845E+08 
 1.79999499E+08  2.85998553E+08  4.65995850E+08  7.65989404E+08  9.89982817E+08 
 1.74594632E+09  2.71984999E+09  6.32534538E+09  2.30832827E+10  3.27477720E+10 
 3.84492066E+10  4.12230317E+10  5.17982168E+10  6.14152676E+10  7.01435909E+10 
 5.66478385E+10  5.04402294E+10  3.16254775E+10  1.39117850E+11  6.19753446E+11 
 ) >            
HN           1    ( > 
 2.07063872E-01  4.61207187E-01  1.29707674E+00  1.83106107E+01  1.54973326E+02 
 5.00458392E+02  1.44521779E+03  4.14587291E+03  1.05821180E+04  1.71560163E+04 
 5.35772773E+04  1.49744502E+05  5.46516202E+07  3.69166902E+10  2.17252175E+11 
 9.25550717E+11  3.95877687E+12  1.48682016E+13  5.55385845E+13  2.07147486E+14 
 5.72453016E+14  1.55812066E+15  4.19760929E+15  1.63960497E+16  6.34307828E+16 
 ) >            
HN           2    ( > 
 1.58039984E-04  3.27355487E-04  7.91398506E-04  1.23401370E-02  1.28510917E-01 
 4.34957606E-01  1.28998917E+00  4.13551798E+00  1.42153492E+01  2.73058653E+01 
 1.02350812E+02  2.63555425E+02  2.95234347E+03  2.60673917E+04  5.11760994E+04 
 7.29803801E+04  9.01919240E+04  1.42063559E+05  2.02264007E+05  2.77425676E+05 
 2.28392259E+05  3.09845956E+05  3.97045404E+05  3.45613662E+06  3.36785760E+07 
 ) >            
HN           3    ( > 
 2.53341141E-07  5.90674203E-07  2.04304732E-06  4.34299125E-05  4.02820540E-04 
 1.24097506E-03  3.50053141E-03  1.12439122E-02  4.08192063E-02  8.23390282E-02 
 3.54548365E-01  1.15305056E+00  4.74167465E+01  1.04087477E+03  2.21994344E+03 
 3.07299986E+03  3.49505874E+03  5.37496857E+03  7.25359409E+03  9.10801655E+03 
 6.52477880E+03  7.82212045E+03  8.54518047E+03  9.38939555E+04  1.12052034E+06 
 ) >            
HN           4    ( > 
 1.61213377E-07  4.28961615E-07  1.69636151E-06  3.78642959E-05  3.40559416E-04 
 1.01361644E-03  2.73072239E-03  8.22560672E-03  2.64852813E-02  5.04628423E-02 
 1.98560864E-01  5.90031723E-01  1.87692193E+01  3.59788053E+02  7.19957765E+02 
 9.38000793E+02  1.00068058E+03  1.48385042E+03  1.94385808E+03  2.42107691E+03 
 1.79883466E+03  2.29244015E+03  2.65202119E+03  3.38041939E+04  4.53932144E+05 
 ) >            
HN           5    ( > 
 1.47904342E-07  3.82946917E-07  1.54371854E-06  3.48412604E-05  3.09691735E-04 
 9.11387685E-04  2.42149443E-03  7.15545233E-03  2.22314287E-02  4.16178210E-02 
 1.58674113E-01  4.56497685E-01  1.21740295E+01  2.19270468E+02  4.28231665E+02 
 5.46812235E+02  5.73264029E+02  8.46072038E+02  1.11397424E+03  1.42252022E+03 
 1.12031727E+03  1.51313028E+03  1.83238690E+03  2.51869283E+04  3.57694947E+05 
 ) >            
HN           6    ( > 
 1.55590951E-07  3.72452113E-07  1.45365792E-06  3.25793208E-05  2.88545459E-04 
 8.48442734E-04  2.25574984E-03  6.67064907E-03  2.07291873E-02  3.87480328E-02 
 1.46531495E-01  4.17503720E-01  9.58217614E+00  1.66924750E+02  3.23505398E+02 
 4.11962304E+02  4.32984144E+02  6.44651890E+02  8.65004772E+02  1.14447982E+03 
 9.54798707E+02  1.35064928E+03  1.68949944E+03  2.42471532E+04  3.55123523E+05 
 ) >            
HN           7    ( > 
 1.73238371E-07  3.78233866E-07  1.38867428E-06  3.05379373E-05  2.70762440E-04 
 8.00558172E-04  2.14853613E-03  6.43090195E-03  2.03650873E-02  3.83067166E-02 
 1.45243053E-01  4.14028848E-01  8.25722055E+00  1.41050462E+02  2.73675681E+02 
 3.50827854E+02  3.73548264E+02  5.64777045E+02  7.76819505E+02  1.06693185E+03 
 9.36298388E+02  1.37206210E+03  1.75583460E+03  2.58849983E+04  3.86274394E+05 
 ) >            
HN           8    ( > 
 1.97476289E-07  3.93654498E-07  1.33455860E-06  2.85054191E-05  2.53897285E-04 
 7.58611396E-04  2.06874734E-03  6.31628684E-03  2.06081133E-02  3.91620394E-02 
 1.49657101E-01  4.28832742E-01  7.46208074E+00  1.25923452E+02  2.45980651E+02 
 3.19301366E+02  3.46540620E+02  5.33855596E+02  7.54162354E+02  1.07334647E+03 
 9.82814129E+02  1.47929291E+03  1.92416036E+03  2.88754903E+04  4.36192560E+05 
 ) >            
HN           9    ( > 
 2.26974159E-07  4.15891264E-07  1.28491053E-06  2.63844723E-05  2.36838344E-04 
 7.18508104E-04  2.00266088E-03  6.27512770E-03  2.12389096E-02  4.08552914E-02 
 1.57743318E-01  4.55299784E-01  6.92794520E+00  1.16002549E+02  2.29066560E+02 
 3.02341978E+02  3.35734265E+02  5.27810289E+02  7.65741369E+02  1.12566833E+03 
 1.06750719E+03  1.63995970E+03  2.15874268E+03  3.27987756E+04  4.99634572E+05 
 ) >            
HN          10    ( > 
 2.61113974E-07  4.43566810E-07  1.23648589E-06  2.41251256E-05  2.19018743E-04 
 6.78177954E-04  1.94341599E-03  6.28198768E-03  2.21524961E-02  4.31697232E-02 
 1.68560127E-01  4.90416281E-01  6.53652122E+00  1.08905215E+02  2.18106325E+02 
 2.93623857E+02  3.34382649E+02  5.36698998E+02  7.98714337E+02  1.20833164E+03 
 1.17937139E+03  1.84069209E+03  2.44472447E+03  3.74769779E+04  5.74345426E+05 
 ) >            
HN          11    ( > 
 2.99574498E-07  4.75940047E-07  1.18749219E-06  2.16995146E-05  2.00123960E-04 
 6.36478917E-04  1.88725792E-03  6.32309636E-03  2.32931519E-02  4.59913179E-02 
 1.81618724E-01  5.32637373E-01  6.22865169E+00  1.03459532E+02  2.10744589E+02 
 2.90083992E+02  3.39245545E+02  5.55769535E+02  8.46968587E+02  1.31394254E+03 
 1.31316615E+03  2.07508966E+03  2.77495597E+03  4.28233484E+04  6.59213744E+05 
 ) >            
HN          12    ( > 
 3.42174355E-07  5.12581890E-07  1.13687138E-06  1.90910830E-05  1.79967780E-04 
 5.92737704E-04  1.83198567E-03  6.39044520E-03  2.46289344E-02  4.92551422E-02 
 1.96643417E-01  5.81099777E-01  5.97188019E+00  9.90303741E+01  2.05712434E+02 
 2.90081591E+02  3.48597621E+02  5.82500340E+02  9.07270432E+02  1.43859483E+03 
 1.46611697E+03  2.33974957E+03  3.14562036E+03  4.87911200E+04  7.53635744E+05 
 ) >            
HN          13    ( > 
 3.88804434E-07  5.53229280E-07  1.08396535E-06  1.62894818E-05  1.58434117E-04 
 5.46535906E-04  1.77623731E-03  6.47910788E-03  2.61404066E-02  5.29218796E-02 
 2.13468494E-01  6.35288227E-01  5.74710376E+00  9.52474135E+01  2.02273329E+02 
 2.92668397E+02  3.61446306E+02  6.15444608E+02  9.77768632E+02  1.58005427E+03 
 1.63663410E+03  2.63271546E+03  3.55451617E+03  5.53531163E+04  8.57258515E+05 
 ) >            
HN          14    ( > 
 4.39395708E-07  5.97713353E-07  1.02834693E-06  1.32879682E-05  1.35447491E-04 
 4.97602127E-04  1.71913230E-03  6.58591401E-03  2.78151635E-02  5.69665341E-02 
 2.31989196E-01  6.94878755E-01  5.54244205E+00  9.18820183E+01  1.99974168E+02 
 2.97263024E+02  3.77185209E+02  6.53720256E+02  1.05733647E+03  1.73696195E+03 
 1.82374913E+03  2.95279233E+03  4.00029522E+03  6.24925975E+04  9.69863698E+05 
 ) >            
HN          15    ( > 
 4.93902687E-07  6.45921540E-07  9.69728858E-07  1.00819943E-05  1.10957074E-04 
 4.45753955E-04  1.66008037E-03  6.70874577E-03  2.96449731E-02  6.13725682E-02 
 2.52136523E-01  7.59658895E-01  5.35017113E+00  8.87864084E+01  1.98522905E+02 
 3.03491754E+02  3.95425638E+02  6.96762791E+02  1.14525386E+03  1.90844978E+03 
 2.02684264E+03  3.29921416E+03  4.48209148E+03  7.01987608E+04  1.09130987E+06 
 ) >            
[ DEMO-3                  3 L H, D.B.  ITER 03-04   02 OCT 02   ]               
BDH          1    ( > 
 1.07505359E+02  9.02387841E+04  8.16274597E+06  3.94630524E+07  1.52825326E+07 
 5.43887386E+06  1.37721312E+06  2.01859569E+05  5.88527764E+03  1.11522726E+03 
 9.85942036E+01  1.06967324E+01  1.44851713E+01  3.63316142E+01  2.27924033E+01 
 1.49897130E+01  9.57914374E+00  6.85800262E+00  4.76113297E+00  3.27003754E+00 
 2.66097701E+00  1.98784592E+00  1.28680808E+00  1.18841976E+00  9.90247383E-01 
 ) >            
BDH          2    ( > 
 6.15679440E+02  4.50013468E+03  1.88560409E+04  3.86820829E+04  3.09053916E+04 
 2.12971807E+04  1.28690299E+04  6.91818382E+03  2.57645473E+03  1.68463591E+03 
 9.04079551E+02  4.55124055E+02  2.94625720E+02  7.88328338E+01  4.85966131E+01 
 3.17493875E+01  2.01132628E+01  1.37376724E+01  8.88189960E+00  5.46270672E+00 
 3.17897001E+00  2.17195295E+00  1.55436657E+00  1.19314325E+00  1.00759601E+00 
 ) >            
BDH          3    ( > 
 2.95963040E+00  1.02528166E+01  3.57859996E+01  8.38335184E+01  6.56462422E+01 
 4.61326296E+01  3.09934626E+01  2.08034855E+01  1.24113246E+01  1.03875399E+01 
 8.64581831E+00  7.41551398E+00  2.93013933E+01  2.87544199E+01  2.35211745E+01 
 1.82454717E+01  1.33654135E+01  1.03781335E+01  7.50414104E+00  4.98221003E+00 
 2.96712640E+00  2.00452849E+00  1.42970505E+00  1.15406822E+00  1.00838497E+00 
 ) >            
BDH          4    ( > 
 2.79632787E+00  9.48174851E+00  3.28871663E+01  7.69307252E+01  6.02590554E+01 
 4.23715771E+01  2.84940074E+01  1.91531951E+01  1.14603809E+01  9.60524488E+00 
 8.00866678E+00  6.88088781E+00  2.69429439E+01  2.64415516E+01  2.16444100E+01 
 1.68083490E+01  1.23349624E+01  9.59662242E+00  6.96212929E+00  4.65035919E+00 
 2.80319920E+00  1.92081779E+00  1.39389630E+00  1.14122920E+00  1.00768622E+00 
 ) >            
BDH          5    ( > 
 2.63302533E+00  8.71068046E+00  2.99883330E+01  7.00279320E+01  5.48718685E+01 
 3.86105246E+01  2.59945522E+01  1.75029046E+01  1.05094372E+01  8.82294989E+00 
 7.37151526E+00  6.34626165E+00  2.45844944E+01  2.41286832E+01  1.97676455E+01 
 1.53712264E+01  1.13045113E+01  8.81511129E+00  6.42011754E+00  4.31850836E+00 
 2.63927200E+00  1.83710708E+00  1.35808755E+00  1.12839018E+00  1.00698748E+00 
 ) >            
BDH          6    ( > 
 2.46972280E+00  7.93961242E+00  2.70894997E+01  6.31251388E+01  4.94846817E+01 
 3.48494722E+01  2.34950970E+01  1.58526141E+01  9.55849348E+00  8.04065490E+00 
 6.73436373E+00  5.81163548E+00  2.22260450E+01  2.18158149E+01  1.78908809E+01 
 1.39341037E+01  1.02740601E+01  8.03360016E+00  5.87810578E+00  3.98665752E+00 
 2.47534480E+00  1.75339637E+00  1.32227879E+00  1.11555117E+00  1.00628873E+00 
 ) >            
BDH          7    ( > 
 2.30642027E+00  7.16854437E+00  2.41906664E+01  5.62223456E+01  4.40974948E+01 
 3.10884197E+01  2.09956418E+01  1.42023237E+01  8.60754976E+00  7.25835991E+00 
 6.09721221E+00  5.27700932E+00  1.98675955E+01  1.95029466E+01  1.60141164E+01 
 1.24969811E+01  9.24360902E+00  7.25208903E+00  5.33609403E+00  3.65480669E+00 
 2.31141760E+00  1.66968566E+00  1.28647004E+00  1.10271215E+00  1.00558998E+00 
 ) >            
BDH          8    ( > 
 2.14311773E+00  6.39747632E+00  2.12918331E+01  4.93195524E+01  3.87103080E+01 
 2.73273672E+01  1.84961865E+01  1.25520332E+01  7.65660604E+00  6.47606492E+00 
 5.46006068E+00  4.74238315E+00  1.75091461E+01  1.71900783E+01  1.41373518E+01 
 1.10598585E+01  8.21315789E+00  6.47057790E+00  4.79408228E+00  3.32295585E+00 
 2.14749040E+00  1.58597495E+00  1.25066128E+00  1.08987313E+00  1.00489123E+00 
 ) >            
BDH          9    ( > 
 1.97981520E+00  5.62640828E+00  1.83929998E+01  4.24167592E+01  3.33231211E+01 
 2.35663148E+01  1.59967313E+01  1.09017428E+01  6.70566232E+00  5.69376993E+00 
 4.82290915E+00  4.20775699E+00  1.51506966E+01  1.48772099E+01  1.22605873E+01 
 9.62273583E+00  7.18270677E+00  5.68906677E+00  4.25207052E+00  2.99110501E+00 
 1.98356320E+00  1.50226425E+00  1.21485253E+00  1.07703411E+00  1.00419249E+00 
 ) >            
BDH         10    ( > 
 1.81651267E+00  4.85534023E+00  1.54941665E+01  3.55139660E+01  2.79359343E+01 
 1.98052623E+01  1.34972761E+01  9.25145230E+00  5.75471860E+00  4.91147494E+00 
 4.18575763E+00  3.67313082E+00  1.27922472E+01  1.25643416E+01  1.03838227E+01 
 8.18561319E+00  6.15225564E+00  4.90755564E+00  3.71005877E+00  2.65925418E+00 
 1.81963600E+00  1.41855354E+00  1.17904377E+00  1.06419509E+00  1.00349374E+00 
 ) >            
BDH         11    ( > 
 1.65321013E+00  4.08427218E+00  1.25953332E+01  2.86111728E+01  2.25487474E+01 
 1.60442099E+01  1.09978209E+01  7.60116184E+00  4.80377488E+00  4.12917996E+00 
 3.54860610E+00  3.13850466E+00  1.04337978E+01  1.02514733E+01  8.50705818E+00 
 6.74849055E+00  5.12180451E+00  4.12604452E+00  3.16804701E+00  2.32740334E+00 
 1.65570880E+00  1.33484283E+00  1.14323502E+00  1.05135607E+00  1.00279499E+00 
 ) >            
BDH         12    ( > 
 1.48990760E+00  3.31320414E+00  9.69649990E+00  2.17083796E+01  1.71615606E+01 
 1.22831574E+01  8.49836566E+00  5.95087138E+00  3.85283116E+00  3.34688497E+00 
 2.91145458E+00  2.60387849E+00  8.07534832E+00  7.93860497E+00  6.63029364E+00 
 5.31136791E+00  4.09135338E+00  3.34453339E+00  2.62603526E+00  1.99555251E+00 
 1.49178160E+00  1.25113212E+00  1.10742626E+00  1.03851706E+00  1.00209624E+00 
 ) >            
BDH         13    ( > 
 1.32660507E+00  2.54213609E+00  6.79766660E+00  1.48055864E+01  1.17743737E+01 
 8.52210493E+00  5.99891044E+00  4.30058092E+00  2.90188744E+00  2.56458998E+00 
 2.27430305E+00  2.06925233E+00  5.71689888E+00  5.62573665E+00  4.75352909E+00 
 3.87424528E+00  3.06090226E+00  2.56302226E+00  2.08402351E+00  1.66370167E+00 
 1.32785440E+00  1.16742142E+00  1.07161751E+00  1.02567804E+00  1.00139750E+00 
 ) >            
BDH         14    ( > 
 1.16330253E+00  1.77106805E+00  3.89883330E+00  7.90279320E+00  6.38718685E+00 
 4.76105246E+00  3.49945522E+00  2.65029046E+00  1.95094372E+00  1.78229499E+00 
 1.63715153E+00  1.53462616E+00  3.35844944E+00  3.31286832E+00  2.87676455E+00 
 2.43712264E+00  2.03045113E+00  1.78151113E+00  1.54201175E+00  1.33185084E+00 
 1.16392720E+00  1.08371071E+00  1.03580875E+00  1.01283902E+00  1.00069875E+00 
 ) >            
BDH         15    ( > 
 1.00000000E+00  1.00000000E+00  1.00000000E+00  1.00000000E+00  1.00000000E+00 
 1.00000000E+00  1.00000000E+00  1.00000000E+00  1.00000000E+00  1.00000000E+00 
 1.00000000E+00  1.00000000E+00  1.00000000E+00  1.00000000E+00  1.00000000E+00 
 1.00000000E+00  1.00000000E+00  1.00000000E+00  1.00000000E+00  1.00000000E+00 
 1.00000000E+00  1.00000000E+00  1.00000000E+00  1.00000000E+00  1.00000000E+00 
 ) >            
