> from Overall Iteration 11 of 11                                Pandora 78.018
> Run Data:    91   15  105  2  1  H    1   2014-Mar-24 16:34:43    56740.69078
> SUN        MODEL SP     15 L H       ITER 84-94   2014-Mar-24                 
> -------.---------.---------.---------.---------.---------.---------.---------.
N (  91 ) > 
Z                 ( > 
-1.79563574E+03 -1.79188477E+03 -1.78922290E+03 -1.78648706E+03 -1.78363110E+03 
-1.78139124E+03 -1.77909534E+03 -1.77679956E+03 -1.77455957E+03 -1.77259973E+03 
-1.77101416E+03 -1.77009485E+03 -1.76929541E+03 -1.76865576E+03 -1.76803625E+03 
-1.76755664E+03 -1.76709692E+03 -1.76669714E+03 -1.76637744E+03 -1.76607764E+03 
-1.76579785E+03 -1.76555798E+03 -1.76537805E+03 -1.76507837E+03 -1.76466882E+03 
-1.76400842E+03 -1.76280457E+03 -1.76034058E+03 -1.75743506E+03 -1.75353784E+03 
-1.74802478E+03 -1.73368445E+03 -1.71795642E+03 -1.69528943E+03 -1.65896912E+03 
-1.58364050E+03 -1.51569690E+03 -1.44332227E+03 -1.37685583E+03 -1.31038928E+03 
-1.25278503E+03 -1.18927258E+03 -1.12576013E+03 -1.06520178E+03 -1.01055157E+03 
-9.52947327E+02 -9.10113342E+02 -8.77618591E+02 -8.61371216E+02 -8.53284668E+02 
-8.46701599E+02 -8.40118469E+02 -8.32016174E+02 -8.24420288E+02 -8.16824402E+02 
-8.07202942E+02 -7.91504700E+02 -7.68717041E+02 -7.44559021E+02 -7.08570618E+02 
-6.64500000E+02 -6.00274170E+02 -5.44400024E+02 -4.83024109E+02 -4.33403870E+02 
-3.77017242E+02 -3.28524689E+02 -2.84543121E+02 -2.51838867E+02 -2.22517853E+02 
-1.96579987E+02 -1.70642136E+02 -1.48399994E+02 -1.20599998E+02 -9.76999969E+01 
-7.32200012E+01 -5.00499992E+01 -2.90000000E+01 -1.30000000E+01  0.00000000E+00 
 1.70000000E+01  3.30000000E+01  4.30000000E+01  5.40000000E+01  6.50000000E+01 
 8.10000000E+01  9.30000000E+01  1.05000000E+02  1.20000000E+02  1.35000000E+02 
 1.50199997E+02  ) >                                                            
TE                ( > 
 8.47862875E+05  7.61281625E+05  6.98440438E+05  6.29319062E+05  5.57988188E+05 
 4.98545844E+05  4.49010531E+05  4.03438031E+05  3.57865531E+05  3.14274500E+05 
 2.78999438E+05  2.62573781E+05  2.43928438E+05  2.27502766E+05  2.08857422E+05 
 1.92875703E+05  1.74230359E+05  1.54697156E+05  1.38271500E+05  1.19626148E+05 
 1.02312617E+05  8.49990938E+04  7.16809844E+04  5.61432031E+04  4.37898086E+04 
 3.25330801E+04  2.19812812E+04  1.41042803E+04  1.10604209E+04  9.73626953E+03 
 9.02884570E+03  8.70234277E+03  8.61164746E+03  8.48467383E+03  8.41046094E+03 
 8.30287207E+03  8.22218066E+03  8.16838623E+03  8.12355762E+03  8.08769434E+03 
 8.05183154E+03  8.00700244E+03  7.94424219E+03  7.84561914E+03  7.72906445E+03 
 7.54974951E+03  7.28077686E+03  6.96697559E+03  6.54558545E+03  6.08496484E+03 
 5.61932373E+03  5.05020703E+03  4.47074268E+03  3.96371118E+03  3.43598462E+03 
 3.06347192E+03  2.79443481E+03  2.68061157E+03  2.64670752E+03  2.62464990E+03 
 2.60000000E+03  2.60000000E+03  2.60000000E+03  2.61140283E+03  2.63127319E+03 
 2.67101440E+03  2.72069092E+03  2.77699097E+03  2.82335571E+03  2.86640869E+03 
 2.90946167E+03  2.95582642E+03  3.00400000E+03  3.06700000E+03  3.13600000E+03 
 3.24500000E+03  3.37900000E+03  3.53000000E+03  3.69000000E+03  3.85000000E+03 
 4.11000000E+03  4.44000000E+03  4.71000000E+03  4.98000000E+03  5.27000000E+03 
 5.65000000E+03  5.93000000E+03  6.21000000E+03  6.58000000E+03  6.90000000E+03 
 7.20000000E+03  ) >                                                            
> SUN        MODEL SP     15 L H       ITER 84-94   2014-Mar-24                 
MASS              ( > 
 1.89579064E-06  1.89586897E-06  1.89593519E-06  1.89601331E-06  1.89611139E-06 
 1.89619911E-06  1.89630353E-06  1.89641931E-06  1.89654601E-06  1.89666801E-06 
 1.89677882E-06  1.89684635E-06  1.89690449E-06  1.89695911E-06  1.89701724E-06 
 1.89706866E-06  1.89712674E-06  1.89718849E-06  1.89724802E-06  1.89732650E-06 
 1.89741649E-06  1.89752075E-06  1.89757960E-06  1.89777740E-06  1.89807696E-06 
 1.89875452E-06  1.89976645E-06  1.90470529E-06  1.91250807E-06  1.92686911E-06 
 1.95049829E-06  2.02122591E-06  2.13690357E-06  2.31308450E-06  2.63324303E-06 
 3.45991987E-06  4.44913043E-06  5.84487942E-06  7.50593248E-06  9.78508333E-06 
 1.21034839E-05  1.54873417E-05  1.99000795E-05  2.53616055E-05  3.17323221E-05 
 4.04405618E-05  4.87972297E-05  5.66373335E-05  6.12714813E-05  6.38982602E-05 
 6.63050723E-05  6.90640633E-05  7.30733554E-05  7.75727339E-05  8.30786000E-05 
 9.17916841E-05  1.10109392E-04  1.46236086E-04  1.99433285E-04  3.18544010E-04 
 5.69350781E-04  1.34242851E-03  2.86582523E-03  6.75389955E-03  1.38639885E-02 
 3.24198341E-02  6.89135024E-02  1.38339810E-01  2.33507321E-01  3.74615781E-01 
 5.70079376E-01  8.67526443E-01  1.24129403E+00  1.93212728E+00  2.76250630E+00 
 3.98374515E+00  5.49545254E+00  7.17501807E+00  8.62148592E+00  9.87227618E+00 
 1.15816187E+01  1.32427729E+01  1.42942398E+01  1.54627928E+01  1.66483049E+01 
 1.84102106E+01  1.97654227E+01  2.11501479E+01  2.29186726E+01  2.47311115E+01 
 2.66234477E+01  ) >                                                            
PGS               ( > 
 5.19408720E-02  5.19430182E-02  5.19448322E-02  5.19469727E-02  5.19496599E-02 
 5.19520632E-02  5.19549240E-02  5.19580962E-02  5.19615674E-02  5.19649101E-02 
 5.19679461E-02  5.19697964E-02  5.19713891E-02  5.19728857E-02  5.19744783E-02 
 5.19758871E-02  5.19774784E-02  5.19791701E-02  5.19808013E-02  5.19829513E-02 
 5.19854171E-02  5.19882735E-02  5.19898858E-02  5.19953051E-02  5.20035124E-02 
 5.20220763E-02  5.20498012E-02  5.21851156E-02  5.23988962E-02  5.27923598E-02 
 5.34397521E-02  5.53775476E-02  5.85468839E-02  6.33738890E-02  7.21455925E-02 
 9.47948847E-02  1.21897275E-01  1.60138006E-01  2.05647538E-01  2.68091713E-01 
 3.31611251E-01  4.24322187E-01  5.45222379E-01  6.94857268E-01  8.69402162E-01 
 1.10799051E+00  1.33694650E+00  1.55174966E+00  1.67871604E+00  1.75068453E+00 
 1.81662637E+00  1.89221721E+00  2.00206379E+00  2.12533776E+00  2.27618748E+00 
 2.51490856E+00  3.01677713E+00  4.00657628E+00  5.46407314E+00  8.72746880E+00 
 1.55990727E+01  3.67798563E+01  7.85178795E+01  1.85043340E+02  3.79845556E+02 
 8.88238616E+02  1.88809214E+03  3.79023412E+03  6.39763358E+03  1.02637232E+04 
 1.56190347E+04  2.37684895E+04  3.40089739E+04  5.29364231E+04  7.56871475E+04 
 1.09146650E+05  1.50564409E+05  1.96581145E+05  2.36211471E+05  2.70480623E+05 
 3.17313189E+05  3.62825493E+05  3.91633582E+05  4.23649597E+05  4.56130258E+05 
 5.04402950E+05  5.41533050E+05  5.79471753E+05  6.27925792E+05  6.77582994E+05 
 7.29429220E+05  ) >                                                            
PTO               ( > 
 5.19408720E-02  5.19430182E-02  5.19448322E-02  5.19469727E-02  5.19496599E-02 
 5.19520632E-02  5.19549240E-02  5.19580962E-02  5.19615674E-02  5.19649101E-02 
 5.19679461E-02  5.19697964E-02  5.19713891E-02  5.19728857E-02  5.19744783E-02 
 5.19758871E-02  5.19774784E-02  5.19791701E-02  5.19808013E-02  5.19829513E-02 
 5.19854171E-02  5.19882735E-02  5.19898858E-02  5.19953051E-02  5.20035124E-02 
 5.20220763E-02  5.20498012E-02  5.21851156E-02  5.23988962E-02  5.27923598E-02 
 5.34397521E-02  5.53775476E-02  5.85468839E-02  6.33738890E-02  7.21455925E-02 
 9.47948847E-02  1.21897275E-01  1.60138006E-01  2.05647538E-01  2.68091713E-01 
 3.31611251E-01  4.24322187E-01  5.45222379E-01  6.94857268E-01  8.69402162E-01 
 1.10799051E+00  1.33694650E+00  1.55174966E+00  1.67871604E+00  1.75068453E+00 
 1.81662637E+00  1.89221721E+00  2.00206379E+00  2.12533776E+00  2.27618748E+00 
 2.51490856E+00  3.01677713E+00  4.00657628E+00  5.46407314E+00  8.72746880E+00 
 1.55990727E+01  3.67798563E+01  7.85178795E+01  1.85043340E+02  3.79845556E+02 
 8.88238616E+02  1.88809214E+03  3.79023412E+03  6.39763358E+03  1.02637232E+04 
 1.56190347E+04  2.37684895E+04  3.40089739E+04  5.29364231E+04  7.56871475E+04 
 1.09146650E+05  1.50564409E+05  1.96581145E+05  2.36211471E+05  2.70480623E+05 
 3.17313189E+05  3.62825493E+05  3.91633582E+05  4.23649597E+05  4.56130258E+05 
 5.04402950E+05  5.41533050E+05  5.79471753E+05  6.27925792E+05  6.77582994E+05 
 7.29429220E+05  ) >                                                            
TE                ( > 
 8.47862875E+05  7.61281625E+05  6.98440438E+05  6.29319062E+05  5.57988188E+05 
 4.98545844E+05  4.49010531E+05  4.03438031E+05  3.57865531E+05  3.14274500E+05 
 2.78999438E+05  2.62573781E+05  2.43928438E+05  2.27502766E+05  2.08857422E+05 
 1.92875703E+05  1.74230359E+05  1.54697156E+05  1.38271500E+05  1.19626148E+05 
 1.02312617E+05  8.49990938E+04  7.16809844E+04  5.61432031E+04  4.37898086E+04 
 3.25330801E+04  2.19812812E+04  1.41042803E+04  1.10604209E+04  9.73626953E+03 
 9.02884570E+03  8.70234277E+03  8.61164746E+03  8.48467383E+03  8.41046094E+03 
 8.30287207E+03  8.22218066E+03  8.16838623E+03  8.12355762E+03  8.08769434E+03 
 8.05183154E+03  8.00700244E+03  7.94424219E+03  7.84561914E+03  7.72906445E+03 
 7.54974951E+03  7.28077686E+03  6.96697559E+03  6.54558545E+03  6.08496484E+03 
 5.61932373E+03  5.05020703E+03  4.47074268E+03  3.96371118E+03  3.43598462E+03 
 3.06347192E+03  2.79443481E+03  2.68061157E+03  2.64670752E+03  2.62464990E+03 
 2.60000000E+03  2.60000000E+03  2.60000000E+03  2.61140283E+03  2.63127319E+03 
 2.67101440E+03  2.72069092E+03  2.77699097E+03  2.82335571E+03  2.86640869E+03 
 2.90946167E+03  2.95582642E+03  3.00400000E+03  3.06700000E+03  3.13600000E+03 
 3.24500000E+03  3.37900000E+03  3.53000000E+03  3.69000000E+03  3.85000000E+03 
 4.11000000E+03  4.44000000E+03  4.71000000E+03  4.98000000E+03  5.27000000E+03 
 5.65000000E+03  5.93000000E+03  6.21000000E+03  6.58000000E+03  6.90000000E+03 
 7.20000000E+03  ) >                                                            
DENS              ( > 
 3.54060283E-16  3.95280145E-16  4.31271307E-16  4.78926150E-16  5.40792564E-16 
 6.06732016E-16  6.74603539E-16  7.51873637E-16  8.51551613E-16  9.74457239E-16 
 1.10114800E-15  1.16922246E-15  1.25889733E-15  1.34831027E-15  1.46728975E-15 
 1.58848827E-15  1.76451325E-15  1.99716047E-15  2.25134602E-15  2.62374677E-15 
 3.08887483E-15  3.73778368E-15  4.45640421E-15  5.70048425E-15  7.32421039E-15 
 9.88371101E-15  1.46895785E-14  2.43230333E-14  3.27916992E-14  4.03932954E-14 
 4.77591009E-14  6.27831051E-14  7.23511324E-14  8.17500953E-14  9.45632481E-14 
 1.26800888E-13  1.65843547E-13  2.20770261E-13  2.87849581E-13  3.69346649E-13 
 4.66520662E-13  6.04981802E-13  7.90220424E-13  1.02788414E-12  1.31621286E-12 
 1.72872946E-12  2.20006056E-12  2.66265482E-12  3.06959364E-12  3.44906073E-12 
 3.88563553E-12  4.51638200E-12  5.41319734E-12  6.50261387E-12  8.06606219E-12 
 1.00756129E-11  1.33349221E-11  1.86096808E-11  2.58115179E-11  4.16714280E-11 
 7.55734208E-11  1.80379178E-10  3.93605764E-10  9.61156710E-10  2.04628130E-09 
 4.97544246E-09  1.08398093E-08  2.20621927E-08  3.75163346E-08  6.05888652E-08 
 9.23228393E-08  1.40307561E-07  1.98869258E-07  3.05406045E-07  4.24881107E-07 
 5.75737193E-07  7.29501493E-07  8.64092056E-07  9.38725141E-07  9.82912291E-07 
 1.02510403E-06  1.04873292E-06  1.05337120E-06  1.07078282E-06  1.08548967E-06 
 1.11702892E-06  1.14157786E-06  1.16577318E-06  1.19153094E-06  1.22560053E-06 
 1.26384810E-06  ) >                                                            
TAU5000           ( > 
 0.00000000E+00  6.27600673E-11  1.11724541E-10  1.67021367E-10  2.31608185E-10 
 2.88492859E-10  3.53405592E-10  4.25487453E-10  5.04038689E-10  5.81572510E-10 
 6.52539653E-10  6.97515778E-10  7.39309644E-10  7.75290687E-10  8.12982913E-10 
 8.44720478E-10  8.77970293E-10  9.10140820E-10  9.38900207E-10  9.69301476E-10 
 1.00210721E-09  1.03521238E-09  1.06483849E-09  1.12563977E-09  1.23160501E-09 
 1.45590908E-09  2.03668538E-09  3.80223020E-09  6.55024410E-09  1.06451887E-08 
 1.64654556E-08  2.84381529E-08  3.74442806E-08  4.82824118E-08  6.58633005E-08 
 1.08905094E-07  1.58068282E-07  2.24265099E-07  3.00694401E-07  4.13671782E-07 
 5.44570048E-07  7.08263563E-07  9.15729068E-07  1.16429650E-06  1.44386061E-06 
 1.81978027E-06  2.13602967E-06  2.40930111E-06  2.58837004E-06  2.69195661E-06 
 2.78700143E-06  2.89442141E-06  3.05080454E-06  3.22706719E-06  3.44066515E-06 
 3.72667817E-06  4.18743599E-06  4.74907109E-06  5.01265990E-06  5.24035783E-06 
 5.77114402E-06  8.08818585E-06  1.45306559E-05  4.33847802E-05  1.16742099E-04 
 3.50702813E-04  1.02598136E-03  2.46491690E-03  4.24283955E-03  6.67639628E-03 
 9.88667242E-03  1.52412327E-02  2.38850119E-02  4.48339009E-02  7.86998917E-02 
 1.48109963E-01  2.73494226E-01  4.75413197E-01  7.19262325E-01  9.99852693E-01 
 1.52988207E+00  2.29996454E+00  2.97926689E+00  3.92297272E+00  5.06347795E+00 
 7.07140176E+00  8.92539723E+00  1.13025978E+01  1.56852377E+01  2.25810139E+01 
 3.32592571E+01  ) >                                                            
[ FONTENLA data start ] > 
> SUN        MODEL SP     15 L H       ITER 84-94   2014-Mar-24                 
A1001     model as of 2014-Mar-24 (PANDORA program version  78.018)
              Height     Temperature              ne              nH              vt              vp         bHminus        Velocity
   1 -1.79563574E+03  8.47862875E+05  2.38355147E+08  2.03447060E+08  1.51800003E+01  0.00000000E+00  6.65088063E+03  0.00000000E+00
   2 -1.79188477E+03  7.61281625E+05  2.64947678E+08  2.27132461E+08  1.51800003E+01  0.00000000E+00  6.58734636E+03  0.00000000E+00
   3 -1.78922290E+03  6.98440438E+05  2.88571123E+08  2.47813391E+08  1.51800003E+01  0.00000000E+00  6.53162840E+03  0.00000000E+00
   4 -1.78648706E+03  6.29319062E+05  3.20142290E+08  2.75196405E+08  1.51800003E+01  0.00000000E+00  6.45799664E+03  0.00000000E+00
   5 -1.78363110E+03  5.57988188E+05  3.60752124E+08  3.10745549E+08  1.51800003E+01  0.00000000E+00  6.36390649E+03  0.00000000E+00
   6 -1.78139124E+03  4.98545844E+05  4.02982474E+08  3.48635108E+08  1.51800003E+01  0.00000000E+00  6.26629343E+03  0.00000000E+00
   7 -1.77909534E+03  4.49010531E+05  4.46983137E+08  3.87634856E+08  1.51800003E+01  0.00000000E+00  6.16668529E+03  0.00000000E+00
   8 -1.77679956E+03  4.03438031E+05  4.96973195E+08  4.32035132E+08  1.51800003E+01  0.00000000E+00  6.05536168E+03  0.00000000E+00
   9 -1.77455957E+03  3.57865531E+05  5.58138714E+08  4.89311229E+08  1.51800003E+01  0.00000000E+00  5.91868443E+03  0.00000000E+00
  10 -1.77259973E+03  3.14274500E+05  6.32968264E+08  5.59934197E+08  1.51800003E+01  0.00000000E+00  5.75530565E+03  0.00000000E+00
  11 -1.77101416E+03  2.78999438E+05  7.11188247E+08  6.32732149E+08  1.51800003E+01  0.00000000E+00  5.59083842E+03  0.00000000E+00
  12 -1.77009485E+03  2.62573781E+05  7.56300105E+08  6.71848507E+08  1.51800003E+01  0.00000000E+00  5.50137546E+03  0.00000000E+00
  13 -1.76929541E+03  2.43928438E+05  8.14088948E+08  7.23376703E+08  1.51800003E+01  0.00000000E+00  5.38760269E+03  0.00000000E+00
  14 -1.76865576E+03  2.27502766E+05  8.73865472E+08  7.74754396E+08  1.51800003E+01  0.00000000E+00  5.27458505E+03  0.00000000E+00
  15 -1.76803625E+03  2.08857422E+05  9.52840490E+08  8.43121355E+08  1.51800003E+01  0.00000000E+00  5.12883822E+03  0.00000000E+00
  16 -1.76755664E+03  1.92875703E+05  1.03215056E+09  9.12763401E+08  1.51800003E+01  0.00000000E+00  4.98609213E+03  0.00000000E+00
  17 -1.76709692E+03  1.74230359E+05  1.13925315E+09  1.01390935E+09  1.51501073E+01  0.00000000E+00  4.79398868E+03  0.00000000E+00
  18 -1.76669714E+03  1.54697156E+05  1.27753462E+09  1.14759109E+09  1.48820873E+01  0.00000000E+00  4.55562729E+03  0.00000000E+00
  19 -1.76637744E+03  1.38271500E+05  1.41960320E+09  1.29364899E+09  1.46228310E+01  0.00000000E+00  4.31774791E+03  0.00000000E+00
  20 -1.76607764E+03  1.19626148E+05  1.62854778E+09  1.50763469E+09  1.42915700E+01  0.00000000E+00  3.99392489E+03  0.00000000E+00
  21 -1.76579785E+03  1.02312617E+05  1.89200897E+09  1.77490256E+09  1.39383906E+01  0.00000000E+00  3.62646402E+03  0.00000000E+00
  22 -1.76555798E+03  8.49990938E+04  2.26611801E+09  2.14777296E+09  1.35343641E+01  0.00000000E+00  3.17388051E+03  0.00000000E+00
  23 -1.76537805E+03  7.16809844E+04  2.67323722E+09  2.56070047E+09  1.31813850E+01  0.00000000E+00  2.75124718E+03  0.00000000E+00
  24 -1.76507837E+03  5.61432031E+04  3.40811509E+09  3.27556299E+09  1.27022076E+01  0.00000000E+00  2.15658102E+03  0.00000000E+00
  25 -1.76466882E+03  4.37898086E+04  4.36002722E+09  4.20857448E+09  1.22324325E+01  0.00000000E+00  1.59749992E+03  0.00000000E+00
  26 -1.76400842E+03  3.25330801E+04  5.85732227E+09  5.67929260E+09  1.16974734E+01  0.00000000E+00  1.03429639E+03  0.00000000E+00
  27 -1.76280457E+03  2.19812812E+04  8.65519383E+09  8.44079865E+09  1.10268846E+01  0.00000000E+00  5.12048920E+02  0.00000000E+00
  28 -1.76034058E+03  1.41042803E+04  1.26631534E+10  1.39762912E+10  1.02190167E+01  0.00000000E+00  1.95669122E+02  0.00000000E+00
  29 -1.75743506E+03  1.10604209E+04  1.52548158E+10  1.88424828E+10  9.76756370E+00  0.00000000E+00  1.07337305E+02  0.00000000E+00
  30 -1.75353784E+03  9.73626953E+03  1.57758739E+10  2.32104463E+10  9.47853682E+00  0.00000000E+00  7.65470130E+01  0.00000000E+00
  31 -1.74802478E+03  9.02884570E+03  1.51040768E+10  2.74429218E+10  9.25185402E+00  0.00000000E+00  6.21525391E+01  0.00000000E+00
  32 -1.73368445E+03  8.70234277E+03  9.14114758E+09  3.60758853E+10  8.88170895E+00  0.00000000E+00  5.60127932E+01  0.00000000E+00
  33 -1.71795642E+03  8.61164746E+03  7.19656913E+09  4.15737824E+10  8.68975239E+00  0.00000000E+00  5.43661866E+01  0.00000000E+00
  34 -1.69528943E+03  8.48467383E+03  6.64624005E+09  4.69745333E+10  8.52446798E+00  0.00000000E+00  5.20964988E+01  0.00000000E+00
  35 -1.65896912E+03  8.41046094E+03  7.23125715E+09  5.43371164E+10  8.31444372E+00  0.00000000E+00  5.07909892E+01  0.00000000E+00
  36 -1.58364050E+03  8.30287207E+03  9.06806439E+09  7.28612306E+10  7.87167262E+00  0.00000000E+00  4.89263732E+01  0.00000000E+00
  37 -1.51569690E+03  8.22218066E+03  1.10565068E+10  9.52955859E+10  7.52259419E+00  0.00000000E+00  4.75501489E+01  0.00000000E+00
  38 -1.44332227E+03  8.16838623E+03  1.36426173E+10  1.26857099E+11  7.20434285E+00  0.00000000E+00  4.66419941E+01  0.00000000E+00
  39 -1.37685583E+03  8.12355762E+03  1.52400624E+10  1.65401639E+11  6.92180140E+00  0.00000000E+00  4.58862665E+01  0.00000000E+00
  40 -1.31038928E+03  8.08769434E+03  6.03355383E+10  2.12230780E+11  6.66715585E+00  0.00000000E+00  4.52880381E+01  0.00000000E+00
  41 -1.25278503E+03  8.05183154E+03  2.85495688E+10  2.68068071E+11  6.43837822E+00  0.00000000E+00  4.46917083E+01  0.00000000E+00
  42 -1.18927258E+03  8.00700244E+03  3.39240965E+10  3.47629415E+11  6.19726432E+00  0.00000000E+00  4.39504502E+01  0.00000000E+00
  43 -1.12576013E+03  7.94424219E+03  3.98664469E+10  4.54069631E+11  5.96299344E+00  0.00000000E+00  4.29249286E+01  0.00000000E+00
  44 -1.06520178E+03  7.84561914E+03  4.63178335E+10  5.90633899E+11  5.74012092E+00  0.00000000E+00  4.13434337E+01  0.00000000E+00
  45 -1.01055157E+03  7.72906445E+03  5.22227113E+10  7.56310862E+11  5.53755521E+00  0.00000000E+00  3.95145360E+01  0.00000000E+00
  46 -9.52947327E+02  7.54974951E+03  6.15050346E+10  9.93347583E+11  5.33606112E+00  0.00000000E+00  3.67882405E+01  0.00000000E+00
  47 -9.10113342E+02  7.28077686E+03  5.11755351E+10  1.26417979E+12  5.15923879E+00  0.00000000E+00  3.28994379E+01  0.00000000E+00
  48 -8.77618591E+02  6.96697559E+03  6.72191954E+10  1.52999170E+12  5.01927688E+00  0.00000000E+00  2.86662400E+01  0.00000000E+00
  49 -8.61371216E+02  6.54558545E+03  7.58491482E+10  1.76382337E+12  4.91497107E+00  0.00000000E+00  2.34814602E+01  0.00000000E+00
  50 -8.53284668E+02  6.08496484E+03  8.20724159E+10  1.98186947E+12  4.82948789E+00  0.00000000E+00  1.84565022E+01  0.00000000E+00
  51 -8.46701599E+02  5.61932373E+03  8.64137021E+10  2.23273031E+12  4.74207743E+00  0.00000000E+00  1.40508828E+01  0.00000000E+00
  52 -8.40118469E+02  5.05020703E+03  9.26451295E+10  2.59516439E+12  4.63175539E+00  0.00000000E+00  9.57529830E+00  0.00000000E+00
  53 -8.32016174E+02  4.47074268E+03  1.01871514E+11  3.11048467E+12  4.48730023E+00  0.00000000E+00  6.01508170E+00  0.00000000E+00
  54 -8.24420288E+02  3.96371118E+03  1.10364801E+11  3.73647579E+12  4.33736835E+00  0.00000000E+00  3.68219640E+00  0.00000000E+00
  55 -8.16824402E+02  3.43598462E+03  1.17539898E+11  4.63485095E+12  4.16119176E+00  0.00000000E+00  1.96504577E+00  0.00000000E+00
  56 -8.07202942E+02  3.06347192E+03  9.63575620E+10  5.78956160E+12  3.97929854E+00  0.00000000E+00  1.14013327E+00  0.00000000E+00
  57 -7.91504700E+02  2.79443481E+03  8.29657574E+10  7.66239768E+12  3.75013092E+00  0.00000000E+00  7.17826620E-01  0.00000000E+00
  58 -7.68717041E+02  2.68061157E+03  3.92958027E+10  1.06933339E+13  3.47747103E+00  0.00000000E+00  5.83930317E-01  0.00000000E+00
  59 -7.44559021E+02  2.64670752E+03  7.50658639E+09  1.48315913E+13  3.21906357E+00  0.00000000E+00  5.82486422E-01  0.00000000E+00
  60 -7.08570618E+02  2.62464990E+03  5.62711996E+09  2.39448759E+13  2.86056525E+00  0.00000000E+00  6.02960958E-01  0.00000000E+00
  61 -6.64500000E+02  2.60000000E+03  7.92788240E+09  4.34253460E+13  2.45563420E+00  0.00000000E+00  6.41021683E-01  0.00000000E+00
  62 -6.00274170E+02  2.60000000E+03  1.07852919E+10  1.03647925E+14  1.97004314E+00  0.00000000E+00  7.55726087E-01  0.00000000E+00
  63 -5.44400024E+02  2.60000000E+03  1.49568088E+10  2.26170343E+14  1.53817967E+00  0.00000000E+00  8.49441582E-01  0.00000000E+00
  64 -4.83024109E+02  2.61140283E+03  3.17974286E+10  5.52291562E+14  1.21210727E+00  0.00000000E+00  9.22006427E-01  0.00000000E+00
  65 -4.33403870E+02  2.63127319E+03  3.95831325E+10  1.17581648E+15  9.49544245E-01  0.00000000E+00  9.59349205E-01  0.00000000E+00
  66 -3.77017242E+02  2.67101440E+03  6.37617397E+10  2.85894575E+15  7.21308709E-01  0.00000000E+00  9.82102111E-01  0.00000000E+00
  67 -3.28524689E+02  2.72069092E+03  1.19624676E+11  6.22867756E+15  5.62352721E-01  0.00000000E+00  9.91828347E-01  0.00000000E+00
  68 -2.84543121E+02  2.77699097E+03  1.28323066E+11  1.26771865E+16  5.27547270E-01  0.00000000E+00  9.96352234E-01  0.00000000E+00
  69 -2.51838867E+02  2.82335571E+03  1.34609096E+11  2.15573120E+16  6.08471062E-01  0.00000000E+00  9.98097870E-01  0.00000000E+00
  70 -2.22517853E+02  2.86640869E+03  1.44430008E+11  3.48150501E+16  7.92114627E-01  0.00000000E+00  9.98983465E-01  0.00000000E+00
  71 -1.96579987E+02  2.90946167E+03  1.56559376E+11  5.30497521E+16  1.02279520E+00  0.00000000E+00  9.99465124E-01  0.00000000E+00
  72 -1.70642136E+02  2.95582642E+03  2.25487834E+11  8.06223182E+16  1.27869465E+00  0.00000000E+00  9.99748338E-01  0.00000000E+00
  73 -1.48399994E+02  3.00400000E+03  3.11000396E+11  1.14272534E+17  1.55392749E+00  0.00000000E+00  9.99898071E-01  0.00000000E+00
  74 -1.20599998E+02  3.06700000E+03  4.78410273E+11  1.75489782E+17  1.83000004E+00  0.00000000E+00  9.99978443E-01  0.00000000E+00
  75 -9.76999969E+01  3.13600000E+03  6.93818123E+11  2.44141510E+17  1.83000004E+00  0.00000000E+00  1.00000845E+00  0.00000000E+00
  76 -7.32200012E+01  3.24500000E+03  1.05922315E+12  3.30825130E+17  1.83000004E+00  0.00000000E+00  1.00002703E+00  0.00000000E+00
  77 -5.00499992E+01  3.37900000E+03  1.60217667E+12  4.19179844E+17  1.83000004E+00  0.00000000E+00  1.00002397E+00  0.00000000E+00
  78 -2.90000000E+01  3.53000000E+03  2.37171365E+12  4.96517109E+17  1.83000004E+00  0.00000000E+00  1.00000959E+00  0.00000000E+00
  79 -1.30000000E+01  3.69000000E+03  3.34672861E+12  5.39402128E+17  1.83000004E+00  0.00000000E+00  1.00000535E+00  0.00000000E+00
  80  0.00000000E+00  3.85000000E+03  4.56133011E+12  5.64792566E+17  1.83000004E+00  0.00000000E+00  1.00000272E+00  0.00000000E+00
  81  1.70000000E+01  4.11000000E+03  7.57572575E+12  5.89036418E+17  1.83000004E+00  0.00000000E+00  9.99999183E-01  0.00000000E+00
  82  3.30000000E+01  4.44000000E+03  1.39568809E+13  6.02613850E+17  1.83000004E+00  0.00000000E+00  9.99998986E-01  0.00000000E+00
  83  4.30000000E+01  4.71000000E+03  2.12488150E+13  6.05279058E+17  1.83000004E+00  0.00000000E+00  1.00001076E+00  0.00000000E+00
  84  5.40000000E+01  4.98000000E+03  3.06254470E+13  6.15283972E+17  1.83000004E+00  0.00000000E+00  1.00000320E+00  0.00000000E+00
  85  6.50000000E+01  5.27000000E+03  4.23552254E+13  6.23734691E+17  1.83000004E+00  0.00000000E+00  1.00000770E+00  0.00000000E+00
  86  8.10000000E+01  5.65000000E+03  6.22212999E+13  6.41857502E+17  1.83000004E+00  0.00000000E+00  1.00000420E+00  0.00000000E+00
  87  9.30000000E+01  5.93000000E+03  8.53827526E+13  6.55963607E+17  1.83000004E+00  0.00000000E+00  1.00000509E+00  0.00000000E+00
  88  1.05000000E+02  6.21000000E+03  1.25566663E+14  6.69866513E+17  1.83000004E+00  0.00000000E+00  1.00000599E+00  0.00000000E+00
  89  1.20000000E+02  6.58000000E+03  2.24355375E+14  6.84667213E+17  1.83000004E+00  0.00000000E+00  1.00000910E+00  0.00000000E+00
  90  1.35000000E+02  6.90000000E+03  3.79003684E+14  7.04243987E+17  1.83000004E+00  0.00000000E+00  1.00000487E+00  0.00000000E+00
  91  1.50199997E+02  7.20000000E+03  6.13292964E+14  7.26221475E+17  1.83000004E+00  0.00000000E+00  1.00000001E+00  0.00000000E+00
[ FONTENLA data end ] > 
[ CENSUS data start ] > 
> SUN        MODEL SP     15 L H       ITER 84-94   2014-Mar-24                 
H             1   91
Z                 ( > 
-1.79563574E+03 -1.79188477E+03 -1.78922290E+03 -1.78648706E+03 -1.78363110E+03 
-1.78139124E+03 -1.77909534E+03 -1.77679956E+03 -1.77455957E+03 -1.77259973E+03 
-1.77101416E+03 -1.77009485E+03 -1.76929541E+03 -1.76865576E+03 -1.76803625E+03 
-1.76755664E+03 -1.76709692E+03 -1.76669714E+03 -1.76637744E+03 -1.76607764E+03 
-1.76579785E+03 -1.76555798E+03 -1.76537805E+03 -1.76507837E+03 -1.76466882E+03 
-1.76400842E+03 -1.76280457E+03 -1.76034058E+03 -1.75743506E+03 -1.75353784E+03 
-1.74802478E+03 -1.73368445E+03 -1.71795642E+03 -1.69528943E+03 -1.65896912E+03 
-1.58364050E+03 -1.51569690E+03 -1.44332227E+03 -1.37685583E+03 -1.31038928E+03 
-1.25278503E+03 -1.18927258E+03 -1.12576013E+03 -1.06520178E+03 -1.01055157E+03 
-9.52947327E+02 -9.10113342E+02 -8.77618591E+02 -8.61371216E+02 -8.53284668E+02 
-8.46701599E+02 -8.40118469E+02 -8.32016174E+02 -8.24420288E+02 -8.16824402E+02 
-8.07202942E+02 -7.91504700E+02 -7.68717041E+02 -7.44559021E+02 -7.08570618E+02 
-6.64500000E+02 -6.00274170E+02 -5.44400024E+02 -4.83024109E+02 -4.33403870E+02 
-3.77017242E+02 -3.28524689E+02 -2.84543121E+02 -2.51838867E+02 -2.22517853E+02 
-1.96579987E+02 -1.70642136E+02 -1.48399994E+02 -1.20599998E+02 -9.76999969E+01 
-7.32200012E+01 -5.00499992E+01 -2.90000000E+01 -1.30000000E+01  0.00000000E+00 
 1.70000000E+01  3.30000000E+01  4.30000000E+01  5.40000000E+01  6.50000000E+01 
 8.10000000E+01  9.30000000E+01  1.05000000E+02  1.20000000E+02  1.35000000E+02 
 1.50199997E+02  ) >                                                            
FLVSL             ( > 
-3.12344247E+00 -3.07638353E+00 -3.04362849E+00 -3.01008463E+00 -2.95023493E+00 
-2.93796325E+00 -2.89414621E+00 -2.84009980E+00 -2.77997745E+00 -2.71975596E+00 
-2.66679593E+00 -2.63010990E+00 -2.59940742E+00 -2.57614830E+00 -2.55582276E+00 
-2.54301162E+00 -2.53756503E+00 -2.54138620E+00 -2.55203823E+00 -2.57816209E+00 
-2.62467819E+00 -2.71569306E+00 -2.59607403E+00 -3.15423472E+00 -3.21446352E+00 
-3.05492457E+00 -2.34162283E+00 -9.16469344E-01 -6.67639996E-01 -4.67556208E-01 
-3.29523509E-01 -1.18200973E-01 -7.54573847E-02 -5.98080377E-02 -5.55344715E-02 
-5.18884888E-02 -4.78320262E-02 -4.40808584E-02 -3.71350438E-02 -1.39710500E-01 
-4.48688966E-02 -4.11535497E-02 -3.60744504E-02 -3.22788673E-02 -2.80830847E-02 
-2.50711844E-02 -1.54810763E-02 -1.72501390E-02 -1.69574213E-02 -1.60410609E-02 
-1.52164033E-02 -1.39606460E-02 -1.27795145E-02 -1.15317074E-02 -9.50071613E-03 
-5.67751982E-03 -3.46561592E-03 -2.09162872E-03 -2.11335648E-03 -3.85629474E-03 
-8.33162419E-03 -1.91550744E-02 -3.90172574E-02 -7.65288754E-02 -1.20102712E-01 
-1.77229067E-01 -2.26272945E-01 -2.67946245E-01 -2.98736159E-01 -3.28044854E-01 
-3.50775741E-01 -3.71809227E-01 -3.81806430E-01 -3.92839414E-01 -3.85090278E-01 
-3.44108431E-01 -2.84130689E-01 -2.18457106E-01 -1.55456812E-01 -1.06890251E-01 
-5.62050499E-02 -2.48934299E-02 -1.32758191E-02 -7.56551047E-03 -4.37444161E-03 
-2.35060923E-03 -1.57950847E-03 -1.12129303E-03 -7.94658012E-04 -6.88131428E-04 
-6.98660371E-04  ) >                                                            
FIONL             ( > 
-3.26968045E-04 -3.64403857E-04 -3.92963569E-04 -4.24533465E-04 -4.87296175E-04 
-5.01269957E-04 -5.54517593E-04 -6.28056196E-04 -7.21385662E-04 -8.28786514E-04 
-9.36389404E-04 -1.01902262E-03 -1.09376409E-03 -1.15401882E-03 -1.20938926E-03 
-1.24564810E-03 -1.26139129E-03 -1.25032559E-03 -1.21998905E-03 -1.14867305E-03 
-1.03186279E-03 -8.36583844E-04 -1.10220218E-03 -3.04580341E-04 -2.65126625E-04 
-3.82869843E-04 -1.98222163E-03 -5.61138185E-02 -1.05108858E-01 -1.80953959E-01 
-2.74291361E-01 -6.22924136E-01 -7.97265121E-01 -8.90585650E-01 -9.20693054E-01 
-9.48399251E-01 -9.81762065E-01 -1.01538829E+00 -1.08643560E+00 -5.60539452E-01 
-1.00808024E+00 -1.04379131E+00 -1.09849697E+00 -1.14490550E+00 -1.20330539E+00 
-1.25108476E+00 -1.45570072E+00 -1.40958826E+00 -1.41687567E+00 -1.44054716E+00 
-1.46305852E+00 -1.49984126E+00 -1.53764825E+00 -1.58166891E+00 -1.66506139E+00 
-1.89045586E+00 -2.14795032E+00 -2.65976293E+00 -3.72955120E+00 -6.25438703E+00 
-7.47863642E+00 -8.27181749E+00 -9.24213127E+00 -1.04815703E+01 -1.20008343E+01 
-1.38217389E+01 -1.46885013E+01 -1.48111836E+01 -1.55528966E+01 -1.49853098E+01 
-1.44265191E+01 -1.39726738E+01 -1.34792504E+01 -1.33441567E+01 -1.31005957E+01 
-1.26133885E+01 -1.19719975E+01 -1.12432659E+01 -1.04987803E+01 -9.80769435E+00 
-8.82639871E+00 -7.77275425E+00 -7.01751551E+00 -6.33374527E+00 -5.67392736E+00 
-4.91598426E+00 -4.44780364E+00 -4.06353343E+00 -3.65695121E+00 -3.37052706E+00 
-3.13796650E+00  ) >                                                            
[ CENSUS data end ] > 
[ DIFFUSION data start ] > 
> SUN        MODEL SP     15 L H       ITER 84-94   2014-Mar-24                 
N (  91 ) >   KAMB  1  KVLG  0
Z                 ( > 
-1.79563574E+03 -1.79188477E+03 -1.78922290E+03 -1.78648706E+03 -1.78363110E+03 
-1.78139124E+03 -1.77909534E+03 -1.77679956E+03 -1.77455957E+03 -1.77259973E+03 
-1.77101416E+03 -1.77009485E+03 -1.76929541E+03 -1.76865576E+03 -1.76803625E+03 
-1.76755664E+03 -1.76709692E+03 -1.76669714E+03 -1.76637744E+03 -1.76607764E+03 
-1.76579785E+03 -1.76555798E+03 -1.76537805E+03 -1.76507837E+03 -1.76466882E+03 
-1.76400842E+03 -1.76280457E+03 -1.76034058E+03 -1.75743506E+03 -1.75353784E+03 
-1.74802478E+03 -1.73368445E+03 -1.71795642E+03 -1.69528943E+03 -1.65896912E+03 
-1.58364050E+03 -1.51569690E+03 -1.44332227E+03 -1.37685583E+03 -1.31038928E+03 
-1.25278503E+03 -1.18927258E+03 -1.12576013E+03 -1.06520178E+03 -1.01055157E+03 
-9.52947327E+02 -9.10113342E+02 -8.77618591E+02 -8.61371216E+02 -8.53284668E+02 
-8.46701599E+02 -8.40118469E+02 -8.32016174E+02 -8.24420288E+02 -8.16824402E+02 
-8.07202942E+02 -7.91504700E+02 -7.68717041E+02 -7.44559021E+02 -7.08570618E+02 
-6.64500000E+02 -6.00274170E+02 -5.44400024E+02 -4.83024109E+02 -4.33403870E+02 
-3.77017242E+02 -3.28524689E+02 -2.84543121E+02 -2.51838867E+02 -2.22517853E+02 
-1.96579987E+02 -1.70642136E+02 -1.48399994E+02 -1.20599998E+02 -9.76999969E+01 
-7.32200012E+01 -5.00499992E+01 -2.90000000E+01 -1.30000000E+01  0.00000000E+00 
 1.70000000E+01  3.30000000E+01  4.30000000E+01  5.40000000E+01  6.50000000E+01 
 8.10000000E+01  9.30000000E+01  1.05000000E+02  1.20000000E+02  1.35000000E+02 
 1.50199997E+02  ) >                                                            
TE                ( > 
 8.47862875E+05  7.61281625E+05  6.98440438E+05  6.29319062E+05  5.57988188E+05 
 4.98545844E+05  4.49010531E+05  4.03438031E+05  3.57865531E+05  3.14274500E+05 
 2.78999438E+05  2.62573781E+05  2.43928438E+05  2.27502766E+05  2.08857422E+05 
 1.92875703E+05  1.74230359E+05  1.54697156E+05  1.38271500E+05  1.19626148E+05 
 1.02312617E+05  8.49990938E+04  7.16809844E+04  5.61432031E+04  4.37898086E+04 
 3.25330801E+04  2.19812812E+04  1.41042803E+04  1.10604209E+04  9.73626953E+03 
 9.02884570E+03  8.70234277E+03  8.61164746E+03  8.48467383E+03  8.41046094E+03 
 8.30287207E+03  8.22218066E+03  8.16838623E+03  8.12355762E+03  8.08769434E+03 
 8.05183154E+03  8.00700244E+03  7.94424219E+03  7.84561914E+03  7.72906445E+03 
 7.54974951E+03  7.28077686E+03  6.96697559E+03  6.54558545E+03  6.08496484E+03 
 5.61932373E+03  5.05020703E+03  4.47074268E+03  3.96371118E+03  3.43598462E+03 
 3.06347192E+03  2.79443481E+03  2.68061157E+03  2.64670752E+03  2.62464990E+03 
 2.60000000E+03  2.60000000E+03  2.60000000E+03  2.61140283E+03  2.63127319E+03 
 2.67101440E+03  2.72069092E+03  2.77699097E+03  2.82335571E+03  2.86640869E+03 
 2.90946167E+03  2.95582642E+03  3.00400000E+03  3.06700000E+03  3.13600000E+03 
 3.24500000E+03  3.37900000E+03  3.53000000E+03  3.69000000E+03  3.85000000E+03 
 4.11000000E+03  4.44000000E+03  4.71000000E+03  4.98000000E+03  5.27000000E+03 
 5.65000000E+03  5.93000000E+03  6.21000000E+03  6.58000000E+03  6.90000000E+03 
 7.20000000E+03  ) >                                                            
VAMB              ( > 
-2.86714904E+07 -2.41464155E+07 -2.19015036E+07 -1.97002673E+07 -1.75707230E+07 
-1.59005731E+07 -1.45471998E+07 -1.31938972E+07 -1.19559877E+07 -1.08905931E+07 
-1.00286566E+07 -9.53027742E+06 -9.09688254E+06 -8.67269379E+06 -8.15285949E+06 
-7.75041606E+06 -7.33632422E+06 -6.59533146E+06 -6.00276709E+06 -5.46925722E+06 
-5.06925330E+06 -4.72632132E+06 -4.08191525E+06 -3.00886382E+06 -2.10365132E+06 
-1.16642336E+06 -4.76930426E+05 -1.55889696E+05 -6.21227684E+04 -3.02173066E+04 
-1.63295774E+04 -3.17578610E+03 -4.45894559E+02 -5.06462635E+01 -8.86390453E+00 
-3.23336206E+00 -1.24967404E+00 -1.04753869E+00 -8.61904333E-01 -4.83985778E-01 
-1.56456894E-01  0.00000000E+00  0.00000000E+00  0.00000000E+00  0.00000000E+00 
 0.00000000E+00  0.00000000E+00  0.00000000E+00  0.00000000E+00  0.00000000E+00 
 0.00000000E+00  0.00000000E+00  0.00000000E+00  0.00000000E+00  0.00000000E+00 
 0.00000000E+00  0.00000000E+00  0.00000000E+00  0.00000000E+00  0.00000000E+00 
 0.00000000E+00  0.00000000E+00  0.00000000E+00  0.00000000E+00  0.00000000E+00 
 0.00000000E+00  0.00000000E+00  0.00000000E+00  0.00000000E+00  0.00000000E+00 
 0.00000000E+00  0.00000000E+00  0.00000000E+00  0.00000000E+00  0.00000000E+00 
 0.00000000E+00  0.00000000E+00  0.00000000E+00  0.00000000E+00  0.00000000E+00 
 0.00000000E+00  0.00000000E+00  0.00000000E+00  0.00000000E+00  0.00000000E+00 
 0.00000000E+00  0.00000000E+00  0.00000000E+00  0.00000000E+00  0.00000000E+00 
 0.00000000E+00  ) >                                                            
VCMB              ( > 
 1.35682615E+07  8.18117272E+06  7.90024019E+06  7.61150089E+06  6.45592277E+06 
 5.53112457E+06  4.58318846E+06  4.49170523E+06  4.46758186E+06  4.44647554E+06 
 4.42939988E+06  4.90172543E+06  5.31246384E+06  5.60461323E+06  5.32474799E+06 
 5.10808294E+06  4.88944105E+06  4.27227659E+06  3.13550658E+06  1.98353192E+06 
 9.08445236E+05  1.34966542E+05 -1.37795736E+05 -2.06030116E+05 -1.55979794E+05 
-7.52735753E+04 -3.67779817E+03 -1.94054131E+03  1.08019993E+02  5.04421141E+02 
 5.21212716E+02  3.07573003E+02  7.32595789E+01  5.97016154E+00 -7.71976391E-01 
-6.12367705E-01 -4.68406635E-01 -3.41870893E-01 -2.25664700E-01 -1.04772805E-01 
 0.00000000E+00  0.00000000E+00  0.00000000E+00  0.00000000E+00  0.00000000E+00 
 0.00000000E+00  0.00000000E+00  0.00000000E+00  0.00000000E+00  0.00000000E+00 
 0.00000000E+00  0.00000000E+00  0.00000000E+00  0.00000000E+00  0.00000000E+00 
 0.00000000E+00  0.00000000E+00  0.00000000E+00  0.00000000E+00  0.00000000E+00 
 0.00000000E+00  0.00000000E+00  0.00000000E+00  0.00000000E+00  0.00000000E+00 
 0.00000000E+00  0.00000000E+00  0.00000000E+00  0.00000000E+00  0.00000000E+00 
 0.00000000E+00  0.00000000E+00  0.00000000E+00  0.00000000E+00  0.00000000E+00 
 0.00000000E+00  0.00000000E+00  0.00000000E+00  0.00000000E+00  0.00000000E+00 
 0.00000000E+00  0.00000000E+00  0.00000000E+00  0.00000000E+00  0.00000000E+00 
 0.00000000E+00  0.00000000E+00  0.00000000E+00  0.00000000E+00  0.00000000E+00 
 0.00000000E+00  ) >                                                            
VDMB              ( > 
 7.72506950E+06  5.48666466E+06  4.50071992E+06  3.48737701E+06  2.02692955E+06 
 8.81536102E+05 -1.09747938E+05 -6.57715640E+05 -8.59630658E+05 -9.82347038E+05 
-1.06395777E+06 -1.10965054E+06 -1.14938538E+06 -1.27901461E+06 -1.47975415E+06 
-2.07620774E+06 -2.64792570E+06 -2.59476378E+06 -2.05410591E+06 -1.50078839E+06 
-9.84401768E+05 -7.42088702E+05 -5.60326123E+05 -2.57593894E+05 -1.06360017E+05 
-3.69921953E+04 -9.02802763E+03 -3.17284607E+03 -1.67962681E+03 -1.19289769E+03 
-9.59180163E+02 -4.27549629E+02 -1.00041596E+02 -1.29230151E+01 -2.39165884E+00 
-8.86486934E-01 -3.71109595E-01 -2.83584918E-01 -2.03205183E-01 -9.43451814E-02 
 0.00000000E+00  0.00000000E+00  0.00000000E+00  0.00000000E+00  0.00000000E+00 
 0.00000000E+00  0.00000000E+00  0.00000000E+00  0.00000000E+00  0.00000000E+00 
 0.00000000E+00  0.00000000E+00  0.00000000E+00  0.00000000E+00  0.00000000E+00 
 0.00000000E+00  0.00000000E+00  0.00000000E+00  0.00000000E+00  0.00000000E+00 
 0.00000000E+00  0.00000000E+00  0.00000000E+00  0.00000000E+00  0.00000000E+00 
 0.00000000E+00  0.00000000E+00  0.00000000E+00  0.00000000E+00  0.00000000E+00 
 0.00000000E+00  0.00000000E+00  0.00000000E+00  0.00000000E+00  0.00000000E+00 
 0.00000000E+00  0.00000000E+00  0.00000000E+00  0.00000000E+00  0.00000000E+00 
 0.00000000E+00  0.00000000E+00  0.00000000E+00  0.00000000E+00  0.00000000E+00 
 0.00000000E+00  0.00000000E+00  0.00000000E+00  0.00000000E+00  0.00000000E+00 
 0.00000000E+00  ) >                                                            
VH                ( > 
-2.85556527E+07 -2.40336826E+07 -2.17883694E+07 -1.95872179E+07 -1.74575261E+07 
-1.57871181E+07 -1.44302399E+07 -1.30720306E+07 -1.18277642E+07 -1.07553121E+07 
-9.88687030E+06 -9.38368171E+06 -8.94588555E+06 -8.52016098E+06 -8.00145067E+06 
-7.60079146E+06 -7.19051214E+06 -6.46192232E+06 -5.88044596E+06 -5.35840898E+06 
-4.96823931E+06 -4.63420600E+06 -4.00318093E+06 -2.94919116E+06 -2.05596479E+06 
-1.13095903E+06 -4.51648711E+05 -1.37526457E+05 -4.88366451E+04 -2.00963559E+04 
-8.67889044E+03 -9.18629918E+02 -7.12734915E+01 -6.46473851E+00 -1.08271160E+00 
-3.68681310E-01 -1.37369604E-01 -1.25417139E-01 -9.24903452E-02 -4.59268852E-02 
-1.33240319E-02  0.00000000E+00  0.00000000E+00  0.00000000E+00  0.00000000E+00 
 0.00000000E+00  0.00000000E+00  0.00000000E+00  0.00000000E+00  0.00000000E+00 
 0.00000000E+00  0.00000000E+00  0.00000000E+00  0.00000000E+00  0.00000000E+00 
 0.00000000E+00  0.00000000E+00  0.00000000E+00  0.00000000E+00  0.00000000E+00 
 0.00000000E+00  0.00000000E+00  0.00000000E+00  0.00000000E+00  0.00000000E+00 
 0.00000000E+00  0.00000000E+00  0.00000000E+00  0.00000000E+00  0.00000000E+00 
 0.00000000E+00  0.00000000E+00  0.00000000E+00  0.00000000E+00  0.00000000E+00 
 0.00000000E+00  0.00000000E+00  0.00000000E+00  0.00000000E+00  0.00000000E+00 
 0.00000000E+00  0.00000000E+00  0.00000000E+00  0.00000000E+00  0.00000000E+00 
 0.00000000E+00  0.00000000E+00  0.00000000E+00  0.00000000E+00  0.00000000E+00 
 0.00000000E+00  ) >                                                            
VP                ( > 
 1.15837531E+05  1.12732770E+05  1.13133965E+05  1.13049226E+05  1.13196660E+05 
 1.13454774E+05  1.16959616E+05  1.21866260E+05  1.28223152E+05  1.35280580E+05 
 1.41785818E+05  1.46595196E+05  1.50996439E+05  1.52532238E+05  1.51408229E+05 
 1.49624002E+05  1.45811490E+05  1.33408586E+05  1.22320621E+05  1.10847783E+05 
 1.01013588E+05  9.21149727E+04  7.87340892E+04  5.96724902E+04  4.76864328E+04 
 3.54642990E+04  2.52817040E+04  1.83632370E+04  1.32861217E+04  1.01209495E+04 
 7.65068602E+03  2.25715608E+03  3.74621062E+02  4.41815248E+01  7.78119286E+00 
 2.86468070E+00  1.11230440E+00  9.22121481E-01  7.69413789E-01  4.38058803E-01 
 1.43132846E-01  0.00000000E+00  0.00000000E+00  0.00000000E+00  0.00000000E+00 
 0.00000000E+00  0.00000000E+00  0.00000000E+00  0.00000000E+00  0.00000000E+00 
 0.00000000E+00  0.00000000E+00  0.00000000E+00  0.00000000E+00  0.00000000E+00 
 0.00000000E+00  0.00000000E+00  0.00000000E+00  0.00000000E+00  0.00000000E+00 
 0.00000000E+00  0.00000000E+00  0.00000000E+00  0.00000000E+00  0.00000000E+00 
 0.00000000E+00  0.00000000E+00  0.00000000E+00  0.00000000E+00  0.00000000E+00 
 0.00000000E+00  0.00000000E+00  0.00000000E+00  0.00000000E+00  0.00000000E+00 
 0.00000000E+00  0.00000000E+00  0.00000000E+00  0.00000000E+00  0.00000000E+00 
 0.00000000E+00  0.00000000E+00  0.00000000E+00  0.00000000E+00  0.00000000E+00 
 0.00000000E+00  0.00000000E+00  0.00000000E+00  0.00000000E+00  0.00000000E+00 
 0.00000000E+00  ) >                                                            
VE                ( > 
 8.75610954E+04  8.89357848E+04  8.95732721E+04  8.96774129E+04  9.11361966E+04 
 9.29542948E+04  9.73159875E+04  1.02084260E+05  1.08782176E+05  1.16248497E+05 
 1.22892067E+05  1.27000632E+05  1.31597821E+05  1.35865016E+05  1.43717791E+05 
 1.68012471E+05  2.04975662E+05  2.40543806E+05  2.37492935E+05  1.86478557E+05 
 1.34413407E+05  1.05825843E+05  8.01154688E+04  5.68751191E+04  4.50354933E+04 
 3.33703334E+04  2.33058319E+04  1.77823096E+04  1.27843067E+04  9.80198527E+03 
 7.27987730E+03  2.10063199E+03  3.34838067E+02  3.99514946E+01  7.20826452E+00 
 2.61667599E+00  1.06389668E+00  1.09558482E+00  6.66590593E-01  4.09130712E-01 
 1.30986819E-01  0.00000000E+00  0.00000000E+00  0.00000000E+00  0.00000000E+00 
 0.00000000E+00  0.00000000E+00  0.00000000E+00  0.00000000E+00  0.00000000E+00 
 0.00000000E+00  0.00000000E+00  0.00000000E+00  0.00000000E+00  0.00000000E+00 
 0.00000000E+00  0.00000000E+00  0.00000000E+00  0.00000000E+00  0.00000000E+00 
 0.00000000E+00  0.00000000E+00  0.00000000E+00  0.00000000E+00  0.00000000E+00 
 0.00000000E+00  0.00000000E+00  0.00000000E+00  0.00000000E+00  0.00000000E+00 
 0.00000000E+00  0.00000000E+00  0.00000000E+00  0.00000000E+00  0.00000000E+00 
 0.00000000E+00  0.00000000E+00  0.00000000E+00  0.00000000E+00  0.00000000E+00 
 0.00000000E+00  0.00000000E+00  0.00000000E+00  0.00000000E+00  0.00000000E+00 
 0.00000000E+00  0.00000000E+00  0.00000000E+00  0.00000000E+00  0.00000000E+00 
 0.00000000E+00  ) >                                                            
V1                ( > 
 1.91229479E+08  1.17453303E+08  1.06866457E+08  9.67701409E+07  7.49628988E+07 
 5.68941795E+07  4.11918545E+07  3.63589663E+07  3.27251393E+07  2.95855197E+07 
 2.76429622E+07  3.14038763E+07  3.42976633E+07  3.67331724E+07  3.44468631E+07 
 3.03906586E+07  2.52181226E+07  2.07626610E+07  1.49069934E+07  8.85894828E+06 
 3.48270614E+06  3.16736746E+04 -7.50918816E+05 -8.23821377E+05 -5.51697949E+05 
-2.34232514E+05 -1.06270228E+04 -5.08882293E+03  2.54550651E+02  9.85174580E+02 
 9.30477725E+02  4.43196254E+02  9.51627360E+01  7.35789911E+00 -9.66189986E-01 
-6.93733055E-01 -5.26737805E-01 -3.60376850E-01 -2.19377425E-01 -9.14818214E-02 
 0.00000000E+00  0.00000000E+00  0.00000000E+00  0.00000000E+00  0.00000000E+00 
 0.00000000E+00  0.00000000E+00  0.00000000E+00  0.00000000E+00  0.00000000E+00 
 0.00000000E+00  0.00000000E+00  0.00000000E+00  0.00000000E+00  0.00000000E+00 
 0.00000000E+00  0.00000000E+00  0.00000000E+00  0.00000000E+00  0.00000000E+00 
 0.00000000E+00  0.00000000E+00  0.00000000E+00  0.00000000E+00  0.00000000E+00 
 0.00000000E+00  0.00000000E+00  0.00000000E+00  0.00000000E+00  0.00000000E+00 
 0.00000000E+00  0.00000000E+00  0.00000000E+00  0.00000000E+00  0.00000000E+00 
 0.00000000E+00  0.00000000E+00  0.00000000E+00  0.00000000E+00  0.00000000E+00 
 0.00000000E+00  0.00000000E+00  0.00000000E+00  0.00000000E+00  0.00000000E+00 
 0.00000000E+00  0.00000000E+00  0.00000000E+00  0.00000000E+00  0.00000000E+00 
 0.00000000E+00  ) >                                                            
V2                ( > 
 5.27913978E+07  3.63259034E+07  2.94318176E+07  2.26447937E+07  1.29730651E+07 
 5.45510444E+06 -6.92308010E+05 -3.97464110E+06 -4.86390956E+06 -5.16262975E+06 
-5.32688872E+06 -5.64279198E+06 -5.83736916E+06 -6.60991296E+06 -7.71852882E+06 
-1.07170380E+07 -1.26062450E+07 -1.06504821E+07 -6.34474983E+06 -3.13570975E+06 
-1.34999864E+06 -6.08035489E+05 -1.72278302E+05 -1.64430013E+04  7.04631626E+00 
 4.81387503E+02  5.05954208E+01  5.50571389E+01 -3.98957169E+00 -1.85443214E+01 
-2.09667595E+01 -1.15533161E+01 -2.63302864E+00 -2.18211301E-01  3.27248214E-02 
 2.93184531E-02  2.32209186E-02  1.82509400E-02  1.19980187E-02  5.39140265E-03 
 0.00000000E+00  0.00000000E+00  0.00000000E+00  0.00000000E+00  0.00000000E+00 
 0.00000000E+00  0.00000000E+00  0.00000000E+00  0.00000000E+00  0.00000000E+00 
 0.00000000E+00  0.00000000E+00  0.00000000E+00  0.00000000E+00  0.00000000E+00 
 0.00000000E+00  0.00000000E+00  0.00000000E+00  0.00000000E+00  0.00000000E+00 
 0.00000000E+00  0.00000000E+00  0.00000000E+00  0.00000000E+00  0.00000000E+00 
 0.00000000E+00  0.00000000E+00  0.00000000E+00  0.00000000E+00  0.00000000E+00 
 0.00000000E+00  0.00000000E+00  0.00000000E+00  0.00000000E+00  0.00000000E+00 
 0.00000000E+00  0.00000000E+00  0.00000000E+00  0.00000000E+00  0.00000000E+00 
 0.00000000E+00  0.00000000E+00  0.00000000E+00  0.00000000E+00  0.00000000E+00 
 0.00000000E+00  0.00000000E+00  0.00000000E+00  0.00000000E+00  0.00000000E+00 
 0.00000000E+00  ) >                                                            
V3                ( > 
-2.60281177E+07 -1.80818019E+07 -1.46822369E+07 -1.13173691E+07 -6.48953227E+06 
-2.74312020E+06  3.10640161E+05  1.93136632E+06  2.36879481E+06  2.51417888E+06 
 2.59258795E+06  2.74381722E+06  2.84610066E+06  3.28130295E+06  3.99928650E+06 
 5.99140605E+06  7.87791959E+06  8.42826530E+06  7.57750812E+06  5.93973961E+06 
 3.88677617E+06  2.90928766E+06  2.18067837E+06  9.93000397E+05  3.76205470E+05 
 1.15828406E+05  2.62613410E+04  8.46546282E+03  4.01610965E+03  2.35513485E+03 
 1.72996265E+03  6.20582822E+02  1.30914618E+02  1.61810417E+01  3.12746121E+00 
 1.07603550E+00  4.58942669E-01  3.32326028E-01  2.20345577E-01  9.26232168E-02 
 0.00000000E+00  0.00000000E+00  0.00000000E+00  0.00000000E+00  0.00000000E+00 
 0.00000000E+00  0.00000000E+00  0.00000000E+00  0.00000000E+00  0.00000000E+00 
 0.00000000E+00  0.00000000E+00  0.00000000E+00  0.00000000E+00  0.00000000E+00 
 0.00000000E+00  0.00000000E+00  0.00000000E+00  0.00000000E+00  0.00000000E+00 
 0.00000000E+00  0.00000000E+00  0.00000000E+00  0.00000000E+00  0.00000000E+00 
 0.00000000E+00  0.00000000E+00  0.00000000E+00  0.00000000E+00  0.00000000E+00 
 0.00000000E+00  0.00000000E+00  0.00000000E+00  0.00000000E+00  0.00000000E+00 
 0.00000000E+00  0.00000000E+00  0.00000000E+00  0.00000000E+00  0.00000000E+00 
 0.00000000E+00  0.00000000E+00  0.00000000E+00  0.00000000E+00  0.00000000E+00 
 0.00000000E+00  0.00000000E+00  0.00000000E+00  0.00000000E+00  0.00000000E+00 
 0.00000000E+00  ) >                                                            
[ DIFFUSION data end ] > 
[ KURUCZ - MODEL data start ] > 
> SUN        MODEL SP     15 L H       ITER 84-94   2014-Mar-24                 
        91
      mass          Te          p(gas)          Ne                   v(broad)      v(flow)
 1.895791E-06    847862.9  5.194087E-02  2.383551E+08  0.0  0.0  1.518000E+06  0.000000E+00      1
 1.895869E-06    761281.6  5.194302E-02  2.649477E+08  0.0  0.0  1.518000E+06  0.000000E+00      2
 1.895935E-06    698440.4  5.194483E-02  2.885711E+08  0.0  0.0  1.518000E+06  0.000000E+00      3
 1.896013E-06    629319.1  5.194697E-02  3.201423E+08  0.0  0.0  1.518000E+06  0.000000E+00      4
 1.896111E-06    557988.2  5.194966E-02  3.607521E+08  0.0  0.0  1.518000E+06  0.000000E+00      5
 1.896199E-06    498545.8  5.195206E-02  4.029825E+08  0.0  0.0  1.518000E+06  0.000000E+00      6
 1.896304E-06    449010.5  5.195492E-02  4.469831E+08  0.0  0.0  1.518000E+06  0.000000E+00      7
 1.896419E-06    403438.0  5.195810E-02  4.969732E+08  0.0  0.0  1.518000E+06  0.000000E+00      8
 1.896546E-06    357865.5  5.196157E-02  5.581387E+08  0.0  0.0  1.518000E+06  0.000000E+00      9
 1.896668E-06    314274.5  5.196491E-02  6.329683E+08  0.0  0.0  1.518000E+06  0.000000E+00     10
 1.896779E-06    278999.4  5.196795E-02  7.111882E+08  0.0  0.0  1.518000E+06  0.000000E+00     11
 1.896846E-06    262573.8  5.196980E-02  7.563001E+08  0.0  0.0  1.518000E+06  0.000000E+00     12
 1.896904E-06    243928.4  5.197139E-02  8.140889E+08  0.0  0.0  1.518000E+06  0.000000E+00     13
 1.896959E-06    227502.8  5.197289E-02  8.738655E+08  0.0  0.0  1.518000E+06  0.000000E+00     14
 1.897017E-06    208857.4  5.197448E-02  9.528405E+08  0.0  0.0  1.518000E+06  0.000000E+00     15
 1.897069E-06    192875.7  5.197589E-02  1.032151E+09  0.0  0.0  1.518000E+06  0.000000E+00     16
 1.897127E-06    174230.4  5.197748E-02  1.139253E+09  0.0  0.0  1.515011E+06  0.000000E+00     17
 1.897188E-06    154697.2  5.197917E-02  1.277535E+09  0.0  0.0  1.488209E+06  0.000000E+00     18
 1.897248E-06    138271.5  5.198080E-02  1.419603E+09  0.0  0.0  1.462283E+06  0.000000E+00     19
 1.897326E-06    119626.1  5.198295E-02  1.628548E+09  0.0  0.0  1.429157E+06  0.000000E+00     20
 1.897416E-06    102312.6  5.198542E-02  1.892009E+09  0.0  0.0  1.393839E+06  0.000000E+00     21
 1.897521E-06     84999.1  5.198827E-02  2.266118E+09  0.0  0.0  1.353436E+06  0.000000E+00     22
 1.897580E-06     71681.0  5.198989E-02  2.673237E+09  0.0  0.0  1.318138E+06  0.000000E+00     23
 1.897777E-06     56143.2  5.199531E-02  3.408115E+09  0.0  0.0  1.270221E+06  0.000000E+00     24
 1.898077E-06     43789.8  5.200351E-02  4.360027E+09  0.0  0.0  1.223243E+06  0.000000E+00     25
 1.898755E-06     32533.1  5.202208E-02  5.857322E+09  0.0  0.0  1.169747E+06  0.000000E+00     26
 1.899766E-06     21981.3  5.204980E-02  8.655194E+09  0.0  0.0  1.102688E+06  0.000000E+00     27
 1.904705E-06     14104.3  5.218512E-02  1.266315E+10  0.0  0.0  1.021902E+06  0.000000E+00     28
 1.912508E-06     11060.4  5.239890E-02  1.525482E+10  0.0  0.0  9.767564E+05  0.000000E+00     29
 1.926869E-06      9736.3  5.279236E-02  1.577587E+10  0.0  0.0  9.478537E+05  0.000000E+00     30
 1.950498E-06      9028.8  5.343975E-02  1.510408E+10  0.0  0.0  9.251854E+05  0.000000E+00     31
 2.021226E-06      8702.3  5.537755E-02  9.141148E+09  0.0  0.0  8.881709E+05  0.000000E+00     32
 2.136904E-06      8611.6  5.854688E-02  7.196569E+09  0.0  0.0  8.689752E+05  0.000000E+00     33
 2.313084E-06      8484.7  6.337389E-02  6.646240E+09  0.0  0.0  8.524468E+05  0.000000E+00     34
 2.633243E-06      8410.5  7.214559E-02  7.231257E+09  0.0  0.0  8.314444E+05  0.000000E+00     35
 3.459920E-06      8302.9  9.479488E-02  9.068064E+09  0.0  0.0  7.871673E+05  0.000000E+00     36
 4.449130E-06      8222.2  1.218973E-01  1.105651E+10  0.0  0.0  7.522594E+05  0.000000E+00     37
 5.844879E-06      8168.4  1.601380E-01  1.364262E+10  0.0  0.0  7.204343E+05  0.000000E+00     38
 7.505932E-06      8123.6  2.056475E-01  1.524006E+10  0.0  0.0  6.921801E+05  0.000000E+00     39
 9.785083E-06      8087.7  2.680917E-01  6.033554E+10  0.0  0.0  6.667156E+05  0.000000E+00     40
 1.210348E-05      8051.8  3.316113E-01  2.854957E+10  0.0  0.0  6.438378E+05  0.000000E+00     41
 1.548734E-05      8007.0  4.243222E-01  3.392410E+10  0.0  0.0  6.197264E+05  0.000000E+00     42
 1.990008E-05      7944.2  5.452224E-01  3.986645E+10  0.0  0.0  5.962993E+05  0.000000E+00     43
 2.536161E-05      7845.6  6.948573E-01  4.631783E+10  0.0  0.0  5.740121E+05  0.000000E+00     44
 3.173232E-05      7729.1  8.694022E-01  5.222271E+10  0.0  0.0  5.537555E+05  0.000000E+00     45
 4.044056E-05      7549.7  1.107991E+00  6.150503E+10  0.0  0.0  5.336061E+05  0.000000E+00     46
 4.879723E-05      7280.8  1.336946E+00  5.117554E+10  0.0  0.0  5.159239E+05  0.000000E+00     47
 5.663733E-05      6967.0  1.551750E+00  6.721920E+10  0.0  0.0  5.019277E+05  0.000000E+00     48
 6.127148E-05      6545.6  1.678716E+00  7.584915E+10  0.0  0.0  4.914971E+05  0.000000E+00     49
 6.389826E-05      6085.0  1.750685E+00  8.207242E+10  0.0  0.0  4.829488E+05  0.000000E+00     50
 6.630507E-05      5619.3  1.816626E+00  8.641370E+10  0.0  0.0  4.742077E+05  0.000000E+00     51
 6.906406E-05      5050.2  1.892217E+00  9.264513E+10  0.0  0.0  4.631755E+05  0.000000E+00     52
 7.307336E-05      4470.7  2.002064E+00  1.018715E+11  0.0  0.0  4.487300E+05  0.000000E+00     53
 7.757273E-05      3963.7  2.125338E+00  1.103648E+11  0.0  0.0  4.337368E+05  0.000000E+00     54
 8.307860E-05      3436.0  2.276187E+00  1.175399E+11  0.0  0.0  4.161192E+05  0.000000E+00     55
 9.179168E-05      3063.5  2.514909E+00  9.635756E+10  0.0  0.0  3.979299E+05  0.000000E+00     56
 1.101094E-04      2794.4  3.016777E+00  8.296576E+10  0.0  0.0  3.750131E+05  0.000000E+00     57
 1.462361E-04      2680.6  4.006576E+00  3.929580E+10  0.0  0.0  3.477471E+05  0.000000E+00     58
 1.994333E-04      2646.7  5.464073E+00  7.506586E+09  0.0  0.0  3.219064E+05  0.000000E+00     59
 3.185440E-04      2624.6  8.727469E+00  5.627120E+09  0.0  0.0  2.860565E+05  0.000000E+00     60
 5.693508E-04      2600.0  1.559907E+01  7.927882E+09  0.0  0.0  2.455634E+05  0.000000E+00     61
 1.342429E-03      2600.0  3.677986E+01  1.078529E+10  0.0  0.0  1.970043E+05  0.000000E+00     62
 2.865825E-03      2600.0  7.851788E+01  1.495681E+10  0.0  0.0  1.538180E+05  0.000000E+00     63
 6.753900E-03      2611.4  1.850433E+02  3.179743E+10  0.0  0.0  1.212107E+05  0.000000E+00     64
 1.386399E-02      2631.3  3.798456E+02  3.958313E+10  0.0  0.0  9.495442E+04  0.000000E+00     65
 3.241983E-02      2671.0  8.882386E+02  6.376174E+10  0.0  0.0  7.213087E+04  0.000000E+00     66
 6.891350E-02      2720.7  1.888092E+03  1.196247E+11  0.0  0.0  5.623527E+04  0.000000E+00     67
 1.383398E-01      2777.0  3.790234E+03  1.283231E+11  0.0  0.0  5.275473E+04  0.000000E+00     68
 2.335073E-01      2823.4  6.397634E+03  1.346091E+11  0.0  0.0  6.084711E+04  0.000000E+00     69
 3.746158E-01      2866.4  1.026372E+04  1.444300E+11  0.0  0.0  7.921146E+04  0.000000E+00     70
 5.700794E-01      2909.5  1.561903E+04  1.565594E+11  0.0  0.0  1.022795E+05  0.000000E+00     71
 8.675264E-01      2955.8  2.376849E+04  2.254878E+11  0.0  0.0  1.278695E+05  0.000000E+00     72
 1.241294E+00      3004.0  3.400897E+04  3.110004E+11  0.0  0.0  1.553927E+05  0.000000E+00     73
 1.932127E+00      3067.0  5.293642E+04  4.784103E+11  0.0  0.0  1.830000E+05  0.000000E+00     74
 2.762506E+00      3136.0  7.568715E+04  6.938181E+11  0.0  0.0  1.830000E+05  0.000000E+00     75
 3.983745E+00      3245.0  1.091466E+05  1.059223E+12  0.0  0.0  1.830000E+05  0.000000E+00     76
 5.495453E+00      3379.0  1.505644E+05  1.602177E+12  0.0  0.0  1.830000E+05  0.000000E+00     77
 7.175018E+00      3530.0  1.965811E+05  2.371714E+12  0.0  0.0  1.830000E+05  0.000000E+00     78
 8.621486E+00      3690.0  2.362115E+05  3.346729E+12  0.0  0.0  1.830000E+05  0.000000E+00     79
 9.872276E+00      3850.0  2.704806E+05  4.561330E+12  0.0  0.0  1.830000E+05  0.000000E+00     80
 1.158162E+01      4110.0  3.173132E+05  7.575726E+12  0.0  0.0  1.830000E+05  0.000000E+00     81
 1.324277E+01      4440.0  3.628255E+05  1.395688E+13  0.0  0.0  1.830000E+05  0.000000E+00     82
 1.429424E+01      4710.0  3.916336E+05  2.124881E+13  0.0  0.0  1.830000E+05  0.000000E+00     83
 1.546279E+01      4980.0  4.236496E+05  3.062545E+13  0.0  0.0  1.830000E+05  0.000000E+00     84
 1.664830E+01      5270.0  4.561303E+05  4.235523E+13  0.0  0.0  1.830000E+05  0.000000E+00     85
 1.841021E+01      5650.0  5.044029E+05  6.222130E+13  0.0  0.0  1.830000E+05  0.000000E+00     86
 1.976542E+01      5930.0  5.415330E+05  8.538275E+13  0.0  0.0  1.830000E+05  0.000000E+00     87
 2.115015E+01      6210.0  5.794718E+05  1.255667E+14  0.0  0.0  1.830000E+05  0.000000E+00     88
 2.291867E+01      6580.0  6.279258E+05  2.243554E+14  0.0  0.0  1.830000E+05  0.000000E+00     89
 2.473111E+01      6900.0  6.775830E+05  3.790037E+14  0.0  0.0  1.830000E+05  0.000000E+00     90
 2.662345E+01      7200.0  7.294292E+05  6.132930E+14  0.0  0.0  1.830000E+05  0.000000E+00     91
[ KURUCZ - MODEL data end ] > 
[ KURUCZ - b data start ] > 
> SUN        MODEL SP     15 L H       ITER 84-94   2014-Mar-24                 
HMINUS         1        91
 6.65088063E+03  6.58734636E+03  6.53162840E+03  6.45799664E+03  6.36390649E+03 
 6.26629343E+03  6.16668529E+03  6.05536168E+03  5.91868443E+03  5.75530565E+03 
 5.59083842E+03  5.50137546E+03  5.38760269E+03  5.27458505E+03  5.12883822E+03 
 4.98609213E+03  4.79398868E+03  4.55562729E+03  4.31774791E+03  3.99392489E+03 
 3.62646402E+03  3.17388051E+03  2.75124718E+03  2.15658102E+03  1.59749992E+03 
 1.03429639E+03  5.12048920E+02  1.95669122E+02  1.07337305E+02  7.65470130E+01 
 6.21525391E+01  5.60127932E+01  5.43661866E+01  5.20964988E+01  5.07909892E+01 
 4.89263732E+01  4.75501489E+01  4.66419941E+01  4.58862665E+01  4.52880381E+01 
 4.46917083E+01  4.39504502E+01  4.29249286E+01  4.13434337E+01  3.95145360E+01 
 3.67882405E+01  3.28994379E+01  2.86662400E+01  2.34814602E+01  1.84565022E+01 
 1.40508828E+01  9.57529830E+00  6.01508170E+00  3.68219640E+00  1.96504577E+00 
 1.14013327E+00  7.17826620E-01  5.83930317E-01  5.82486422E-01  6.02960958E-01 
 6.41021683E-01  7.55726087E-01  8.49441582E-01  9.22006427E-01  9.59349205E-01 
 9.82102111E-01  9.91828347E-01  9.96352234E-01  9.98097870E-01  9.98983465E-01 
 9.99465124E-01  9.99748338E-01  9.99898071E-01  9.99978443E-01  1.00000845E+00 
 1.00002703E+00  1.00002397E+00  1.00000959E+00  1.00000535E+00  1.00000272E+00 
 9.99999183E-01  9.99998986E-01  1.00001076E+00  1.00000320E+00  1.00000770E+00 
 1.00000420E+00  1.00000509E+00  1.00000599E+00  1.00000910E+00  1.00000487E+00 
 1.00000001E+00  ) >                                                            
H1             1        91
 4.94517413E+12  4.13027571E+12  3.52733096E+12  2.86593511E+12  2.36060199E+12 
 1.77503564E+12  1.46128231E+12  1.21857267E+12  9.90695097E+11  7.77052919E+11 
 6.13459268E+11  5.53287197E+11  4.71863269E+11  3.98716574E+11  3.16863227E+11 
 2.51158983E+11  1.81250198E+11  1.19554200E+11  7.85845300E+10  4.34406738E+10 
 2.12495632E+10  7.95369377E+09  4.87393574E+09  3.97820170E+08  8.43717650E+07 
 1.66938144E+07  3.17139206E+06  6.09526267E+05  3.20901728E+04  6.94943147E+03 
 3.10147967E+03  9.13774568E+03  1.55608985E+04  1.60984239E+04  1.34131560E+04 
 8.84314164E+03  6.46481186E+03  4.98293271E+03  4.75888454E+03  2.57722779E+02 
 1.72931781E+03  1.41612670E+03  1.16961725E+03  8.64027453E+02  6.39050253E+02 
 3.62564390E+02  3.12219010E+02  7.50725613E+01  1.43446355E+01  2.02735903E+00 
 2.10257171E-01  7.70211154E-03  1.11197615E-04  1.04061275E-06  2.12195975E-09 
 1.38724025E-11  1.79135243E-13  1.05310124E-13  2.98778769E-12  7.95310865E-10 
 5.22083355E-09  2.32499895E-08  1.49577861E-07  1.46956659E-06  5.63483484E-05 
 5.06870740E-03  5.36836868E-02  2.01555689E-01  2.57398656E+00  1.43737580E+00 
 8.02662153E-01  4.47705229E-01  2.45629856E-01  3.46146437E-01  4.44782291E-01 
 5.94979074E-01  7.53797273E-01  8.70781448E-01  9.54021917E-01  1.00476764E+00 
 1.04658031E+00  1.05127763E+00  1.04431757E+00  1.01675976E+00  1.00906194E+00 
 1.00218807E+00  1.00081018E+00  1.00040786E+00  1.00027257E+00  1.00013148E+00 
 1.00007180E+00  ) >                                                            
H1             2        91
 7.34509112E+04  6.54854565E+04  5.90910054E+04  5.14535654E+04  4.58514656E+04 
 3.77308459E+04  3.37907512E+04  3.08845006E+04  2.79515959E+04  2.47709945E+04 
 2.20342887E+04  2.12222457E+04  1.94718209E+04  1.74861288E+04  1.49884230E+04 
 1.27580237E+04  1.00703601E+04  7.39033127E+03  5.38435377E+03  3.42219221E+03 
 1.97391518E+03  9.18474547E+02  6.83807344E+02  9.32502018E+01  6.15063303E+01 
 5.36102694E+01  5.31304855E+01  5.50923325E+01  3.11211448E+01  3.06067523E+01 
 3.53928784E+01  4.49361899E+01  5.37233253E+01  3.15080358E+01  8.30381228E+00 
 2.14318842E+01  5.52819781E+01  1.42533097E+02  3.81950865E+02  6.32063621E+02 
 3.48017592E+02  2.71330402E+02  2.13069198E+02  1.69575534E+02  1.34156676E+02 
 1.16708338E+02  3.70249899E+01  1.12534391E+01  3.44747647E+00  1.05816574E+00 
 3.25118326E-01  9.99094255E-02  3.07074867E-02  9.42604791E-03  4.37673396E-03 
 2.30857232E-03  1.18762576E-03  6.16218901E-04  3.29614695E-04  7.38256811E-02 
 2.37606216E-01  3.14482269E-01  5.02801659E-01  6.23158257E-01  7.52823343E-01 
 7.25140083E-01  1.67166234E-01  1.68302960E-01  1.97298732E-01  2.77849355E-01 
 2.32196832E-01  5.28136852E-01  3.03054339E-01  3.76875064E-01  4.63859266E-01 
 6.07405954E-01  7.61986170E-01  8.75692821E-01  9.56971009E-01  1.00642813E+00 
 1.04721234E+00  1.05150389E+00  1.04447850E+00  1.01682402E+00  1.00909318E+00 
 1.00217457E+00  1.00079688E+00  1.00038616E+00  1.00023987E+00  1.00008793E+00 
 1.00002223E+00  ) >                                                            
H1             3        91
 1.33577202E+04  1.27968362E+04  1.22119905E+04  1.13611881E+04  1.08691677E+04 
 9.52658391E+03  8.99369045E+03  8.63058181E+03  8.19646366E+03  7.61365893E+03 
 7.03316003E+03  6.88587056E+03  6.44399329E+03  5.88465433E+03  5.14797668E+03 
 4.46063105E+03  3.59355258E+03  2.69132886E+03  1.98538511E+03  1.27502184E+03 
 7.37124351E+02  3.38766886E+02  2.40533808E+02  2.98899361E+01  1.29986640E+01 
 6.52737836E+00  3.61905764E+00  2.06209733E+00  6.05054905E-01  4.34434640E-01 
 4.91931183E-01  4.72565015E-01  4.39067281E-01  2.03563989E-01  5.28227540E-02 
 1.64069706E-01  5.09281754E-01  1.58032740E+00  5.09608131E+00  1.02426221E+01 
 6.21020137E+00  5.29396276E+00  4.54339237E+00  4.02484661E+00  3.56989690E+00 
 3.67977984E+00  1.48358176E+00  5.73057741E-01  2.23105878E-01  8.70281964E-02 
 3.39816388E-02  1.32710692E-02  5.18308996E-03  1.51189870E-02  1.03369014E-02 
 7.17571083E-03  4.84215149E-03  3.29557425E-03  2.38305006E-03  4.63811186E-01 
 1.42627671E+00  1.87382896E+00  3.00097489E+00  4.30656451E+00  4.48495132E+00 
 3.40344647E+00  7.79985792E-01  6.06132068E-01  5.45285825E-01  1.05417498E+00 
 7.97316599E-01  1.60110808E+00  8.05528662E-01  8.46055555E-01  8.79540984E-01 
 9.25421180E-01  9.60937658E-01  9.84179055E-01  1.00065064E+00  1.00838819E+00 
 1.01199375E+00  1.01262752E+00  1.01035181E+00  1.00332524E+00  1.00140359E+00 
 1.00032662E+00  1.00013465E+00  1.00007330E+00  1.00005181E+00  1.00001860E+00 
 1.00000316E+00  ) >                                                            
H1             4        91
 1.10540773E+04  1.06349763E+04  1.01813776E+04  9.50624528E+03  9.12242948E+03 
 8.02496525E+03  7.59415274E+03  7.30250694E+03  6.94813544E+03  6.46524809E+03 
 5.98041672E+03  5.85825140E+03  5.49777673E+03  5.05358813E+03  4.45587184E+03 
 3.88893208E+03  3.16152571E+03  2.39377252E+03  1.78546243E+03  1.16389363E+03 
 6.83578448E+02  3.20039698E+02  2.29468398E+02  2.94500363E+01  1.23724646E+01 
 5.88444999E+00  3.06766607E+00  1.67918346E+00  6.16775593E-01  3.87719349E-01 
 3.46281651E-01  2.49318390E-01  1.69434540E-01  1.07819686E-01  1.54947070E-01 
 3.10176547E-01  6.20329532E-01  1.24044997E+00  2.57789456E+00  3.31207213E+00 
 2.02120839E+00  1.73086161E+00  1.50163863E+00  1.33559573E+00  1.19227709E+00 
 1.21036542E+00  5.80148976E-01  2.66415693E-01  1.23312132E-01  6.27907723E-02 
 7.84211487E-02  7.79522462E-02  6.51511720E-02  5.41034023E-02  2.92027111E-02 
 1.84064623E-02  1.12746417E-02  6.96553469E-03  7.18634688E-03  8.57783538E-02 
 1.71594248E-01  1.86330124E-01  2.32759469E-01  2.99493064E-01  3.39987892E-01 
 3.69930512E-01  1.91396043E-01  1.36290781E-01  6.92114068E-01  1.41698097E+00 
 1.01346561E+00  1.93362821E+00  9.89177460E-01  9.92275468E-01  9.93244949E-01 
 9.97013561E-01  9.97033307E-01  9.97225638E-01  9.97860149E-01  9.98211106E-01 
 9.98499374E-01  9.99222464E-01  1.00009987E+00  1.00022884E+00  1.00025327E+00 
 1.00008268E+00  1.00004048E+00  1.00002192E+00  1.00001465E+00  1.00000462E+00 
 1.00000040E+00  ) >                                                            
H1             5        91
 1.02336513E+04  9.85490022E+03  9.44091675E+03  8.82119632E+03  8.46804573E+03 
 7.45524164E+03  7.05713503E+03  6.78726879E+03  6.45819372E+03  6.00897339E+03 
 5.55758856E+03  5.44330428E+03  5.11473772E+03  4.71891757E+03  4.17900484E+03 
 3.66339581E+03  2.99848347E+03  2.28906199E+03  1.72005223E+03  1.13170202E+03 
 6.71900884E+02  3.20430357E+02  2.32733771E+02  3.07505622E+01  1.23843688E+01 
 5.48971923E+00  2.62275393E+00  1.31672802E+00  6.65969049E-01  4.71095477E-01 
 4.00967685E-01  3.55259833E-01  3.27690173E-01  2.82409753E-01  2.30379314E-01 
 1.57699316E-01  7.68140040E-02  2.53272227E-01  8.67891056E-01  1.84372247E+00 
 1.21531324E+00  1.07849618E+00  9.70994959E-01  8.85992426E-01  8.10297485E-01 
 8.01629558E-01  2.95167335E-01  1.04141344E-01  1.64782530E-01  2.36721949E-01 
 2.36497872E-01  2.16262768E-01  1.90511712E-01  1.69009478E-01  1.32068286E-01 
 9.30480537E-02  6.36731592E-02  4.42616655E-02  3.22686912E-02  2.26748180E-01 
 4.49253895E-01  4.79106912E-01  5.94118826E-01  7.62087863E-01  8.64660362E-01 
 9.62401875E-01  5.59503535E-01  5.54410158E-01  8.06886368E-01  1.38796008E+00 
 9.78329359E-01  1.47123345E+00  9.98127745E-01  9.97451017E-01  9.97656529E-01 
 9.99809354E-01  1.00021297E+00  1.00028459E+00  1.00017500E+00  1.00003666E+00 
 9.99896144E-01  9.99926186E-01  1.00007531E+00  1.00006689E+00  1.00006720E+00 
 1.00002279E+00  1.00001243E+00  1.00000651E+00  1.00000427E+00  1.00000103E+00 
 9.99999768E-01  ) >                                                            
H1             6        91
 9.75743807E+03  9.39275722E+03  8.99500403E+03  8.40040845E+03  8.05793703E+03 
 7.08989842E+03  6.70637248E+03  6.44458249E+03  6.12594049E+03  5.69318480E+03 
 5.25961918E+03  5.14829775E+03  4.84050643E+03  4.47940204E+03  3.98079495E+03 
 3.50000584E+03  2.87323958E+03  2.20237285E+03  1.66406816E+03  1.10405037E+03 
 6.60978991E+02  3.17463101E+02  2.32597040E+02  3.14029997E+01  1.21219622E+01 
 5.00628646E+00  2.19487411E+00  9.97888393E-01  6.74822033E-01  5.38118160E-01 
 4.75656452E-01  4.49149541E-01  4.09296021E-01  3.66257161E-01  3.28719356E-01 
 2.10765082E-01  1.92036357E-01  1.45305867E-01  5.85444515E-01  1.37740892E+00 
 9.98063134E-01  9.18860322E-01  8.55894908E-01  8.05943307E-01  7.59688558E-01 
 7.64902439E-01  4.85423563E-01  2.95161743E-01  3.81408236E-01  4.09458951E-01 
 4.01468799E-01  3.79185570E-01  3.52258698E-01  3.30322272E-01  2.87274760E-01 
 1.53770126E-01  8.09087306E-02  1.14448572E-01  7.06113321E-02  3.93552636E-01 
 7.93791895E-01  8.30396009E-01  1.02392557E+00  1.32970828E+00  1.51030664E+00 
 1.64495161E+00  9.23737387E-01  8.77750929E-01  3.81543784E-01  1.37286449E+00 
 9.64190267E-01  1.62974221E+00  1.00900611E+00  1.00190440E+00  9.99846306E-01 
 1.00044463E+00  1.00096763E+00  1.00100059E+00  1.00068729E+00  1.00040582E+00 
 1.00013625E+00  1.00002051E+00  1.00004163E+00  1.00002312E+00  1.00002318E+00 
 1.00000751E+00  1.00000454E+00  1.00000221E+00  1.00000147E+00  1.00000011E+00 
 9.99999628E-01  ) >                                                            
H1             7        91
 9.42240637E+03  9.05235547E+03  8.65460780E+03  8.06547856E+03  7.71594237E+03 
 6.77251170E+03  6.39024839E+03  6.12440821E+03  5.80339762E+03  5.37426238E+03 
 4.94805772E+03  4.83444512E+03  4.53809458E+03  4.19768315E+03  3.72774167E+03 
 3.27753592E+03  2.69460179E+03  2.06973009E+03  1.56557309E+03  1.03889635E+03 
 6.22175398E+02  2.99892772E+02  2.19812780E+02  3.02107870E+01  1.16304033E+01 
 4.78122281E+00  2.08459912E+00  9.39648487E-01  6.90591238E-01  6.03357537E-01 
 5.60786704E-01  5.34070242E-01  4.85154409E-01  4.39809145E-01  4.07333724E-01 
 3.36689556E-01  2.20781806E-01  2.69387044E-01  7.27709335E-01  1.22570243E+00 
 9.68178464E-01  9.14663344E-01  8.70941939E-01  8.38869447E-01  8.06688462E-01 
 8.12324136E-01  9.18643885E-02  5.20641612E-01  5.71991710E-01  5.85492064E-01 
 5.75511278E-01  5.54940821E-01  5.31565943E-01  5.14870234E-01  4.72583741E-01 
 2.13020379E-01  2.22359341E-01  2.18279161E-01  1.20278034E-01  5.84447790E-01 
 1.19875368E+00  1.23104041E+00  1.50534966E+00  1.95573475E+00  2.17513595E+00 
 2.23630540E+00  1.19224529E+00  1.08891412E+00  7.51202882E-01  1.35191347E+00 
 9.52776694E-01  1.67368469E+00  1.01598922E+00  1.00540121E+00  1.00200747E+00 
 1.00164883E+00  1.00158440E+00  1.00135654E+00  1.00088821E+00  1.00052735E+00 
 1.00020564E+00  1.00004855E+00  1.00003448E+00  1.00001301E+00  1.00001148E+00 
 1.00000301E+00  1.00000203E+00  1.00000080E+00  1.00000049E+00  9.99999800E-01 
 9.99999592E-01  ) >                                                            
H1             8        91
 7.74667233E+03  7.32402055E+03  6.90978119E+03  6.33337923E+03  5.92654135E+03 
 5.11321851E+03  4.73521887E+03  4.44930253E+03  4.12119051E+03  3.72127177E+03 
 3.34687627E+03  3.23024248E+03  2.98925030E+03  2.72957943E+03  2.38615056E+03 
 2.06701880E+03  1.66727701E+03  1.25352661E+03  9.30967868E+02  6.05363579E+02 
 3.56217016E+02  1.69978311E+02  1.18785070E+02  1.87477433E+01  2.09608275E+00 
 9.78660710E-01  8.78274431E-01  8.22688005E-01  6.97669527E-01  6.50949997E-01 
 6.29434462E-01  6.05675859E-01  5.53350202E-01  5.08041178E-01  4.82035576E-01 
 4.47155521E-01  3.90523493E-01  2.96367537E-01  1.58637150E-01  1.04417848E+00 
 9.14416625E-01  8.83207424E-01  8.55591188E-01  8.40378975E-01  8.20889025E-01 
 8.25279760E-01  1.06709575E-01  6.76667476E-01  7.07371417E-01  7.11394543E-01 
 7.02445179E-01  6.86922659E-01  6.69512700E-01  6.61118346E-01  6.27545862E-01 
 3.86278248E-01  4.25822423E-01  3.50133519E-01  1.83850725E-01  7.58979711E-01 
 1.58903162E+00  1.59015344E+00  1.91583556E+00  2.44565742E+00  2.65257035E+00 
 2.60656686E+00  1.35352609E+00  1.21185697E+00  9.28549707E-01  1.32182687E+00 
 9.38395394E-01  1.68458663E+00  1.01766158E+00  1.00604305E+00  1.00241004E+00 
 1.00187058E+00  1.00170398E+00  1.00143377E+00  1.00093214E+00  1.00055439E+00 
 1.00022308E+00  1.00005306E+00  1.00002430E+00  1.00000590E+00  1.00000497E+00 
 1.00000061E+00  1.00000069E+00  1.00000004E+00  9.99999951E-01  9.99999623E-01 
 9.99999570E-01  ) >                                                            
H1             9        91
 7.15948542E+03  6.75273437E+03  6.35787165E+03  5.81226912E+03  5.41743239E+03 
 4.66167289E+03  4.30251831E+03  4.02760801E+03  3.71377161E+03  3.33563296E+03 
 2.98441448E+03  2.87208337E+03  2.64872338E+03  2.41101330E+03  2.09924475E+03 
 1.81141176E+03  1.45364943E+03  1.08635751E+03  8.02432609E+02  5.18425888E+02 
 3.03262351E+02  1.44270282E+02  9.87331186E+01  1.65471900E+01  2.73111474E+00 
 1.26166358E+00  9.96926660E-01  8.13053621E-01  7.28231555E-01  6.97404471E-01 
 6.86365903E-01  6.67690512E-01  6.15407552E-01  5.70615763E-01  5.48630810E-01 
 5.33547954E-01  5.05246838E-01  4.36772102E-01  4.11089894E-01  9.34777997E-01 
 8.91625560E-01  8.73523294E-01  8.54724823E-01  8.49555762E-01  8.37244927E-01 
 8.40200347E-01  5.04901567E-01  7.64551110E-01  7.85278640E-01  7.84639773E-01 
 7.76570858E-01  7.64175983E-01  7.50459273E-01  7.47333731E-01  7.20228024E-01 
 5.72427064E-01  5.60673751E-01  4.59189600E-01  2.59368043E-01  9.21623649E-01 
 1.91334582E+00  1.85963326E+00  2.20610726E+00  2.75442347E+00  2.94096097E+00 
 2.81457518E+00  1.44246471E+00  1.28028909E+00  1.02320214E+00  1.30006158E+00 
 9.27918530E-01  1.58819067E+00  1.01802112E+00  1.00604506E+00  1.00240658E+00 
 1.00186240E+00  1.00169776E+00  1.00143647E+00  1.00093439E+00  1.00055636E+00 
 1.00022671E+00  1.00005431E+00  1.00002036E+00  1.00000338E+00  1.00000274E+00 
 9.99999809E-01  1.00000021E+00  9.99999765E-01  9.99999747E-01  9.99999559E-01 
 9.99999565E-01  ) >                                                            
H1            10        91
 6.76713212E+03  6.37852310E+03  6.00211820E+03  5.48293932E+03  5.10339403E+03 
 4.38889347E+03  4.04646166E+03  3.78331571E+03  3.48333597E+03  3.12310798E+03 
 2.78933462E+03  2.68162398E+03  2.47019466E+03  2.24614033E+03  1.95310241E+03 
 1.68315575E+03  1.34852597E+03  1.00593183E+03  7.41860531E+02  4.78501564E+02 
 2.79606299E+02  1.33162165E+02  9.02722214E+01  1.56958182E+01  2.97902205E+00 
 1.38693421E+00  1.05255625E+00  8.21675021E-01  7.54749327E-01  7.30862875E-01 
 7.24692543E-01  7.10018700E-01  6.58550324E-01  6.14924927E-01  5.95238972E-01 
 5.89631653E-01  5.73384493E-01  5.24994210E-01  5.27212262E-01  8.77679374E-01 
 8.84883257E-01  8.73091562E-01  8.58459772E-01  8.58477351E-01  8.49692453E-01 
 8.51503168E-01  6.31098355E-01  8.12813893E-01  8.28561790E-01  8.25675289E-01 
 8.18294391E-01  8.07856898E-01  7.96449112E-01  7.96707735E-01  7.74061696E-01 
 6.72248544E-01  6.41872729E-01  5.32271288E-01  3.10107245E-01  1.05472401E+00 
 2.17368502E+00  2.08731085E+00  2.44863573E+00  2.98038993E+00  3.14118373E+00 
 2.94777394E+00  1.49538338E+00  1.32067251E+00  1.07753785E+00  1.28523469E+00 
 9.20900291E-01  1.61946610E+00  1.01805205E+00  1.00592256E+00  1.00232127E+00 
 1.00180801E+00  1.00166681E+00  1.00142283E+00  1.00092712E+00  1.00055248E+00 
 1.00022657E+00  1.00005447E+00  1.00001847E+00  1.00000228E+00  1.00000183E+00 
 9.99999500E-01  1.00000001E+00  9.99999649E-01  9.99999658E-01  9.99999532E-01 
 9.99999564E-01  ) >                                                            
H1            11        91
 6.40590845E+03  6.03505694E+03  5.67656132E+03  5.18285873E+03  4.81919276E+03 
 4.14351835E+03  3.81786546E+03  3.56718629E+03  3.28181704E+03  2.93994236E+03 
 2.62376342E+03  2.52138982E+03  2.32163771E+03  2.11042668E+03  1.83449006E+03 
 1.58050684E+03  1.26594072E+03  9.44178682E+02  6.96362392E+02  4.49385162E+02 
 2.62920560E+02  1.25647253E+02  8.47459069E+01  1.51863730E+01  3.13267016E+00 
 1.46861136E+00  1.08947115E+00  8.30316159E-01  7.73406616E-01  7.53118123E-01 
 7.49538149E-01  9.50283648E-02  6.89958210E-01  6.48693296E-01  6.30609470E-01 
 6.30426608E-01  6.20712578E-01  5.82232094E-01  6.00710214E-01  8.37516261E-01 
 8.79175459E-01  8.71621942E-01  8.59731364E-01  8.62914344E-01  8.56194788E-01 
 8.57307603E-01  6.98094100E-01  8.39469762E-01  8.52309686E-01  8.48122151E-01 
 8.41098624E-01  8.31719612E-01  8.21553773E-01  8.23662814E-01  8.03572766E-01 
 7.29443001E-01  6.89635007E-01  5.79149139E-01  3.59396103E-01  1.13642935E+00 
 2.31310616E+00  2.20081243E+00  2.57012400E+00  3.09124249E+00  3.24146416E+00 
 3.01574713E+00  1.52416954E+00  1.34366786E+00  1.10963133E+00  1.27493372E+00 
 9.16141512E-01  1.63124372E+00  1.01795779E+00  1.00578051E+00  1.00222659E+00 
 1.00175079E+00  1.00163490E+00  1.00140728E+00  1.00091870E+00  1.00054784E+00 
 1.00022550E+00  1.00005432E+00  1.00001747E+00  1.00000175E+00  1.00000142E+00 
 9.99999371E-01  9.99999928E-01  9.99999597E-01  9.99999617E-01  9.99999519E-01 
 9.99999564E-01  ) >                                                            
H1            12        91
 6.12752448E+03  5.77285406E+03  5.43004123E+03  4.95798558E+03  4.60913008E+03 
 3.96439497E+03  3.65317588E+03  3.41370434E+03  3.14113071E+03  2.81455144E+03 
 2.51254012E+03  2.41483145E+03  2.22404363E+03  2.02229431E+03  1.75856725E+03 
 1.51569132E+03  1.21469276E+03  9.06626717E+02  6.69207879E+02  4.32415096E+02 
 2.53438396E+02  1.21502855E+02  8.17660923E+01  1.49305607E+01  3.21636726E+00 
 1.51463360E+00  6.72395173E-01  8.37116287E-01  7.85337262E-01  7.66747476E-01 
 7.64419984E-01  1.36553720E-01  7.09084105E-01  6.69485140E-01  6.52252372E-01 
 6.54656937E-01  6.48118707E-01  5.94218991E-01  2.81230336E-01  8.15461864E-01 
 8.76785236E-01  8.71464711E-01  8.60992885E-01  8.65924875E-01  8.60295133E-01 
 8.60939554E-01  7.33825912E-01  8.54178784E-01  8.65463214E-01  8.60580903E-01 
 8.53773563E-01  8.45002534E-01  8.35547566E-01  8.38720202E-01  8.20127920E-01 
 7.61515413E-01  7.17079241E-01  6.07308494E-01  3.92106865E-01  1.18837220E+00 
 2.39706268E+00  2.27104834E+00  2.64637353E+00  3.15775663E+00  3.30170216E+00 
 3.05579635E+00  1.54088263E+00  1.35730233E+00  1.12904737E+00  1.26809041E+00 
 9.12975632E-01  1.63687263E+00  1.01785073E+00  1.00566055E+00  1.00214690E+00 
 1.00170306E+00  1.00160822E+00  1.00139382E+00  1.00091139E+00  1.00054379E+00 
 1.00022436E+00  1.00005411E+00  1.00001691E+00  1.00000148E+00  1.00000121E+00 
 9.99999314E-01  9.99999889E-01  9.99999573E-01  9.99999597E-01  9.99999514E-01 
 9.99999564E-01  ) >                                                            
H1            13        91
 5.88218228E+03  5.54429504E+03  5.21727013E+03  4.76645902E+03  4.43335031E+03 
 3.81699102E+03  3.52000795E+03  3.29194976E+03  3.03197585E+03  2.71967689E+03 
 2.43037025E+03  2.33710133E+03  2.15392587E+03  1.95988047E+03  1.70573537E+03 
 1.47131166E+03  1.18029400E+03  8.81984507E+02  6.51745790E+02  4.21774014E+02 
 2.47646163E+02  1.19045746E+02  8.00407318E+01  1.47905507E+01  3.26437349E+00 
 1.54131055E+00  8.26226220E-01  8.41394834E-01  7.92413615E-01  7.74678549E-01 
 7.72949414E-01  1.51096758E-01  7.20342049E-01  6.81996079E-01  6.65254240E-01 
 6.68902202E-01  6.63932368E-01  6.19005774E-01  3.71938054E-01  8.03262959E-01 
 8.75637185E-01  8.71519258E-01  8.61800793E-01  8.67663777E-01  8.62604459E-01 
 8.62977480E-01  7.52723421E-01  8.62133230E-01  8.72583202E-01  8.67333009E-01 
 8.60650108E-01  8.52218688E-01  8.43163278E-01  8.46935397E-01  8.29203816E-01 
 7.79178789E-01  7.32416108E-01  6.23470921E-01  4.12761110E-01  1.21771753E+00 
 2.44121802E+00  2.31018485E+00  2.69066197E+00  3.19595448E+00  3.33661208E+00 
 3.07890499E+00  1.55049134E+00  1.36534954E+00  1.14079070E+00  1.26370892E+00 
 9.10943234E-01  1.63987675E+00  1.01777698E+00  1.00558103E+00  1.00209412E+00 
 1.00167146E+00  1.00159060E+00  1.00138496E+00  1.00090667E+00  1.00054123E+00 
 1.00022366E+00  1.00005400E+00  1.00001662E+00  1.00000134E+00  1.00000111E+00 
 9.99999287E-01  9.99999871E-01  9.99999561E-01  9.99999587E-01  9.99999511E-01 
 9.99999564E-01  ) >                                                            
H1            14        91
 5.69676710E+03  5.37460273E+03  5.06162534E+03  4.62893120E+03  4.30995097E+03 
 3.71557227E+03  3.43016118E+03  3.21143404E+03  2.96135778E+03  2.65971171E+03 
 2.37950877E+03  2.28949795E+03  2.11151423E+03  1.92255783E+03  1.67456831E+03 
 1.44544713E+03  1.16053707E+03  8.68057626E+02  6.42015009E+02  4.15944617E+02 
 2.44527285E+02  1.17747844E+02  7.91434465E+01  1.47205309E+01  3.28957848E+00 
 1.55542115E+00  8.58086971E-01  8.43856685E-01  7.96298404E-01  7.78985051E-01 
 7.77538029E-01  1.80596414E-01  7.26419073E-01  6.88830905E-01  6.72356267E-01 
 6.76581201E-01  6.72354120E-01  6.30730139E-01  4.10321677E-01  7.96881345E-01 
 8.75167369E-01  8.71651004E-01  8.62304883E-01  8.68634975E-01  8.63859642E-01 
 8.64084731E-01  7.62367350E-01  8.66256070E-01  8.76278965E-01  8.70843707E-01 
 8.64230298E-01  8.55981931E-01  8.47142536E-01  8.51238210E-01  8.33975384E-01 
 7.88491670E-01  7.40586596E-01  6.32247637E-01  4.24591729E-01  1.23388875E+00 
 2.46385422E+00  2.33156310E+00  2.71572613E+00  3.21719895E+00  3.35622185E+00 
 3.09183742E+00  1.55582225E+00  1.36994262E+00  1.14769247E+00  1.26100201E+00 
 9.09675742E-01  1.64154406E+00  1.01772816E+00  1.00552961E+00  1.00205982E+00 
 1.00165088E+00  1.00157916E+00  1.00137921E+00  1.00090363E+00  1.00053960E+00 
 1.00022322E+00  1.00005393E+00  1.00001646E+00  1.00000126E+00  1.00000106E+00 
 9.99999275E-01  9.99999862E-01  9.99999555E-01  9.99999582E-01  9.99999509E-01 
 9.99999564E-01  ) >                                                            
H1            15        91
 5.57131680E+03  5.26263703E+03  4.96098787E+03  4.54215789E+03  4.23428635E+03 
 3.65489347E+03  3.37763240E+03  3.16542666E+03  2.92197238E+03  2.62709315E+03 
 2.35243887E+03  2.26443844E+03  2.08946705E+03  1.90337731E+03  1.65876423E+03 
 1.43248572E+03  1.15077296E+03  8.61277528E+02  6.37338266E+02  4.13185310E+02 
 2.43072825E+02  1.17151901E+02  7.87378607E+01  1.46892951E+01  3.30071072E+00 
 1.56170594E+00  8.69875531E-01  8.45004564E-01  7.98080147E-01  7.80956377E-01 
 7.79615625E-01  1.93383125E-01  7.29176390E-01  6.91957351E-01  6.75602042E-01 
 6.80070461E-01  6.76160072E-01  6.35848588E-01  4.26251260E-01  7.94140426E-01 
 8.74978687E-01  8.71728015E-01  8.62545202E-01  8.69080766E-01  8.64429864E-01 
 8.64587589E-01  7.65830589E-01  8.68092756E-01  8.77928292E-01  8.72413567E-01 
 8.65834568E-01  8.57673020E-01  8.48936883E-01  8.53186035E-01  8.36147319E-01 
 7.92753380E-01  7.44356402E-01  6.36347778E-01  4.30380135E-01  1.24122520E+00 
 2.47271359E+00  2.34114921E+00  2.72784715E+00  3.22745545E+00  3.36584766E+00 
 3.09822611E+00  1.55844690E+00  1.37229738E+00  1.15137527E+00  1.25948444E+00 
 9.08947586E-01  1.64243856E+00  1.01769901E+00  1.00549925E+00  1.00203952E+00 
 1.00163871E+00  1.00157241E+00  1.00137583E+00  1.00090188E+00  1.00053868E+00 
 1.00022298E+00  1.00005390E+00  1.00001639E+00  1.00000123E+00  1.00000104E+00 
 9.99999269E-01  9.99999858E-01  9.99999553E-01  9.99999580E-01  9.99999509E-01 
 9.99999564E-01  ) >                                                            
[ KURUCZ - b data end ] > 
[ FNORML data start ] > 
> SUN        MODEL SP     15 L H       ITER 84-94   2014-Mar-24                 
FNRMLA            ( > 
 1.00000000E+00  1.00000000E+00  1.00000000E+00  1.00000000E+00  4.11716698E+00 
 4.91542187E+00  5.27534699E+00  5.47332753E+00  5.41934981E+00  5.08130646E+00 
 5.03652456E+00  4.68552584E+00  4.54387358E+00  4.15872619E+00  3.89523331E+00 
 3.51240440E+00  3.01788234E+00  1.85817138E+00  1.16561797E+00  1.05257064E+00 
 9.72985970E-01  9.50231921E-01  8.53867951E-01  9.78683182E-01  9.50023297E-01 
 9.19608712E-01  9.11642625E-01  9.21681276E-01  9.52389973E-01  1.02647011E+00 
 9.43005966E-01  9.84060107E-01  1.16739517E+00  1.36437040E+00  1.63677432E+00 
 2.09970666E+00  2.68725866E+00  3.03012374E+00  3.71983096E+00  4.12464758E+00 
 4.47850793E+00  4.72866850E+00  5.11494230E+00  4.79174497E+00  5.05808395E+00 
 5.32524310E+00  4.94158666E+00  4.55004375E+00  3.81915854E+00  1.00000000E+00 
 1.00000000E+00  1.00000000E+00  1.00000000E+00  ) >                            
FNRMLB            ( > 
 1.00000000E+00  1.00000000E+00  1.00188190E+00  1.00498492E+00  1.00828555E+00 
 1.01172793E+00  1.01620960E+00  1.02526943E+00  1.03641039E+00  1.05476313E+00 
 1.12988754E+00  1.36473185E+00  1.80014506E+00  2.60281303E+00  2.81038479E+00 
 2.94404311E+00  3.05348138E+00  3.19651615E+00  3.37771559E+00  3.60798500E+00 
 2.59193579E+00  2.45452247E+00  2.62521290E+00  2.57312931E+00  2.24980933E+00 
 2.07505988E+00  2.01671584E+00  2.06453611E+00  2.22427683E+00  2.52795398E+00 
 2.88405123E+00  3.25106325E+00  4.45553524E+00  3.59002460E+00  3.38167141E+00 
 3.22687529E+00  3.10506237E+00  2.87864537E+00  2.85496569E+00  2.60391689E+00 
 1.88881366E+00  1.40570315E+00  1.12928696E+00  1.04442618E+00  1.02808927E+00 
 1.43294245E+00  1.01009922E+00  4.15467710E+00  1.00601657E+00  1.00381634E+00 
 1.00139170E+00  1.00000000E+00  1.00000000E+00  ) >                            
[ FNORML data end ] > 
