> from Overall Iteration 11 of 11                                Pandora 78.018
> Run Data:    72    5   10  0  0  H    1   2014-Mar-25 11:14:08    56741.46815
> LEID       MODEL LEID   5 L H        ITER 07-17   2014-Mar-24                 
> -------.---------.---------.---------.---------.---------.---------.---------.
> LEID       MODEL LEID   5 L H        ITER 07-17   2014-Mar-24                 
NE                ( > 
 1.85664433E+04  3.18833482E+04  5.10776196E+04  8.24170238E+04  1.35392636E+05 
 2.41905015E+05  4.46630728E+05  8.72075716E+05  1.67249715E+06  3.22575885E+06 
 5.47417396E+06  9.43193826E+06  1.59911766E+07  2.57348147E+07  3.92148502E+07 
 5.76177375E+07  8.34933684E+07  1.24912738E+08  1.70170031E+08  2.28865921E+08 
 2.88892911E+08  3.45406349E+08  3.96268277E+08  4.42773179E+08  4.99150803E+08 
 5.58593370E+08  6.36524508E+08  7.22396359E+08  8.23458375E+08  1.04318861E+09 
 1.35915890E+09  1.94188564E+09  3.28330203E+09  5.50439829E+09  1.33840596E+10 
 3.04540104E+10  3.36938133E+10  1.93654588E+10  1.29438226E+10  1.34021943E+10 
 1.59066768E+10  1.83089616E+10  2.28362903E+10  2.97487894E+10  4.16936833E+10 
 5.65057221E+10  8.01181562E+10  1.07061225E+11  1.31140923E+11  1.61987420E+11 
 2.15538498E+11  2.97390006E+11  4.42701896E+11  7.31660591E+11  1.10100384E+12 
 1.54309599E+12  2.31076409E+12  3.45007633E+12  8.84761248E+12  1.28928885E+13 
 2.10472605E+13  3.15060180E+13  5.15470539E+13  7.52957668E+13  1.11159263E+14 
 1.63936987E+14  2.38191382E+14  3.44777384E+14  4.67155644E+14  6.15842890E+14 
 7.83543458E+14  9.81799763E+14  ) >                                            
> LEID       MODEL LEID   5 L H        ITER 07-17   2014-Mar-24                 
ZME               ( > 
 1.11121707E-04  1.11121707E-04  1.11121707E-04  1.11121707E-04  1.11121707E-04 
 1.11121707E-04  1.11121707E-04  1.11121707E-04  1.11121707E-04  1.11121707E-04 
 1.11121707E-04  1.11121707E-04  1.11121707E-04  1.11121707E-04  1.11121707E-04 
 1.11121707E-04  1.11121706E-04  1.11121703E-04  1.11121698E-04  1.11121678E-04 
 1.11121615E-04  1.11121463E-04  1.11121151E-04  1.11120367E-04  1.11117613E-04 
 1.11108713E-04  1.11070962E-04  1.10925105E-04  1.10284501E-04  1.01179847E-04 
 9.47104161E-05  8.82412005E-05  7.57426198E-05  6.79905876E-05  6.37180111E-05 
 5.83768510E-05  2.11212199E-05  3.75772144E-06  2.18361211E-06  1.85427376E-06 
 1.72485000E-06  1.66621528E-06  1.63441753E-06  1.61736581E-06  1.59847616E-06 
 1.58153982E-06  1.56735525E-06  1.56078060E-06  1.55969721E-06  1.56129794E-06 
 1.56245277E-06  1.56486001E-06  1.56887174E-06  1.57714775E-06  1.58915997E-06 
 1.60184706E-06  1.61888325E-06  1.64013512E-06  1.68731652E-06  1.73003231E-06 
 1.79381297E-06  1.87153061E-06  2.01717467E-06  2.18870004E-06  2.44641810E-06 
 2.82493572E-06  3.35628535E-06  4.12264496E-06  5.01220629E-06  6.10295801E-06 
 7.36393663E-06  8.89083506E-06  ) >                                            
> LEID       MODEL LEID   5 L H        ITER 07-17   2014-Mar-24                 
NC                ( > 
 3.48534813E+04  5.98827422E+04  9.60121170E+04  1.55137361E+05  2.55497048E+05 
 4.58939311E+05  8.55740757E+05  1.69504258E+06  3.29607012E+06  6.40939799E+06 
 1.09135706E+07  1.88364163E+07  3.19614477E+07  5.14537364E+07  7.84174592E+07 
 1.15226407E+08  1.66979911E+08  2.49820973E+08  3.40337195E+08  4.57730098E+08 
 5.77784845E+08  6.90812086E+08  7.92536148E+08  8.85546060E+08  9.98301391E+08 
 1.11718659E+09  1.27304892E+09  1.44479265E+09  1.64691672E+09  2.08637722E+09 
 2.71831780E+09  3.88377128E+09  6.56660405E+09  1.10087966E+10  2.67681192E+10 
 6.09080207E+10  6.73876266E+10  3.87309176E+10  2.58876452E+10  2.68043887E+10 
 3.18133536E+10  3.66179232E+10  4.56725807E+10  5.94975787E+10  8.33873667E+10 
 1.13011444E+11  1.60236312E+11  2.14122449E+11  2.62281845E+11  3.23974841E+11 
 4.31076996E+11  5.94780013E+11  8.85403792E+11  1.46332118E+12  2.20200768E+12 
 3.08619198E+12  4.62152817E+12  6.90015266E+12  1.76952250E+13  2.57857769E+13 
 4.20945209E+13  6.30120360E+13  1.03094108E+14  1.50591534E+14  2.22318527E+14 
 3.27873973E+14  4.76382765E+14  6.89554767E+14  9.34311289E+14  1.23168578E+15 
 1.56708692E+15  1.96359953E+15  ) >                                            
> LEID       MODEL LEID   5 L H        ITER 07-17   2014-Mar-24                 
BDHM              ( > 
 1.05075272E+03  1.00893416E+03  9.65912157E+02  9.20797019E+02  8.72336017E+02 
 8.13945544E+02  7.51557770E+02  6.86524650E+02  6.23964314E+02  5.68431052E+02 
 5.26372116E+02  4.86283262E+02  4.48542078E+02  4.15982051E+02  3.88081620E+02 
 3.63292573E+02  3.40189470E+02  3.13653216E+02  2.91085920E+02  2.67183109E+02 
 2.47556879E+02  2.33128383E+02  2.21912546E+02  2.09910239E+02  1.95356551E+02 
 1.81655277E+02  1.66580034E+02  1.53198437E+02  1.40048830E+02  1.14629022E+02 
 8.97321101E+01  6.46835009E+01  4.10745854E+01  2.45848335E+01  1.35027080E+01 
 8.46498163E+00  5.34935496E+00  3.56575722E+00  2.67550689E+00  2.12589891E+00 
 1.67996320E+00  1.40511533E+00  1.21946541E+00  1.10832011E+00  1.04963892E+00 
 1.02560605E+00  1.01281096E+00  1.00782397E+00  1.00545208E+00  1.00399390E+00 
 1.00223826E+00  1.00055501E+00  9.99514379E-01  9.97630018E-01  9.99452199E-01 
 1.00016477E+00  1.00091942E+00  1.00255073E+00  1.00271146E+00  1.00069534E+00 
 1.00258524E+00  1.00306294E+00  1.00278750E+00  1.00204692E+00  1.00151348E+00 
 1.00147610E+00  1.00149483E+00  1.00158390E+00  1.00165231E+00  1.00165868E+00 
 1.00166063E+00  1.00160290E+00  ) >                                            
> LEID       MODEL LEID   5 L H        ITER 07-17   2014-Mar-24                 
NH                ( > 
 1.39641703E+04  2.40031546E+04  3.85135179E+04  6.23079998E+04  1.02845634E+05 
 1.85612479E+05  3.49084149E+05  6.99979222E+05  1.37687928E+06  2.69540284E+06 
 4.60224429E+06  7.95478250E+06  1.35075537E+07  2.17541648E+07  3.31635373E+07 
 4.87423569E+07  7.06565892E+07  1.05761898E+08  1.44170807E+08  1.94075773E+08 
 2.45357316E+08  2.93890038E+08  3.37966759E+08  3.78637336E+08  4.28315719E+08 
 4.81448294E+08  5.52180308E+08  6.32188502E+08  7.30169158E+08  9.60258631E+08 
 1.32275392E+09  1.96123907E+09  3.35134604E+09  6.14957004E+09  1.68524667E+10 
 5.24446241E+10  2.93462994E+11  1.66426614E+12  8.04684541E+12  3.27383112E+13 
 1.18482446E+14  2.75422141E+14  6.05955428E+14  1.26188781E+15  2.53703649E+15 
 4.11723422E+15  6.21134573E+15  7.90692382E+15  9.05702860E+15  1.00723032E+16 
 1.13771182E+16  1.26605651E+16  1.36939129E+16  1.46211155E+16  1.46040832E+16 
 1.46012235E+16  1.45319372E+16  1.43593342E+16  1.39525854E+16  1.37861660E+16 
 1.34253402E+16  1.31234043E+16  1.27602931E+16  1.25099933E+16  1.23044852E+16 
 1.21343977E+16  1.20045797E+16  1.18849114E+16  1.17801042E+16  1.16905469E+16 
 1.15750710E+16  1.14381536E+16  ) >                                            
> LEID       MODEL LEID   5 L H        ITER 07-17   2014-Mar-24                 
NP                ( > 
 1.39641689E+04  2.40031502E+04  3.85135060E+04  6.23079666E+04  1.02845540E+05 
 1.85612153E+05  3.49082841E+05  6.99974627E+05  1.37686147E+06  2.69533623E+06 
 4.60205676E+06  7.95425362E+06  1.35061375E+07  2.17507769E+07  3.31562900E+07 
 4.87279404E+07  7.06288134E+07  1.05704549E+08  1.44068875E+08  1.93893980E+08 
 2.45066685E+08  2.93474766E+08  3.37418015E+08  3.77926646E+08  4.27352399E+08 
 4.80166694E+08  5.50390191E+08  6.29752935E+08  7.26855747E+08  9.53933319E+08 
 1.31022835E+09  1.93189395E+09  3.28260262E+09  5.50423809E+09  1.33832915E+10 
 3.04556418E+10  3.36816760E+10  1.93572473E+10  1.29267333E+10  1.33422187E+10 
 1.57032688E+10  1.78511585E+10  2.18472495E+10  2.77096270E+10  3.76405612E+10 
 4.99970872E+10  7.03868104E+10  9.47255697E+10  1.17021090E+11  1.46269284E+11 
 1.97772170E+11  2.77591021E+11  4.21235669E+11  7.08627596E+11  1.07783293E+12 
 1.51975636E+12  2.28730829E+12  3.42662405E+12  8.82417827E+12  1.28692302E+13 
 2.10235950E+13  3.14823589E+13  5.15227574E+13  7.52705170E+13  1.11132363E+14 
 1.63907591E+14  2.38158639E+14  3.44740600E+14  4.67115812E+14  6.15802307E+14 
 7.83507112E+14  9.81777013E+14  ) >                                            
HN           1    ( > 
 1.38014583E-03  4.43767882E-03  1.19873890E-02  3.32655895E-02  9.46672477E-02 
 3.25311809E-01  1.30822742E+00  4.59569726E+00  1.78113023E+01  6.66122970E+01 
 1.87523378E+02  5.28875414E+02  1.41624408E+03  3.38787867E+03  7.24734392E+03 
 1.44165313E+04  2.77758291E+04  5.73488531E+04  1.01932100E+05  1.81792973E+05 
 2.90630049E+05  4.15271449E+05  5.48742325E+05  7.10688461E+05  9.63317235E+05 
 1.28159568E+06  1.79011152E+06  2.43555874E+06  3.31339853E+06  6.32528796E+06 
 1.25255149E+07  2.93450053E+07  6.87431787E+07  6.45330671E+08  3.46916115E+09 
 2.19889408E+10  2.59781273E+11  1.64490885E+12  8.03391750E+12  3.27249362E+13 
 1.18466100E+14  2.75399821E+14  6.05908187E+14  1.26173754E+15  2.53648703E+15 
 4.11586353E+15  6.20849458E+15  7.90278586E+15  9.05204901E+15  1.00667399E+16 
 1.13709490E+16  1.26540697E+16  1.36877338E+16  1.46155436E+16  1.45993137E+16 
 1.45967397E+16  1.45273877E+16  1.43542063E+16  1.39428731E+16  1.37726100E+16 
 1.34038387E+16  1.30915668E+16  1.27085220E+16  1.24345318E+16  1.21932035E+16 
 1.19703684E+16  1.17663136E+16  1.15400650E+16  1.13128718E+16  1.10746052E+16 
 1.07913907E+16  1.04561556E+16  ) >                                            
HN           2    ( > 
 1.56688138E-11  3.45977420E-11  1.03779883E-10  3.17477205E-10  7.84370112E-10 
 2.21981102E-09  3.63913975E-08  2.97338667E-07  1.19602688E-06  4.65293384E-06 
 1.42988787E-05  4.84099245E-05  1.83122539E-04  6.20638259E-04  1.91181671E-03 
 5.34387156E-03  1.45729319E-02  4.34970233E-02  1.06078580E-01  2.52198899E-01 
 5.01301971E-01  8.47358239E-01  1.26408560E+00  1.78595952E+00  2.59316344E+00 
 3.71450092E+00  5.50151512E+00  8.05636097E+00  1.20239799E+01  2.33282101E+01 
 4.82574562E+01  1.08537778E+02  2.45807622E+02  1.27304293E+03  1.40256269E+04 
 4.08848361E+04  4.39641235E+04  1.39394360E+04  6.29877651E+03  6.77970933E+03 
 9.28419506E+03  1.19577546E+04  1.77654643E+04  2.84947656E+04  5.16253800E+04 
 8.64485162E+04  1.53932726E+05  2.49036471E+05  3.47407462E+05  4.86748534E+05 
 7.63678157E+05  1.25808034E+06  2.30783083E+06  4.98275449E+06  9.07645480E+06 
 1.49742188E+07  2.70723390E+07  4.84649469E+07  1.84722848E+08  3.14937433E+08 
 6.24743244E+08  1.09802068E+09  2.17287235E+09  3.67099707E+09  6.29601585E+09 
 1.07773289E+10  1.80534941E+10  3.00259340E+10  4.54989025E+10  6.62824253E+10 
 9.17288410E+10  1.23991495E+11  ) >                                            
HN           3    ( > 
 1.21678558E-13  3.58920862E-13  1.01590833E-12  2.93208037E-12  6.50264015E-12 
 1.49659957E-11  2.18143929E-10  1.69982495E-09  1.05492544E-08  4.10974101E-08 
 1.16429146E-07  3.62877452E-07  1.20621660E-06  3.60926594E-06  1.01281780E-05 
 2.64753671E-05  6.76911885E-05  1.89483510E-04  4.30307280E-04  9.55237106E-04 
 1.79677296E-03  2.91691046E-03  4.22377641E-03  5.79363773E-03  8.15026538E-03 
 1.12977724E-02  1.62868636E-02  2.32344793E-02  3.37920076E-02  6.35401247E-02 
 1.30832562E-01  2.67998062E-01  6.52799772E-01  3.84241231E+00  5.30440932E+01 
 5.05821631E+02  8.31555651E+02  3.08612796E+02  1.40687943E+02  1.51960162E+02 
 2.09447291E+02  2.70786765E+02  4.02744345E+02  6.43054359E+02  1.15063820E+03 
 1.91611111E+03  3.45231591E+03  5.64497771E+03  8.02815183E+03  1.15925374E+04 
 1.91150646E+04  3.34448262E+04  6.69489432E+04  1.60358358E+05  3.25361564E+05 
 5.84574353E+05  1.16819062E+06  2.31302175E+06  1.12951682E+07  2.11685659E+07 
 4.77162878E+07  9.31812170E+07  2.10538129E+08  3.93944104E+08  7.49826100E+08 
 1.42325549E+09  2.63218519E+09  4.82840469E+09  7.93195398E+09  1.24388728E+10 
 1.83706790E+10  2.64121843E+10  ) >                                            
HN           4    ( > 
 3.07006795E-13  1.01302131E-12  2.95202579E-12  8.76745056E-12  2.72372291E-11 
 1.03026137E-10  4.19722553E-10  1.72201293E-09  6.67386277E-09  2.54500713E-08 
 7.55110535E-08  2.41612184E-07  7.79205556E-07  2.25009034E-06  5.96681245E-06 
 1.48149113E-05  3.61648936E-05  9.53284383E-05  2.05371695E-04  4.28014523E-04 
 7.62009907E-04  1.18273379E-03  1.65577423E-03  2.19313125E-03  2.96741825E-03 
 3.94932858E-03  5.45699591E-03  7.45526999E-03  1.03598846E-02  1.80500211E-02 
 3.40571287E-02  6.03926260E-02  1.00661993E-01  4.71025356E-01  8.11024573E+00 
 9.06955678E+01  1.91688149E+02  7.91662759E+01  3.81898245E+01  4.23456629E+01 
 5.98407180E+01  7.88202447E+01  1.19648358E+02  1.95726498E+02  3.61377437E+02 
 6.21315360E+02  1.16103015E+03  1.94010307E+03  2.80233971E+03  4.10907477E+03 
 6.92264922E+03  1.24263067E+04  2.56611222E+04  6.39794616E+04  1.34933343E+05 
 2.50007067E+05  5.18161181E+05  1.06422872E+06  5.64973612E+06  1.09710609E+07 
 2.59233463E+07  5.25924031E+07  1.24504621E+08  2.41448352E+08  4.76632844E+08 
 9.38006693E+08  1.79587701E+09  3.40918407E+09  5.76099594E+09  9.27034649E+09 
 1.40061975E+10  2.05766531E+10  ) >                                            
HN           5    ( > 
 4.13881461E-13  1.36389682E-12  3.94166354E-12  1.16099062E-11  2.27043136E-11 
 3.50860617E-11  1.96949412E-10  1.20569376E-09  6.64501260E-09  2.73459088E-08 
 8.33169482E-08  2.71238388E-07  8.73189615E-07  2.51168703E-06  6.54450687E-06 
 1.59003426E-05  3.78283011E-05  9.74418945E-05  2.05648619E-04  4.18818506E-04 
 7.30300665E-04  1.11296790E-03  1.53573623E-03  2.00148164E-03  2.65916913E-03 
 3.46796078E-03  4.69478136E-03  6.27751860E-03  8.52222863E-03  1.43815958E-02 
 2.61363367E-02  4.64330895E-02  8.39588221E-02  3.31798623E-01  4.72122658E+00 
 5.25684273E+01  1.21538493E+02  5.01977726E+01  2.46829110E+01  2.68724228E+01 
 3.82832296E+01  5.09294690E+01  7.84942755E+01  1.31169995E+02  2.47799723E+02 
 4.35783635E+02  8.28024043E+02  1.40505151E+03  2.04586949E+03  3.02470592E+03 
 5.15219264E+03  9.36704575E+03  1.96546703E+04  5.00105835E+04  1.07404923E+05 
 2.01903263E+05  4.25694820E+05  8.89484497E+05  4.92023419E+06  9.70144388E+06 
 2.34030447E+07  4.83265948E+07  1.16898215E+08  2.30471729E+08  4.62692538E+08 
 9.25919036E+08  1.80135050E+09  3.47423173E+09  5.94816845E+09  9.68641387E+09 
 1.47897005E+10  2.19458586E+10  ) >                                            
HN           6    ( > 
 4.13966654E-13  1.36317671E-12  3.93456689E-12  1.15724989E-11  2.34918068E-11 
 4.16317592E-11  2.19029017E-10  1.28154213E-09  6.85825355E-09  2.83401073E-08 
 8.68098760E-08  2.82722115E-07  9.07506890E-07  2.60184130E-06  6.74031962E-06 
 1.62652100E-05  3.83985352E-05  9.81143560E-05  2.05527480E-04  4.16188637E-04 
 7.23054197E-04  1.09940843E-03  1.51497532E-03  1.97330438E-03  2.62252182E-03 
 3.42287394E-03  4.64179922E-03  6.22090254E-03  8.46641277E-03  1.44812836E-02 
 2.68453438E-02  5.14547309E-02  1.19815905E-01  4.73179655E-01  5.48393875E+00 
 5.19296608E+01  1.07671990E+02  4.35644068E+01  2.13864256E+01  2.35702884E+01 
 3.38800637E+01  4.52877308E+01  7.00392228E+01  1.17139739E+02  2.22120536E+02 
 3.93153304E+02  7.56277999E+02  1.30132291E+03  1.91119241E+03  2.85226647E+03 
 4.91289966E+03  9.04518754E+03  1.92260010E+04  4.96154851E+04  1.07253625E+05 
 2.02544336E+05  4.30293367E+05  9.05975227E+05  5.12953475E+06  1.02181307E+07 
 2.49753754E+07  5.21012740E+07  1.27584371E+08  2.53872567E+08  5.14419047E+08 
 1.03887460E+09  2.03881971E+09  3.96632019E+09  6.83911975E+09  1.12097798E+10 
 1.72138740E+10  2.56820570E+10  ) >                                            
HN           7    ( > 
 4.17457761E-13  1.37435973E-12  3.96368657E-12  1.16476653E-11  2.46525540E-11 
 4.96054265E-11  2.47051446E-10  1.38628232E-09  7.20975594E-09  2.99562712E-08 
 9.23526584E-08  3.01198087E-07  9.64991545E-07  2.76027653E-06  7.11584974E-06 
 1.70689923E-05  4.00159137E-05  1.01517684E-04  2.11247750E-04  4.25798025E-04 
 7.37823756E-04  1.12030530E-03  1.54288358E-03  2.01041438E-03  2.67608615E-03 
 3.50018626E-03  4.76250065E-03  6.40712220E-03  8.75561646E-03  1.52275777E-02 
 2.88675642E-02  5.91652160E-02  1.60849316E-01  6.32341280E-01  6.55684997E+00 
 5.59286028E+01  1.07330236E+02  4.30491192E+01  2.12091301E+01  2.36511498E+01 
 3.42631232E+01  4.59837316E+01  7.13074019E+01  1.19354972E+02  2.26889657E+02 
 4.03269773E+02  7.81809727E+02  1.35700513E+03  2.00355892E+03  3.00736685E+03 
 5.21527920E+03  9.67535616E+03  2.07261630E+04  5.39435432E+04  1.17070635E+05 
 2.21694908E+05  4.73130918E+05  1.00074973E+06  5.74629735E+06  1.15176265E+07 
 2.83755870E+07  5.95591125E+07  1.46929806E+08  2.93998613E+08  5.99065590E+08 
 1.21649850E+09  2.40000871E+09  4.69333903E+09  8.12748746E+09  1.33737072E+10 
 2.06078097E+10  3.08464232E+10  ) >                                            
HN           8    ( > 
 4.23243189E-13  1.39349340E-12  4.01668043E-12  1.17960409E-11  2.61105096E-11 
 5.89282329E-11  2.80375209E-10  1.51487001E-09  7.66614163E-09  3.20457561E-08 
 9.94669795E-08  3.25002187E-07  1.03987804E-06  2.96925691E-06  7.62167572E-06 
 1.81835157E-05  4.23548270E-05  1.06748008E-04  2.20770238E-04  4.43204834E-04 
 7.66428201E-04  1.16267359E-03  1.60097063E-03  2.08791575E-03  2.78548158E-03 
 3.65337360E-03  4.99128286E-03  6.74518877E-03  9.26155881E-03  1.63910345E-02 
 3.17649108E-02  6.88982423E-02  2.07627523E-01  8.12810061E-01  7.87293359E+00 
 6.25479076E+01  1.13409510E+02  4.53294854E+01  2.24416309E+01  2.52749121E+01 
 3.68457926E+01  4.96050257E+01  7.70795697E+01  1.29099034E+02  2.45841676E+02 
 4.38189374E+02  8.53955431E+02  1.49080516E+03  2.20879893E+03  3.32795977E+03 
 5.79682429E+03  1.08076818E+04  2.32690256E+04  6.08966094E+04  1.32500118E+05 
 2.51363806E+05  5.38038261E+05  1.14142860E+06  6.61412024E+06  1.33103154E+07 
 3.29613042E+07  6.94606648E+07  1.72181230E+08  3.45772130E+08  7.07122796E+08 
 1.44106633E+09  2.85278220E+09  5.59763604E+09  9.72047552E+09  1.60356101E+10 
 2.47649862E+10  3.71478655E+10  ) >                                            
HN           9    ( > 
 4.30802347E-13  1.41872946E-12  4.08778649E-12  1.19992812E-11  2.78303071E-11 
 6.95636043E-11  3.18703632E-10  1.66498065E-09  8.21208756E-09  3.45405749E-08 
 1.07934737E-07  3.53378043E-07  1.12955450E-06  3.22077304E-06  8.23554454E-06 
 1.95512308E-05  4.52694942E-05  1.13402090E-04  2.33188237E-04  4.66441662E-04 
 8.05256493E-04  1.22079783E-03  1.68111631E-03  2.19490381E-03  2.93570015E-03 
 3.86219759E-03  5.29972764E-03  7.19584882E-03  9.92914491E-03  1.78740981E-02 
 3.53534324E-02  8.03778846E-02  2.60360026E-01  1.01581749E+00  9.40556224E+00 
 7.10536869E+01  1.23448865E+02  4.92888749E+01  2.45193112E+01  2.78379850E+01 
 4.07825089E+01  5.50377859E+01  8.56528149E+01  1.43530080E+02  2.73665628E+02 
 4.88755761E+02  9.55991189E+02  1.67564759E+03  2.48866406E+03  3.75939773E+03 
 6.56828803E+03  1.22877662E+04  2.65474242E+04  6.97393554E+04  1.52007963E+05 
 2.88726587E+05  6.19266528E+05  1.31643007E+06  7.67603649E+06  1.54898649E+07 
 3.84942368E+07  8.13424473E+07  2.02299007E+08  4.07261641E+08  8.34946597E+08 
 1.70573605E+09  3.38464788E+09  6.65664288E+09  1.15815487E+10  1.91390540E+10 
 2.96032821E+10  4.44701204E+10  ) >                                            
HN          10    ( > 
 4.39864555E-13  1.44910786E-12  4.17401499E-12  1.22478792E-11  2.97936413E-11 
 8.14926397E-11  3.61883716E-10  1.83541825E-09  8.83972952E-09  3.74059189E-08 
 1.17644489E-07  3.85939991E-07  1.23269208E-06  3.51075835E-06  8.94617948E-06 
 2.11430283E-05  4.86863165E-05  1.21276830E-04  2.48046066E-04  4.94522270E-04 
 8.52502617E-04  1.29182471E-03  1.77927302E-03  2.32595233E-03  3.11929058E-03 
 4.11663326E-03  5.67379726E-03  7.73976510E-03  1.07313139E-02  1.96291709E-02 
 3.95441220E-02  9.34718410E-02  3.19138991E-01  1.24188386E+00  1.11423043E+01 
 8.11230126E+01  1.36400859E+02  5.44613962E+01  2.72091937E+01  3.10922980E+01 
 4.57263698E+01  6.18253797E+01  9.63290494E+01  1.61483613E+02  3.08182889E+02 
 5.51203830E+02  1.08100576E+03  1.90027616E+03  2.82719103E+03  4.27877311E+03 
 7.49205805E+03  1.40501335E+04  3.04302464E+04  8.01556371E+04  1.74932457E+05 
 3.32562135E+05  7.14320574E+05  1.52070750E+06  8.90692543E+06  1.80091391E+07 
 4.48680344E+07  9.49965077E+07  2.36813685E+08  4.77590758E+08  9.80875457E+08 
 2.00737296E+09  3.98985581E+09  7.85992414E+09  1.36937493E+10  2.26577542E+10 
 3.50843319E+10  5.27587134E+10  ) >                                            
HN          11    ( > 
 4.50277596E-13  1.48408910E-12  4.27368699E-12  1.25365001E-11  3.19902505E-11 
 9.47047548E-11  4.09829910E-10  2.02551514E-09  9.54468467E-09  4.06224212E-08 
 1.28534318E-07  4.22474064E-07  1.34855465E-06  3.83696330E-06  9.74735088E-06 
 2.29428483E-05  5.25647407E-05  1.30260502E-04  2.65093437E-04  5.26905915E-04 
 9.07177938E-04  1.37419430E-03  1.89323022E-03  2.47810142E-03  3.33219476E-03 
 4.41122956E-03  6.10587356E-03  8.36646339E-03  1.16534383E-02  2.16306447E-02 
 4.42893698E-02  1.08109788E-01  3.84010309E-01  1.49126021E+00  1.30766712E+01 
 9.25942693E+01  1.51753630E+02  6.06225317E+01  3.03998535E+01  3.49195031E+01 
 5.15120432E+01  6.97502564E+01  1.08775674E+02  1.82404952E+02  3.48354892E+02 
 6.23735614E+02  1.22568705E+03  2.15927350E+03  3.21667596E+03  4.87499652E+03 
 8.54985788E+03  1.60628290E+04  3.48532116E+04  9.19896756E+04  2.00946798E+05 
 3.82266396E+05  8.21962762E+05  1.75175076E+06  1.02941877E+07  2.08444099E+07 
 5.20289066E+07  1.10317277E+08  2.75485879E+08  5.56311073E+08  1.14405635E+09 
 2.34436227E+09  4.66543453E+09  9.20206970E+09  1.60482626E+10  2.65780147E+10 
 4.11881020E+10  6.19851411E+10  ) >                                            
HN          12    ( > 
 4.61950474E-13  1.52335081E-12  4.38579984E-12  1.28619601E-11  3.44140139E-11 
 1.09193641E-10  4.62491274E-10  2.23487424E-09  1.03243498E-08  4.41785924E-08 
 1.40567527E-07  4.62853587E-07  1.47670686E-06  4.19805893E-06  1.06353821E-05 
 2.49412211E-05  5.68808778E-05  1.40287369E-04  2.84183245E-04  5.63275193E-04 
 9.68702823E-04  1.46699286E-03  2.02169408E-03  2.64962016E-03  3.57204220E-03 
 4.74280610E-03  6.59151802E-03  9.06984962E-03  1.26870205E-02  2.38636931E-02 
 4.95617276E-02  1.24251368E-01  4.54999017E-01  1.76408011E+00  1.52049877E+01 
 1.05378698E+02  1.69231007E+02  6.76523722E+01  3.40321058E+01  3.92568418E+01 
 5.80519084E+01  7.86971430E+01  1.22816440E+02  2.06000212E+02  3.93631041E+02 
 7.05396690E+02  1.38827223E+03  2.44974720E+03  3.65299732E+03  5.54212177E+03 
 9.73186057E+03  1.83086163E+04  3.97815312E+04  1.05156853E+05  2.29873176E+05 
 4.37510317E+05  9.41517560E+05  2.00818701E+06  1.18308904E+07  2.39825858E+07 
 5.99470727E+07  1.27246151E+08  3.18182264E+08  6.43172234E+08  1.32401184E+09 
 2.71579801E+09  5.40971292E+09  1.06800299E+10  1.86401103E+10  3.08920867E+10 
 4.79032403E+10  7.21332288E+10  ) >                                            
HN          13    ( > 
 4.74826053E-13  1.56669064E-12  4.50972445E-12  1.32222622E-11  3.70610946E-11 
 1.24955347E-10  5.19835922E-10  2.46324718E-09  1.11770981E-08  4.80672592E-08 
 1.53721224E-07  5.06999596E-07  1.61687756E-06  4.59321812E-06  1.16079863E-05 
 2.71322611E-05  6.16198910E-05  1.51316639E-04  3.05224286E-04  6.03433498E-04 
 1.03671855E-03  1.56965530E-03  2.16386489E-03  2.83943937E-03  3.83736998E-03 
 5.10940180E-03  7.12799669E-03  9.84617400E-03  1.38268376E-02  2.63192268E-02 
 5.53444219E-02  1.41872001E-01  5.32119766E-01  2.06042017E+00  1.75250372E+01 
 1.19424004E+02  1.88672464E+02  7.54817565E+01  3.80719524E+01  4.40683050E+01 
 6.52957104E+01  8.85999309E+01  1.38350264E+02  2.32100855E+02  4.43695426E+02 
 7.95638905E+02  1.56774681E+03  2.77002877E+03  4.13377393E+03  6.27670759E+03 
 1.10323670E+04  2.07774752E+04  4.51949300E+04  1.19607717E+05  2.61607543E+05 
 4.98101177E+05  1.07258873E+06  2.28920977E+06  1.35129422E+07  2.74159254E+07 
 6.86048766E+07  1.45748315E+08  3.64823441E+08  7.38024874E+08  1.52045654E+09 
 3.12113761E+09  6.22168851E+09  1.22919722E+10  2.14662964E+10  3.55953010E+10 
 5.52228983E+10  8.31932072E+10  ) >                                            
HN          14    ( > 
 4.88866974E-13  1.61397633E-12  4.64504973E-12  1.36161023E-11  3.99289874E-11 
 1.41987293E-10  5.81843054E-10  2.71047209E-09  1.21018700E-08  5.22837524E-08 
 1.67980515E-07  5.54860749E-07  1.76889056E-06  5.02190374E-06  1.26636794E-05 
 2.95121504E-05  6.67721608E-05  1.63321883E-04  3.28157506E-04  6.47253626E-04 
 1.11099319E-03  1.68181642E-03  2.31922608E-03  3.04686879E-03  4.12723419E-03 
 5.50975224E-03  7.71354827E-03  1.06930227E-02  1.50695305E-02  2.89914111E-02 
 6.16267119E-02  1.60955991E-01  6.15381620E-01  2.38032697E+00  2.00354142E+01 
 1.34697635E+02  2.09979131E+02  8.40683390E+01  4.24986422E+01  4.93319327E+01 
 7.32128087E+01  9.94183154E+01  1.55315509E+02  2.60604127E+02  4.98355372E+02 
 8.94127678E+02  1.76349061E+03  3.11909627E+03  4.65754562E+03  7.07664092E+03 
 1.24478720E+04  2.34632316E+04  5.10808910E+04  1.35311671E+05  2.96085464E+05 
 5.63919543E+05  1.21493043E+06  2.59431810E+06  1.53377926E+07  3.11395953E+07 
 7.79912729E+07  1.65801953E+08  4.15359567E+08  8.40775094E+08  1.73321078E+09 
 3.56003905E+09  7.10072841E+09  1.40367380E+10  2.45249250E+10  4.06846994E+10 
 6.31427336E+10  9.51588770E+10  ) >                                            
HN          15    ( > 
 5.04047972E-13  1.66511846E-12  4.79149779E-12  1.40425986E-11  4.30159993E-11 
 1.60287736E-10  6.48498626E-10  2.97643971E-09  1.30979508E-08  5.68249246E-08 
 1.83335366E-07  6.06402470E-07  1.93262726E-06  5.48375442E-06  1.38014635E-05 
 3.20783229E-05  7.23312242E-05  1.76285353E-04  3.52943266E-04  6.94650247E-04 
 1.19137122E-03  1.80323151E-03  2.48743158E-03  3.27144615E-03  4.44100308E-03 
 5.94301156E-03  8.34699524E-03  1.16087829E-02  1.64128563E-02  3.18763568E-02 
 6.84014514E-02  1.81492914E-01  7.04790441E-01  2.72383026E+00  2.27351913E+01 
 1.51178408E+02  2.33087211E+02  9.33849259E+01  4.72988818E+01  5.50336655E+01 
 8.17835900E+01  1.11126498E+02  1.73672722E+02  2.91444252E+02  5.57487509E+02 
 1.00064864E+03  1.97510578E+03  3.49629316E+03  5.22337340E+03  7.94056153E+03 
 1.39761164E+04  2.63618998E+04  5.74313217E+04  1.52248902E+05  3.33265178E+05 
 6.34887970E+05  1.36838311E+06  2.92318656E+06  1.73037802E+07  3.51504432E+07 
 8.80990455E+07  1.87392797E+08  4.69757992E+08  9.51361313E+08  1.96215663E+09 
 4.03227749E+09  8.04641621E+09  1.59135642E+10  2.78147459E+10  4.61583304E+10 
 7.16598790E+10  1.08026142E+11  ) >                                            
> LEID       MODEL LEID   5 L H        ITER 07-17   2014-Mar-24                 
BDH          1    ( > 
 1.91245210E+11  1.67080636E+11  1.41977551E+11  1.20437940E+11  9.86766267E+10 
 7.73258204E+10  6.38311840E+10  3.91509136E+10  2.72749741E+10  1.86273805E+10 
 1.33695872E+10  9.29150132E+09  6.31527887E+09  4.35421205E+09  3.06597050E+09 
 2.18813388E+09  1.55617584E+09  1.04669647E+09  7.48653783E+08  5.26895711E+08 
 3.90420404E+08  3.06697215E+08  2.52113996E+08  2.08429697E+08  1.65389806E+08 
 1.29726144E+08  9.66918592E+07  7.11110765E+07  5.00288531E+07  2.37670623E+07 
 8.51681617E+06  1.90960797E+06  1.38697006E+05  2.23836452E+04  3.94268854E+02 
 1.66318189E+01  4.60314296E+00  3.16825503E+00  3.23036238E+00  2.27461708E+00 
 1.64264696E+00  1.31125316E+00  1.13824185E+00  1.02304438E+00  9.74103544E-01 
 9.35831976E-01  9.03415566E-01  9.00233195E-01  8.97258305E-01  8.99601754E-01 
 8.97484869E-01  8.93895443E-01  9.00067585E-01  8.99031253E-01  9.39956949E-01 
 9.59963430E-01  9.79674639E-01  1.00379715E+00  1.00774182E+00  1.00174813E+00 
 1.00877513E+00  1.00926640E+00  1.00602162E+00  1.00358905E+00  1.00217874E+00 
 1.00145123E+00  1.00098924E+00  1.00068374E+00  1.00050585E+00  1.00038344E+00 
 1.00030234E+00  1.00024123E+00  ) >                                            
BDH          2    ( > 
 1.32684886E+03  8.53244138E+02  8.67797675E+02  8.81644534E+02  6.89267673E+02 
 5.02732515E+02  1.95125748E+03  3.28111660E+03  2.83068056E+03  2.39658772E+03 
 2.17533037E+03  2.11697938E+03  2.38453832E+03  2.71025141E+03  3.16656378E+03 
 3.64116609E+03  4.20867366E+03  4.86898964E+03  5.62293006E+03  6.38185450E+03 
 6.98965292E+03  7.46003583E+03  7.76893824E+03  7.99341250E+03  8.07853090E+03 
 8.15611055E+03  8.01057887E+03  7.86101735E+03  7.68077230E+03  6.41373238E+03 
 4.89716833E+03  2.96005151E+03  1.02431224E+03  7.03212603E+02  3.81946999E+02 
 7.76178514E+01  2.38534053E+01  8.71520383E+00  4.46770022E+00  2.78273101E+00 
 1.89988487E+00  1.49218203E+00  1.25904917E+00  1.11136781E+00  1.02730748E+00 
 9.72886070E-01  9.29725090E-01  9.20909037E-01  9.17386261E-01  9.13863176E-01 
 9.08259251E-01  9.02628099E-01  9.04829805E-01  9.21954775E-01  9.41296159E-01 
 9.60639276E-01  9.79892490E-01  9.99146476E-01  1.00565861E+00  1.00683603E+00 
 1.00803724E+00  1.00932559E+00  1.00603406E+00  1.00359324E+00  1.00217583E+00 
 1.00144413E+00  1.00097904E+00  1.00067147E+00  1.00049227E+00  1.00036902E+00 
 1.00028738E+00  1.00022588E+00  ) >                                            
BDH          3    ( > 
 5.40382646E+00  4.70226256E+00  4.57584263E+00  4.45384598E+00  3.18078842E+00 
 1.92995046E+00  6.83839792E+00  1.13056227E+01  1.55487526E+01  1.36180057E+01 
 1.17097934E+01  1.07942691E+01  1.10048182E+01  1.13570775E+01  1.24093933E+01 
 1.36869611E+01  1.52169837E+01  1.70500589E+01  1.88963494E+01  2.07439847E+01 
 2.21991053E+01  2.33463217E+01  2.41089345E+01  2.46774756E+01  2.49508679E+01 
 2.51968684E+01  2.50763962E+01  2.49460585E+01  2.48121380E+01  2.22244350E+01 
 1.92741844E+01  1.28459912E+01  6.42406158E+00  7.31670918E+00  8.22667885E+00 
 8.44926052E+00  6.30867065E+00  4.17752074E+00  2.95593411E+00  2.31084455E+00 
 1.88150360E+00  1.64981293E+00  1.49081830E+00  1.37028772E+00  1.26831838E+00 
 1.18438475E+00  1.10852477E+00  1.06037669E+00  1.03819114E+00  1.02001410E+00 
 1.00183420E+00  9.82931944E-01  9.74233723E-01  9.70203766E-01  9.82827359E-01 
 9.95452870E-01  1.00480917E+00  1.01416637E+00  1.01580563E+00  1.01179344E+00 
 1.00779137E+00  1.00575624E+00  1.00315504E+00  1.00170087E+00  1.00093644E+00 
 1.00058118E+00  1.00036983E+00  1.00023911E+00  1.00016693E+00  1.00011929E+00 
 1.00008916E+00  1.00006713E+00  ) >                                            
BDH          4    ( > 
 8.12675886E+00  7.94624608E+00  7.99985246E+00  8.05585058E+00  8.10861486E+00 
 8.15025362E+00  8.14654073E+00  7.16729027E+00  6.22659609E+00  5.39915430E+00 
 4.90881659E+00  4.69208851E+00  4.68941990E+00  4.71650958E+00  4.91501512E+00 
 5.19491564E+00  5.56402620E+00  5.93710087E+00  6.30838889E+00  6.58230064E+00 
 6.74231685E+00  6.84047151E+00  6.88060320E+00  6.85916441E+00  6.74563392E+00 
 6.61657128E+00  6.40108358E+00  6.18377438E+00  5.96710801E+00  5.13144909E+00 
 4.27082719E+00  2.63467432E+00  9.99766173E-01  1.03336947E+00  1.72756465E+00 
 2.42292697E+00  2.73517425E+00  2.34879521E+00  1.96260935E+00  1.70336586E+00 
 1.50892730E+00  1.39911032E+00  1.32117943E+00  1.26390159E+00  1.21295145E+00 
 1.16597027E+00  1.11899181E+00  1.07659612E+00  1.05693718E+00  1.03837508E+00 
 1.01981007E+00  1.00059695E+00  9.88381445E-01  9.80127657E-01  9.91106732E-01 
 1.00208777E+00  1.00923122E+00  1.01637560E+00  1.01304070E+00  1.00964153E+00 
 1.00624866E+00  1.00434471E+00  1.00223272E+00  1.00114818E+00  1.00060794E+00 
 1.00036753E+00  1.00022857E+00  1.00014471E+00  1.00009932E+00  1.00006986E+00 
 1.00005150E+00  1.00003825E+00  ) >                                            
BDH          5    ( > 
 7.20228969E+00  7.04781067E+00  7.05256828E+00  7.06078148E+00  4.48651661E+00 
 1.84913996E+00  2.55762073E+00  3.37418204E+00  4.19066706E+00  3.94210902E+00 
 3.69671431E+00  3.61178114E+00  3.62058940E+00  3.64387386E+00  3.74699687E+00 
 3.89127918E+00  4.07874273E+00  4.27532802E+00  4.47193893E+00  4.58583025E+00 
 4.62462321E+00  4.62606494E+00  4.60228890E+00  4.53217570E+00  4.39940520E+00 
 4.25122574E+00  4.05579912E+00  3.85957348E+00  3.66433718E+00  3.10270370E+00 
 2.54101031E+00  1.61987114E+00  6.99503036E-01  6.49215410E-01  9.72926759E-01 
 1.45783516E+00  1.94054005E+00  1.78882767E+00  1.60293507E+00  1.41638328E+00 
 1.30013657E+00  1.23872420E+00  1.20068741E+00  1.18195482E+00  1.16320122E+00 
 1.14214447E+00  1.10868397E+00  1.07522512E+00  1.05781667E+00  1.04040796E+00 
 1.02286668E+00  1.00452333E+00  9.92236791E-01  9.83763135E-01  9.94201961E-01 
 1.00464276E+00  1.01100973E+00  1.01737764E+00  1.01421778E+00  1.00991200E+00 
 1.00568467E+00  1.00386933E+00  1.00194088E+00  1.00098231E+00  1.00051429E+00 
 1.00030824E+00  1.00019021E+00  1.00011954E+00  1.00008157E+00  1.00005706E+00 
 1.00004187E+00  1.00003095E+00  ) >                                            
BDH          6    ( > 
 6.58206072E+00  6.44302960E+00  6.44731145E+00  6.45470333E+00  4.13786495E+00 
 1.76422597E+00  2.40185865E+00  3.13676383E+00  3.87160035E+00  3.64789812E+00 
 3.42704288E+00  3.35060302E+00  3.35853046E+00  3.37948647E+00  3.47229718E+00 
 3.60215126E+00  3.77086846E+00  3.94779522E+00  4.12474504E+00  4.22724723E+00 
 4.26216089E+00  4.26345844E+00  4.24206001E+00  4.17895813E+00  4.05946468E+00 
 3.92610316E+00  3.75021921E+00  3.57361613E+00  3.39790346E+00  2.89243333E+00 
 2.38690928E+00  1.55788403E+00  7.29552732E-01  6.84293869E-01  9.75634083E-01 
 1.41205164E+00  1.84648604E+00  1.70994490E+00  1.54264156E+00  1.37474495E+00 
 1.27012292E+00  1.21485178E+00  1.18061866E+00  1.16375933E+00  1.14688110E+00 
 1.12793002E+00  1.09781558E+00  1.06770260E+00  1.05203500E+00  1.03636717E+00 
 1.02058001E+00  1.00407100E+00  9.93013112E-01  9.85386821E-01  9.94781765E-01 
 1.00417849E+00  1.00990876E+00  1.01563988E+00  1.01279600E+00  1.00892080E+00 
 1.00511621E+00  1.00348240E+00  1.00174679E+00  1.00088408E+00  1.00046286E+00 
 1.00027741E+00  1.00017119E+00  1.00010759E+00  1.00007341E+00  1.00005135E+00 
 1.00003768E+00  1.00002785E+00  ) >                                            
BDH          7    ( > 
 5.96183175E+00  5.83824853E+00  5.84205462E+00  5.84862518E+00  3.78921329E+00 
 1.67931197E+00  2.24609658E+00  2.89934563E+00  3.55253364E+00  3.35368722E+00 
 3.15737145E+00  3.08942491E+00  3.09647152E+00  3.11509909E+00  3.19759749E+00 
 3.31302334E+00  3.46299419E+00  3.62026242E+00  3.77755114E+00  3.86866420E+00 
 3.89969857E+00  3.90085195E+00  3.88183112E+00  3.82574056E+00  3.71952416E+00 
 3.60098059E+00  3.44463930E+00  3.28765878E+00  3.13146975E+00  2.68216296E+00 
 2.23280825E+00  1.49589692E+00  7.59602429E-01  7.19372328E-01  9.78341407E-01 
 1.36626813E+00  1.75243204E+00  1.63106213E+00  1.48234805E+00  1.33310662E+00 
 1.24010926E+00  1.19097936E+00  1.16054992E+00  1.14556385E+00  1.13056097E+00 
 1.11371557E+00  1.08694718E+00  1.06018009E+00  1.04625333E+00  1.03232637E+00 
 1.01829334E+00  1.00361867E+00  9.93789433E-01  9.87010508E-01  9.95361569E-01 
 1.00371421E+00  1.00880779E+00  1.01390211E+00  1.01137422E+00  1.00792960E+00 
 1.00454774E+00  1.00309547E+00  1.00155270E+00  1.00078585E+00  1.00041143E+00 
 1.00024659E+00  1.00015217E+00  1.00009563E+00  1.00006525E+00  1.00004565E+00 
 1.00003349E+00  1.00002476E+00  ) >                                            
BDH          8    ( > 
 5.34160278E+00  5.23346747E+00  5.23679779E+00  5.24254704E+00  3.44056163E+00 
 1.59439797E+00  2.09033451E+00  2.66192743E+00  3.23346694E+00  3.05947631E+00 
 2.88770002E+00  2.82824679E+00  2.83441258E+00  2.85071170E+00  2.92289781E+00 
 3.02389542E+00  3.15511991E+00  3.29272962E+00  3.43035725E+00  3.51008118E+00 
 3.53723625E+00  3.53824546E+00  3.52160223E+00  3.47252299E+00  3.37958364E+00 
 3.27585801E+00  3.13905939E+00  3.00170144E+00  2.86503603E+00  2.47189259E+00 
 2.07870722E+00  1.43390980E+00  7.89652125E-01  7.54450787E-01  9.81048731E-01 
 1.32048461E+00  1.65837803E+00  1.55217937E+00  1.42205455E+00  1.29146830E+00 
 1.21009560E+00  1.16710694E+00  1.14048118E+00  1.12736837E+00  1.11424085E+00 
 1.09950113E+00  1.07607878E+00  1.05265758E+00  1.04047167E+00  1.02828558E+00 
 1.01600668E+00  1.00316633E+00  9.94565754E-01  9.88634194E-01  9.95941373E-01 
 1.00324993E+00  1.00770681E+00  1.01216435E+00  1.00995244E+00  1.00693840E+00 
 1.00397927E+00  1.00270853E+00  1.00135861E+00  1.00068762E+00  1.00036000E+00 
 1.00021577E+00  1.00013315E+00  1.00008368E+00  1.00005710E+00  1.00003994E+00 
 1.00002931E+00  1.00002166E+00  ) >                                            
BDH          9    ( > 
 4.72137381E+00  4.62868640E+00  4.63154097E+00  4.63646889E+00  3.09190997E+00 
 1.50948398E+00  1.93457244E+00  2.42450922E+00  2.91440023E+00  2.76526541E+00 
 2.61802859E+00  2.56706868E+00  2.57235364E+00  2.58632432E+00  2.64819812E+00 
 2.73476751E+00  2.84724564E+00  2.96519681E+00  3.08316336E+00  3.15149815E+00 
 3.17477393E+00  3.17563896E+00  3.16137334E+00  3.11930542E+00  3.03964312E+00 
 2.95073544E+00  2.83347947E+00  2.71574409E+00  2.59860231E+00  2.26162222E+00 
 1.92460619E+00  1.37192269E+00  8.19701822E-01  7.89529246E-01  9.83756055E-01 
 1.27470109E+00  1.56432403E+00  1.47329660E+00  1.36176104E+00  1.24982997E+00 
 1.18008194E+00  1.14323452E+00  1.12041244E+00  1.10917289E+00  1.09792073E+00 
 1.08528668E+00  1.06521038E+00  1.04513507E+00  1.03469000E+00  1.02424478E+00 
 1.01372001E+00  1.00271400E+00  9.95342075E-01  9.90257881E-01  9.96521177E-01 
 1.00278566E+00  1.00660584E+00  1.01042658E+00  1.00853067E+00  1.00594720E+00 
 1.00341080E+00  1.00232160E+00  1.00116453E+00  1.00058939E+00  1.00030857E+00 
 1.00018494E+00  1.00011413E+00  1.00007173E+00  1.00004894E+00  1.00003423E+00 
 1.00002512E+00  1.00001857E+00  ) >                                            
BDH         10    ( > 
 4.10114484E+00  4.02390533E+00  4.02628414E+00  4.03039074E+00  2.74325830E+00 
 1.42456998E+00  1.77881036E+00  2.18709102E+00  2.59533353E+00  2.47105451E+00 
 2.34835716E+00  2.30589057E+00  2.31029470E+00  2.32193693E+00  2.37349843E+00 
 2.44563959E+00  2.53937137E+00  2.63766401E+00  2.73596946E+00  2.79291513E+00 
 2.81231160E+00  2.81303247E+00  2.80114445E+00  2.76608785E+00  2.69970260E+00 
 2.62561287E+00  2.52789956E+00  2.42978674E+00  2.33216859E+00  2.05135185E+00 
 1.77050516E+00  1.30993557E+00  8.49751518E-01  8.24607705E-01  9.86463379E-01 
 1.22891758E+00  1.47027002E+00  1.39441383E+00  1.30146753E+00  1.20819164E+00 
 1.15006829E+00  1.11936210E+00  1.10034370E+00  1.09097741E+00  1.08160061E+00 
 1.07107223E+00  1.05434199E+00  1.03761256E+00  1.02890833E+00  1.02020398E+00 
 1.01143334E+00  1.00226167E+00  9.96118396E-01  9.91881567E-01  9.97100981E-01 
 1.00232138E+00  1.00550487E+00  1.00868882E+00  1.00710889E+00  1.00495600E+00 
 1.00284234E+00  1.00193467E+00  1.00097044E+00  1.00049116E+00  1.00025715E+00 
 1.00015412E+00  1.00009511E+00  1.00005977E+00  1.00004078E+00  1.00002853E+00 
 1.00002093E+00  1.00001547E+00  ) >                                            
BDH         11    ( > 
 3.48091588E+00  3.41912427E+00  3.42102731E+00  3.42431259E+00  2.39460664E+00 
 1.33965598E+00  1.62304829E+00  1.94967281E+00  2.27626682E+00  2.17684361E+00 
 2.07868572E+00  2.04471245E+00  2.04823576E+00  2.05754954E+00  2.09879875E+00 
 2.15651167E+00  2.23149709E+00  2.31013121E+00  2.38877557E+00  2.43433210E+00 
 2.44984928E+00  2.45042597E+00  2.44091556E+00  2.41287028E+00  2.35976208E+00 
 2.30049029E+00  2.22231965E+00  2.14382939E+00  2.06573487E+00  1.84108148E+00 
 1.61640412E+00  1.24794846E+00  8.79801214E-01  8.59686164E-01  9.89170703E-01 
 1.18313406E+00  1.37621602E+00  1.31553107E+00  1.24117403E+00  1.16655331E+00 
 1.12005463E+00  1.09548968E+00  1.08027496E+00  1.07278193E+00  1.06528049E+00 
 1.05685779E+00  1.04347359E+00  1.03009005E+00  1.02312667E+00  1.01616319E+00 
 1.00914667E+00  1.00180933E+00  9.96894717E-01  9.93505254E-01  9.97680784E-01 
 1.00185711E+00  1.00440389E+00  1.00695106E+00  1.00568711E+00  1.00396480E+00 
 1.00227387E+00  1.00154773E+00  1.00077635E+00  1.00039293E+00  1.00020572E+00 
 1.00012329E+00  1.00007609E+00  1.00004782E+00  1.00003263E+00  1.00002282E+00 
 1.00001675E+00  1.00001238E+00  ) >                                            
BDH         12    ( > 
 2.86068691E+00  2.81434320E+00  2.81577048E+00  2.81823444E+00  2.04595498E+00 
 1.25474199E+00  1.46728622E+00  1.71225461E+00  1.95720012E+00  1.88263271E+00 
 1.80901429E+00  1.78353434E+00  1.78617682E+00  1.79316216E+00  1.82409906E+00 
 1.86738375E+00  1.92362282E+00  1.98259841E+00  2.04158168E+00  2.07574908E+00 
 2.08738696E+00  2.08781948E+00  2.08068667E+00  2.05965271E+00  2.01982156E+00 
 1.97536772E+00  1.91673974E+00  1.85787204E+00  1.79930115E+00  1.63081111E+00 
 1.46230309E+00  1.18596134E+00  9.09850911E-01  8.94764623E-01  9.91878028E-01 
 1.13735055E+00  1.28216201E+00  1.23664830E+00  1.18088052E+00  1.12491498E+00 
 1.09004097E+00  1.07161726E+00  1.06020622E+00  1.05458644E+00  1.04896037E+00 
 1.04264334E+00  1.03260519E+00  1.02256753E+00  1.01734500E+00  1.01212239E+00 
 1.00686000E+00  1.00135700E+00  9.97671037E-01  9.95128940E-01  9.98260588E-01 
 1.00139283E+00  1.00330292E+00  1.00521329E+00  1.00426533E+00  1.00297360E+00 
 1.00170540E+00  1.00116080E+00  1.00058226E+00  1.00029469E+00  1.00015429E+00 
 1.00009247E+00  1.00005706E+00  1.00003586E+00  1.00002447E+00  1.00001712E+00 
 1.00001256E+00  1.00000928E+00  ) >                                            
BDH         13    ( > 
 2.24045794E+00  2.20956213E+00  2.21051366E+00  2.21215630E+00  1.69730332E+00 
 1.16982799E+00  1.31152415E+00  1.47483641E+00  1.63813341E+00  1.58842180E+00 
 1.53934286E+00  1.52235623E+00  1.52411788E+00  1.52877477E+00  1.54939937E+00 
 1.57825584E+00  1.61574855E+00  1.65506560E+00  1.69438779E+00  1.71716605E+00 
 1.72492464E+00  1.72521299E+00  1.72045778E+00  1.70643514E+00  1.67988104E+00 
 1.65024515E+00  1.61115982E+00  1.57191470E+00  1.53286744E+00  1.42054074E+00 
 1.30820206E+00  1.12397423E+00  9.39900607E-01  9.29843082E-01  9.94585352E-01 
 1.09156703E+00  1.18810801E+00  1.15776553E+00  1.12058701E+00  1.08327666E+00 
 1.06002731E+00  1.04774484E+00  1.04013748E+00  1.03639096E+00  1.03264024E+00 
 1.02842889E+00  1.02173679E+00  1.01504502E+00  1.01156333E+00  1.00808159E+00 
 1.00457334E+00  1.00090467E+00  9.98447358E-01  9.96752627E-01  9.98840392E-01 
 1.00092855E+00  1.00220195E+00  1.00347553E+00  1.00284356E+00  1.00198240E+00 
 1.00113693E+00  1.00077387E+00  1.00038818E+00  1.00019646E+00  1.00010286E+00 
 1.00006165E+00  1.00003804E+00  1.00002391E+00  1.00001631E+00  1.00001141E+00 
 1.00000837E+00  1.00000619E+00  ) >                                            
BDH         14    ( > 
 1.62022897E+00  1.60478107E+00  1.60525683E+00  1.60607815E+00  1.34865166E+00 
 1.08491400E+00  1.15576207E+00  1.23741820E+00  1.31906671E+00  1.29421090E+00 
 1.26967143E+00  1.26117811E+00  1.26205894E+00  1.26438739E+00  1.27469969E+00 
 1.28912792E+00  1.30787427E+00  1.32753280E+00  1.34719389E+00  1.35858303E+00 
 1.36246232E+00  1.36260649E+00  1.36022889E+00  1.35321757E+00  1.33994052E+00 
 1.32512257E+00  1.30557991E+00  1.28595735E+00  1.26643372E+00  1.21027037E+00 
 1.15410103E+00  1.06198711E+00  9.69950304E-01  9.64921541E-01  9.97292676E-01 
 1.04578352E+00  1.09405400E+00  1.07888277E+00  1.06029351E+00  1.04163833E+00 
 1.03001366E+00  1.02387242E+00  1.02006874E+00  1.01819548E+00  1.01632012E+00 
 1.01421445E+00  1.01086840E+00  1.00752251E+00  1.00578167E+00  1.00404080E+00 
 1.00228667E+00  1.00045233E+00  9.99223679E-01  9.98376313E-01  9.99420196E-01 
 1.00046428E+00  1.00110097E+00  1.00173776E+00  1.00142178E+00  1.00099120E+00 
 1.00056847E+00  1.00038693E+00  1.00019409E+00  1.00009823E+00  1.00005143E+00 
 1.00003082E+00  1.00001902E+00  1.00001195E+00  1.00000816E+00  1.00000571E+00 
 1.00000419E+00  1.00000309E+00  ) >                                            
BDH         15    ( > 
 1.00000000E+00  1.00000000E+00  1.00000000E+00  1.00000000E+00  1.00000000E+00 
 1.00000000E+00  1.00000000E+00  1.00000000E+00  1.00000000E+00  1.00000000E+00 
 1.00000000E+00  1.00000000E+00  1.00000000E+00  1.00000000E+00  1.00000000E+00 
 1.00000000E+00  1.00000000E+00  1.00000000E+00  1.00000000E+00  1.00000000E+00 
 1.00000000E+00  1.00000000E+00  1.00000000E+00  1.00000000E+00  1.00000000E+00 
 1.00000000E+00  1.00000000E+00  1.00000000E+00  1.00000000E+00  1.00000000E+00 
 1.00000000E+00  1.00000000E+00  1.00000000E+00  1.00000000E+00  1.00000000E+00 
 1.00000000E+00  1.00000000E+00  1.00000000E+00  1.00000000E+00  1.00000000E+00 
 1.00000000E+00  1.00000000E+00  1.00000000E+00  1.00000000E+00  1.00000000E+00 
 1.00000000E+00  1.00000000E+00  1.00000000E+00  1.00000000E+00  1.00000000E+00 
 1.00000000E+00  1.00000000E+00  1.00000000E+00  1.00000000E+00  1.00000000E+00 
 1.00000000E+00  1.00000000E+00  1.00000000E+00  1.00000000E+00  1.00000000E+00 
 1.00000000E+00  1.00000000E+00  1.00000000E+00  1.00000000E+00  1.00000000E+00 
 1.00000000E+00  1.00000000E+00  1.00000000E+00  1.00000000E+00  1.00000000E+00 
 1.00000000E+00  1.00000000E+00  ) >                                            
> LEID       MODEL LEID   5 L H        ITER 07-17   2014-Mar-24                 
HEK               ( > 
 4.57616811E+01  1.19690923E+02  2.98718808E+02  7.73859247E+02  2.13917429E+03 
 7.13063776E+03  2.45312935E+04  8.05845497E+04  2.15787348E+05  4.86840237E+05 
 8.75726111E+05  1.55249892E+06  2.66604446E+06  4.31271899E+06  6.58446312E+06 
 9.68096034E+06  1.40233292E+07  2.09510983E+07  2.84774848E+07  3.81617947E+07 
 4.78328762E+07  5.66919324E+07  6.42652819E+07  7.08403866E+07  7.84603157E+07 
 8.57249039E+07  9.41342057E+07  1.01088477E+08  1.04871506E+08  9.41255117E+07 
 4.95291658E+07  1.02127161E+07  5.17528365E+05  1.00646004E+04  2.34440035E+02 
 4.74467845E+01  5.40461209E+00  5.60461238E-01  1.07853146E-01  3.73524227E-02 
 1.79670390E-02  1.12752457E-02  1.05840734E-02  9.66798873E-03  1.10844742E-02 
 1.57910723E-02  2.49708571E-02  4.05720425E-02  6.49890985E-02  1.03265098E-01 
 2.17113345E-01  3.58624214E-01  8.95525276E-01  3.24426522E+00  1.70990635E+01 
 2.87363155E+01  5.95483210E+01  4.32400607E+02  5.12902855E+03  1.37169055E+04 
 4.83950500E+04  1.36082190E+05  4.84099955E+05  1.28766018E+06  3.50960417E+06 
 9.52239924E+06  2.48736909E+07  6.45765679E+07  1.42149078E+08  2.92978391E+08 
 5.55310288E+08  1.02071342E+09  ) >                                            
HEN          1    ( > 
 9.33731281E-03  2.99134317E-02  8.59164182E-02  2.50721763E-01  7.65873887E-01 
 2.78392954E+00  1.03452297E+01  3.74595220E+01  1.15630261E+02  3.23313041E+02 
 7.29705300E+02  1.67306807E+03  3.93162077E+03  8.69857237E+03  1.78140062E+04 
 3.35151112E+04  6.63056054E+04  1.45758641E+05  2.84922986E+05  5.59312768E+05 
 1.12116716E+06  1.94609933E+06  3.16745804E+06  4.70733030E+06  6.99964085E+06 
 1.03364694E+07  1.60401203E+07  2.50496268E+07  4.08163401E+07  9.74712491E+07 
 2.14394928E+08  3.81105921E+08  6.68163918E+08  1.22699047E+09  3.36250895E+09 
 1.04640782E+10  5.85535653E+10  3.32064751E+11  1.60555674E+12  6.53215186E+12 
 2.36403558E+13  5.49539418E+13  1.20904003E+14  2.51779720E+14  5.06205330E+14 
 8.21496227E+14  1.23932641E+15  1.57763871E+15  1.80711479E+15  2.00968869E+15 
 2.27003352E+15  2.52611484E+15  2.73229483E+15  2.91729608E+15  2.91389769E+15 
 2.91332709E+15  2.89950266E+15  2.86506385E+15  2.78390678E+15  2.75070174E+15 
 2.67870753E+15  2.61846340E+15  2.54601320E+15  2.49607181E+15  2.45506756E+15 
 2.42113063E+15  2.39522852E+15  2.37135153E+15  2.35043965E+15  2.33257047E+15 
 2.30952973E+15  2.28221065E+15  ) >                                            
HEN          2    ( > 
 1.49866269E-09  6.22241405E-09  2.20317224E-08  7.90177059E-08  3.02964780E-07 
 1.48364183E-06  7.38784493E-06  3.62158308E-05  1.46054706E-04  5.27228450E-04 
 1.43234855E-03  3.84868680E-03  1.04401980E-02  2.63399748E-02  5.87587813E-02 
 1.22331564E-01  2.51994467E-01  5.50271337E-01  9.98923535E-01  1.73255401E+00 
 2.68179100E+00  3.70147592E+00  4.65648868E+00  5.47501474E+00  6.42965935E+00 
 7.52719826E+00  8.58541413E+00  9.83218397E+00  1.11226020E+01  1.22280680E+01 
 8.60796370E+00  2.66027639E+00  2.36661187E-01  7.88431206E-03  2.88802563E-04 
 9.99008239E-05  1.37345004E-05  1.18635535E-06  2.06118177E-07  7.94389097E-08 
 4.34064761E-08  2.99621172E-08  3.23127394E-08  3.06583675E-08  3.89020602E-08 
 5.60615448E-08  1.26513895E-07  1.90285846E-07  2.58367093E-07  4.58965174E-07 
 1.18476312E-06  3.33384780E-06  1.38755078E-05  1.04211700E-04  4.26056782E-04 
 9.90240737E-04  3.06525353E-03  3.35737790E-02  2.63661665E-01  7.78771794E-01 
 3.11202944E+00  9.47474151E+00  3.67368957E+01  1.04056123E+02  3.03153655E+02 
 8.80408026E+02  2.45304819E+03  6.77391267E+03  1.56437943E+04  3.35994696E+04 
 6.57566037E+04  1.24054412E+05  ) >                                            
HEN          3    ( > 
 2.38920088E-13  9.32926776E-13  3.17085807E-12  1.10208285E-11  4.07574192E-11 
 1.90292956E-10  9.09393736E-10  4.28904642E-09  1.66548779E-08  5.87585990E-08 
 1.58045014E-07  4.26714010E-07  1.17526079E-06  3.03532143E-06  6.97626097E-06 
 1.50291770E-05  3.27603903E-05  7.78089553E-05  1.55107667E-04  3.05478638E-04 
 5.61814940E-04  9.17203009E-04  1.38398340E-03  1.92233101E-03  2.64954650E-03 
 3.59991573E-03  4.92176549E-03  6.63164716E-03  8.91688824E-03  1.27269963E-02 
 1.13372928E-02  2.85784507E-03  2.49293446E-04  9.43575755E-06  7.43042340E-07 
 1.02577347E-06  2.23768068E-07  3.44555620E-08  7.44466277E-09  3.67474771E-09 
 2.35076500E-09  2.13338444E-09  2.99825063E-09  4.10213835E-09  5.82962255E-09 
 1.30258569E-08  3.07237325E-08  5.35915809E-08  1.11165368E-07  1.69404642E-07 
 4.79714769E-07  1.25237738E-06  3.91302101E-06  1.93224834E-05  7.92819304E-05 
 1.19936991E-04  2.83298894E-04  2.23626179E-03  1.89170064E-02  5.87892303E-02 
 2.47901769E-01  7.90056854E-01  3.24502414E+00  9.60852699E+00  2.92693889E+01 
 8.88030121E+01  2.57988422E+02  7.42475897E+02  1.77407523E+03  3.93055429E+03 
 7.90611167E+03  1.53083898E+04  ) >                                            
HEN          4    ( > 
 3.55694232E-11  1.60523119E-10  6.08935120E-10  2.33640698E-09  9.58170273E-09 
 5.05893737E-08  2.71734385E-07  1.44146789E-06  6.24889142E-06  2.41937924E-05 
 6.94183034E-05  1.97231730E-04  5.63823725E-04  1.49057419E-03  3.46610956E-03 
 7.54363429E-03  1.60988290E-02  3.65104740E-02  6.82291967E-02  1.23022306E-01 
 1.94230188E-01  2.72603191E-01  3.48006965E-01  4.17475431E-01  4.95447602E-01 
 5.86062470E-01  6.77198326E-01  7.89688551E-01  9.05650683E-01  1.01911929E+00 
 7.32661811E-01  2.26808749E-01  2.06667126E-02  6.95584783E-04  2.58709139E-05 
 9.07256138E-06  1.27450471E-06  1.12409004E-07  1.99551775E-08  8.02767317E-09 
 4.44726070E-09  3.10350624E-09  3.40044782E-09  3.38944941E-09  4.48430457E-09 
 6.91888685E-09  1.71152396E-08  2.77491719E-08  3.96762454E-08  7.38216135E-08 
 2.03271620E-07  6.12905145E-07  2.75085068E-06  2.27733231E-05  9.84442850E-05 
 2.40272106E-04  7.90422771E-04  9.17411852E-03  8.55410919E-02  2.73104497E-01 
 1.18026739E+00  3.85325925E+00  1.62948875E+01  4.92839750E+01  1.53186781E+02 
 4.73796065E+02  1.40188539E+03  4.10810298E+03  9.96308297E+03  2.23755018E+04 
 4.55495953E+04  8.92048755E+04  ) >                                            
HEN          5    ( > 
 1.00534830E-14  3.51518726E-14  1.08751126E-13  3.46111675E-13  1.14038762E-12 
 4.50177952E-12  1.87436138E-11  7.95496625E-11  2.83136509E-10  9.30908503E-10 
 2.34676795E-09  6.84964398E-09  2.13586620E-08  6.65196864E-08  1.90271366E-07 
 5.28675201E-07  1.51245601E-06  5.03552181E-06  1.35040769E-05  3.52162071E-05 
 8.70181604E-05  1.73797884E-04  3.06591933E-04  4.70837282E-04  7.02645512E-04 
 1.01192682E-03  1.46587794E-03  2.05604772E-03  2.85925753E-03  4.23472982E-03 
 3.86239403E-03  9.59245516E-04  8.20937527E-05  3.04206985E-06  2.58596718E-07 
 3.87991313E-07  8.87123494E-08  1.37846623E-08  2.92734153E-09  1.43238873E-09 
 9.20838824E-10  8.45210865E-10  1.22254392E-09  1.74558129E-09  2.52495204E-09 
 5.87663632E-09  1.43819934E-08  2.59034612E-08  5.58522632E-08  8.77339653E-08 
 2.60676985E-07  7.15093791E-07  2.37412693E-06  1.26343715E-05  5.55264045E-05 
 8.83422730E-05  2.16912791E-04  1.80064853E-03  1.72092217E-02  5.63836339E-02 
 2.50135696E-01  8.29372680E-01  3.56662654E+00  1.09215471E+01  3.44015433E+01 
 1.07874363E+02  3.23442502E+02  9.60379415E+02  2.35456651E+03  5.34063900E+03 
 1.09673747E+04  2.16575767E+04  ) >                                            
HEN          6    ( > 
 8.81453493E-15  3.05068343E-14  9.33452615E-14  2.93479182E-13  9.53619133E-13 
 3.69731996E-12  1.50743233E-11  6.24474880E-11  2.16564155E-10  6.93884760E-10 
 1.71179563E-09  4.88433181E-09  1.48766705E-08  4.53097588E-08  1.26923774E-07 
 3.45523706E-07  9.68240597E-07  3.13822839E-06  8.19323612E-06  2.07419850E-05 
 4.92397446E-05  9.49001961E-05  1.61305087E-04  2.39948079E-04  3.46086701E-04 
 4.81266410E-04  6.67170134E-04  8.94005996E-04  1.17902939E-03  1.58285537E-03 
 1.27893725E-03  2.67031320E-04  1.71033780E-05  4.50234167E-07  2.55214594E-08 
 2.92785332E-08  5.06144919E-09  5.94275740E-10  1.02086420E-10  4.24194875E-11 
 2.39321807E-11  2.01859311E-11  2.76961777E-11  3.81564376E-11  5.45919488E-11 
 1.27918091E-10  3.21270214E-10  5.99950609E-10  1.33176789E-09  2.16635583E-09 
 6.75933451E-09  1.96504815E-08  7.05588436E-08  4.15262287E-07  2.00068988E-06 
 3.42687785E-06  9.18739252E-06  8.32962835E-05  9.73091992E-04  3.45118315E-03 
 1.70163565E-02  6.15081450E-02  2.93736007E-01  9.74739015E-01  3.33355344E+00 
 1.13442562E+01  3.67892334E+01  1.18063587E+02  3.08613123E+02  7.42163224E+02 
 1.60482277E+03  3.32820140E+03  ) >                                            
HEN          7    ( > 
 2.88667237E-15  9.97697684E-15  3.04824560E-14  9.56803195E-14  3.10318919E-13 
 1.20024197E-12  4.87970360E-12  2.01491893E-11  6.96324283E-11  2.22333464E-10 
 5.46897014E-10  1.55573269E-09  4.72349232E-09  1.43432038E-08  4.00661360E-08 
 1.08772257E-07  3.03958921E-07  9.81630738E-07  2.55359809E-06  6.43894933E-06 
 1.52033896E-05  2.91614879E-05  4.93197526E-05  7.30514582E-05  1.04883370E-04 
 1.45164914E-04  2.00052788E-04  2.66429099E-04  3.48873659E-04  4.62220039E-04 
 3.67434961E-04  7.49479236E-05  4.61694366E-06  1.16075807E-07  6.23079536E-09 
 6.89467660E-09  1.14791483E-09  1.29794921E-10  2.16697135E-11  8.80855039E-12 
 4.88310375E-12  4.07216472E-12  5.54770257E-12  7.60629428E-12  1.08666293E-11 
 2.54854273E-11  6.42307481E-11  1.20531365E-10  2.68603399E-10  4.38988627E-10 
 1.37874356E-09  4.03963985E-09  1.46587848E-08  8.74476813E-08  4.26552549E-07 
 7.37906256E-07  2.00183640E-06  1.83658404E-05  2.20426849E-04  7.90146154E-04 
 3.95161867E-03  1.44504943E-02  6.99887073E-02  2.34775528E-01  8.11850289E-01 
 2.79332912E+00  9.15477609E+00  2.96880257E+01  7.82748289E+01  1.89724374E+02 
 4.13109701E+02  8.62400204E+02  ) >                                            
HEN          8    ( > 
 2.57835624E-14  8.90611765E-14  2.71933622E-13  8.52962176E-13  2.76418326E-12 
 1.06801168E-11  4.33684877E-11  1.78826488E-10  6.17069856E-10  1.96734493E-09 
 4.83324370E-09  1.37309264E-08  4.16331210E-08  1.26259062E-07  3.52265547E-07 
 9.55208578E-07  2.66609805E-06  8.59678908E-06  2.23289447E-05  5.62065598E-05 
 1.32406071E-04  2.53444798E-04  4.27723573E-04  6.32371400E-04  9.06140961E-04 
 1.25162050E-03  1.72049417E-03  2.28531190E-03  2.98333661E-03  3.93025331E-03 
 3.10252005E-03  6.26532441E-04  3.79553706E-05  9.35595394E-07  4.90603938E-08 
 5.34531498E-08  8.75707668E-09  9.74276269E-10  1.60679801E-10  6.47015471E-11 
 3.55985928E-11  2.95422011E-11  4.01242700E-11  5.48998008E-11  7.83823306E-11 
 1.83901063E-10  4.64178054E-10  8.72867542E-10  1.94844810E-09  3.19085113E-09 
 1.00499245E-08  2.95445334E-08  1.07695427E-07  6.46206615E-07  3.16883425E-06 
 5.50526526E-06  1.50109924E-05  1.38420972E-04  1.68069521E-03  6.05227876E-03 
 3.04533243E-02  1.11919717E-01  5.45355025E-01  1.83788799E+00  6.38563961E+00 
 2.20750366E+01  7.26764155E+01  2.36741980E+02  6.26502182E+02  1.52366665E+03 
 3.32756322E+03  6.96623131E+03  ) >                                            
HEN          9    ( > 
 4.27226754E-14  1.47505184E-13  4.50162498E-13  1.41124114E-12  4.57057108E-12 
 1.76454534E-11  7.15857681E-11  2.94861600E-10  1.01629586E-09  3.23645175E-09 
 7.94347402E-09  2.25442090E-08  6.82844007E-08  2.06878483E-07  5.76660993E-07 
 1.56226517E-06  4.35646273E-06  1.40306244E-05  3.63992348E-05  9.15039174E-05 
 2.15173501E-04  4.11223156E-04  6.92854021E-04  1.02290879E-03  1.46353849E-03 
 2.01839597E-03  2.76910801E-03  3.67073145E-03  4.78065843E-03  6.27067294E-03 
 4.92350408E-03  9.86645019E-04  5.90076735E-05  1.43263983E-06  7.37861244E-08 
 7.94415252E-08  1.28542735E-08  1.41244965E-09  2.30763695E-10  9.22512690E-11 
 5.04632856E-11  4.17212374E-11  5.65333300E-11  7.72288411E-11  1.10208769E-10 
 2.58649752E-10  6.53598889E-10  1.23103853E-09  2.75151767E-09  4.51297583E-09 
 1.42449607E-08  4.19849506E-08  1.53576009E-07  9.25628298E-07  4.55758605E-06 
 7.94392364E-06  2.17450008E-05  2.01302938E-04  2.46606464E-03  8.91171103E-03 
 4.50517378E-02  1.66205837E-01  8.13650166E-01  2.75185478E+00  9.59611286E+00 
 3.32941635E+01  1.09994519E+02  3.59542028E+02  9.54182156E+02  2.32661925E+03 
 5.09279214E+03  1.06849162E+04  ) >                                            
HEN         10    ( > 
 1.42404223E-14  4.91666480E-14  1.50048420E-13  4.70394262E-13  1.52345539E-12 
 5.88152755E-12  2.38606195E-11  9.82812367E-11  3.38742524E-10  1.07873778E-09 
 2.64761528E-09  7.51409936E-09  2.27594036E-08  6.89528569E-08  1.92200824E-07 
 5.20699540E-07  1.45199190E-06  4.67632049E-06  1.21315586E-05  3.04972586E-05 
 7.17142633E-05  1.37053596E-04  2.30914163E-04  3.40911986E-04  4.87759571E-04 
 6.72673329E-04  9.22853891E-04  1.22332173E-03  1.59319898E-03  2.08970876E-03 
 1.64071339E-03  3.28776266E-04  1.96614921E-05  4.77317961E-07  2.45811014E-08 
 2.64633608E-08  4.28168306E-09  4.70445642E-10  7.68565477E-11  3.07233056E-11 
 1.68057115E-11  1.38940659E-11  1.88265610E-11  2.57182879E-11  3.67009662E-11 
 8.61339065E-11  2.17658786E-10  4.09959052E-10  9.16313971E-10  1.50293020E-09 
 4.74397494E-09  1.39823798E-08  5.11469050E-08  3.08278732E-07  1.51793027E-06 
 2.64581845E-06  7.24259125E-06  6.70493020E-05  8.21429812E-04  2.96849095E-03 
 1.50071312E-02  5.53658285E-02  2.71047033E-01  9.16729491E-01  3.19683332E+00 
 1.10917905E+01  3.66448660E+01  1.19784387E+02  3.17898749E+02  7.75156178E+02 
 1.69677972E+03  3.55996695E+03  ) >                                            
HEN         11    ( > 
 8.53448668E-15  2.94636519E-14  8.99095338E-14  2.81831975E-13  9.12652561E-13 
 3.52288014E-12  1.42892736E-11  5.88447427E-11  2.02772299E-10  6.45590765E-10 
 1.58421661E-09  4.49522058E-09  1.36127603E-08  4.12337959E-08  1.14915181E-07 
 3.11266313E-07  8.67822602E-07  2.79427808E-06  7.24737364E-06  1.82143140E-05 
 4.28160128E-05  8.18005961E-05  1.37776861E-04  2.03351611E-04  2.90858969E-04 
 4.01003883E-04  5.49934842E-04  7.28696219E-04  9.48583389E-04  1.24314076E-03 
 9.75011273E-04  1.95084160E-04  1.16370658E-05  2.81671792E-07  1.44546130E-08 
 1.55251754E-08  2.50582059E-09  2.74654402E-10  4.47875258E-11  1.78783232E-11 
 9.76838138E-12  8.07004159E-12  1.09299460E-11  1.49263645E-11  2.12984578E-11 
 4.99885184E-11  1.26348516E-10  2.38051547E-10  5.32212012E-10  8.73194794E-10 
 2.75739775E-09  8.13125072E-09  2.97640221E-08  1.79554395E-07  8.84812776E-07 
 1.54325723E-06  4.22770097E-06  3.91685529E-05  4.80697671E-04  1.73834766E-03 
 8.79624958E-03  3.24763872E-02  1.59135253E-01  5.38600171E-01  1.87955898E+00 
 6.52599284E+00  2.15751747E+01  7.05724019E+01  1.87398247E+02  4.57179587E+02 
 1.00119355E+03  2.10147179E+03  ) >                                            
HEN         12    ( > 
 1.71962443E-13  5.91040555E-13  1.79496660E-12  5.59680950E-12  1.80149701E-11 
 6.89970202E-11  2.77321209E-10  1.13010207E-09  3.85050628E-09  1.21226772E-08 
 2.94696215E-08  8.28010958E-08  2.48198791E-07  7.44558694E-07  2.05628637E-06 
 5.52054553E-06  1.52537886E-05  4.85459448E-05  1.24452983E-04  3.08775792E-04 
 7.13312906E-04  1.34185899E-03  2.22392492E-03  3.23728686E-03  4.56236721E-03 
 6.19513282E-03  8.33528251E-03  1.08278932E-02  1.37743107E-02  1.72978378E-02 
 1.28715315E-02  2.38846130E-03  1.25627881E-04  2.62120051E-06  1.12808793E-07 
 1.07835099E-07  1.54149129E-08  1.49599860E-09  2.22489446E-10  8.27279839E-11 
 4.27094854E-11  3.40121769E-11  4.50215332E-11  6.05359829E-11  8.59694379E-11 
 2.02365985E-10  5.17275388E-10  9.90017759E-10  2.24151226E-09  3.73384988E-09 
 1.20439249E-08  3.64227464E-08  1.37939075E-07  8.69315169E-07  4.45824257E-06 
 8.02911970E-06  2.28513497E-05  2.19974309E-04  2.94557711E-03  1.10250997E-02 
 5.84069575E-02  2.23879979E-01  1.14809829E+00  4.02379761E+00  1.45525447E+01 
 5.23549028E+01  1.79084431E+02  6.05889972E+02  1.65428146E+03  4.13963070E+03 
 9.27102332E+03  1.98779588E+04  ) >                                            
HEN         13    ( > 
 2.61553670E-13  8.97091512E-13  2.71828642E-12  8.45463551E-12  2.71363674E-11 
 1.03549425E-10  4.14413387E-10  1.68041763E-09  5.69517377E-09  1.78358061E-08 
 4.31662891E-08  1.20723243E-07  3.60134928E-07  1.07542665E-06  2.95738769E-06 
 7.90657963E-06  2.17542598E-05  6.88545199E-05  1.75549650E-04  4.32912949E-04 
 9.91916172E-04  1.85238857E-03  3.04678758E-03  4.40625658E-03  6.16665260E-03 
 8.31372558E-03  1.10855127E-02  1.42665704E-02  1.79526959E-02  2.20962855E-02 
 1.60392819E-02  2.87240342E-03  1.42379523E-04  2.76987938E-06  1.09717576E-07 
 9.92733428E-08  1.34015041E-08  1.22808916E-09  1.74885704E-10  6.28875264E-11 
 3.16102401E-11  2.47412558E-11  3.23976704E-11  4.32442474E-11  6.12753731E-11 
 1.44437092E-10  3.71163902E-10  7.15652581E-10  1.62999381E-09  2.73469005E-09 
 8.90978677E-09  2.72667039E-08  1.04933766E-07  6.75080677E-07  3.52787040E-06 
 6.45027134E-06  1.86912082E-05  1.83204433E-04  2.55614128E-03  9.72397388E-03 
 5.26401841E-02  2.05372977E-01  1.07603180E+00  3.83378466E+00  1.41008106E+01 
 5.15864590E+01  1.79312279E+02  6.16389217E+02  1.70517120E+03  4.31837694E+03 
 9.77408228E+03  2.11677898E+04  ) >                                            
> LEID       MODEL LEID   5 L H        ITER 07-17   2014-Mar-24                 
HE2K              ( > 
 2.27940532E+03  3.88395431E+03  6.14312215E+03  9.69668687E+03  1.52882231E+04 
 2.48707195E+04  3.75206989E+04  4.91088490E+04  4.89241801E+04  4.21197215E+04 
 3.47773130E+04  2.74602256E+04  2.09054270E+04  1.58930089E+04  1.22411393E+04 
 9.06785344E+03  6.82598632E+03  4.50330856E+03  2.86772452E+03  1.74444112E+03 
 9.76092355E+02  6.11712179E+02  4.06197826E+02  2.97355424E+02  2.14140700E+02 
 1.51212961E+02  1.00212491E+02  6.22204871E+01  3.45571825E+01  9.65296014E+00 
 1.05737670E+00  1.66557153E-02  6.93604125E-06  2.90339624E-10  4.27898672E-16 
 2.45036345E-21  1.16916819E-28  1.90205963E-36  7.38866153E-44  3.87256940E-47 
 1.86896712E-49  5.58505794E-51  4.93257239E-52  1.15248735E-52  6.80296519E-53 
 9.09269627E-53  3.31890257E-52  1.27965735E-51  1.27355819E-50  4.04894786E-50 
 2.74440156E-49  4.28016564E-48  1.61419862E-46  6.33741693E-45  9.39643128E-43 
 1.15951840E-41  8.12448732E-40  8.26667671E-38  2.85086058E-34  1.11611467E-32 
 1.19063926E-30  5.14482695E-29  5.22048639E-27  1.82351644E-25  6.96778463E-24 
 2.62632427E-22  8.60658432E-21  2.75468169E-19  4.83454102E-18  6.65090975E-17 
 6.76325629E-16  6.14966956E-15  ) >                                            
HE2N         1    ( > 
 3.80625301E+01  9.95534266E+01  2.48460466E+02  6.43660314E+02  1.77926825E+03 
 5.93095664E+03  2.04041124E+04  6.70266734E+04  1.79481301E+05  4.04927175E+05 
 7.28376407E+05  1.29126206E+06  2.21741123E+06  3.58695223E+06  5.47632672E+06 
 8.05153748E+06  1.16627865E+07  1.74237824E+07  2.36813473E+07  3.17320377E+07 
 3.97612664E+07  4.71036702E+07  5.33587706E+07  5.87676809E+07  6.50409000E+07 
 7.10214194E+07  7.80123004E+07  8.40588214E+07  8.81729904E+07  8.41931253E+07 
 4.80918654E+07  9.44141928E+06  4.46751452E+05  9.12361986E+03  2.01722359E+02 
 3.87787216E+01  4.72377436E+00  5.06206219E-01  9.69762882E-02  3.68588323E-02 
 1.75165232E-02  1.03841953E-02  6.62732670E-03  6.40380422E-03  7.90697951E-03 
 1.14104632E-02  2.19862673E-02  2.98962182E-02  1.23967498E-01  1.33512734E-01 
 1.98616932E-01  5.04056930E-01  1.62787465E+00  2.61678480E+00  2.10514977E+01 
 2.50410853E+01  1.07528382E+02  6.67159701E+02  3.92969450E+03  1.14853941E+04 
 4.02440517E+04  1.13335172E+05  4.03139154E+05  1.07213184E+06  2.92174761E+06 
 7.92655951E+06  2.07033178E+07  5.37445214E+07  1.18296150E+08  2.43799072E+08 
 4.62068457E+08  8.49279602E+08  ) >                                            
HE2N         2    ( > 
 3.46654559E-13  9.61483383E-13  2.63657568E-12  8.70003604E-12  3.13404009E-11 
 1.68421715E-10  1.07043406E-09  6.86679304E-09  3.24104454E-08  1.17377576E-07 
 2.84913448E-07  6.34698504E-07  1.27230739E-06  2.23708395E-06  3.48241180E-06 
 4.94857855E-06  6.54720097E-06  8.09681678E-06  8.65523136E-06  8.27888498E-06 
 7.04577059E-06  5.72298230E-06  4.57652493E-06  3.79670641E-06  3.09135082E-06 
 2.47431618E-06  1.81339428E-06  1.22772748E-06  7.12995987E-07  1.68848448E-07 
 8.44348322E-09  3.16095278E-11  5.29734561E-15  5.71900070E-19  1.00815312E-24 
 2.96831744E-30  4.57943962E-34  3.52910156E-38  2.33982508E-41  1.62020091E-43 
 2.97359401E-45  2.24888095E-46  3.75510654E-47  1.46073515E-47  1.39911149E-47 
 2.43735496E-47  9.23241595E-47  3.25715108E-46  2.99498349E-45  1.13615107E-44 
 4.48578289E-44  5.83746269E-43  1.70905753E-41  3.28585723E-40  3.67750512E-38 
 2.39625235E-37  1.05268892E-35  6.73913531E-34  8.35877515E-31  4.06729400E-29 
 3.00407713E-27  8.16181248E-26  5.05641882E-24  1.20471750E-22  3.09141307E-21 
 7.78553773E-20  1.72144154E-18  3.70729173E-17  4.67010380E-16  4.73026849E-15 
 3.65396166E-14  2.54785124E-13  ) >                                            
HE2N         3    ( > 
 4.65361670E-14  1.41621090E-13  3.85971366E-13  1.14911199E-12  3.31534173E-12 
 1.17224617E-11  4.30756966E-11  1.37435717E-10  3.09396437E-10  5.71904207E-10 
 8.72634820E-10  1.26079002E-09  1.71623478E-09  2.20922970E-09  2.62117838E-09 
 3.02581366E-09  3.29286806E-09  3.17746603E-09  2.55282892E-09  1.81956810E-09 
 8.51348583E-10  4.13538029E-10  1.83507446E-10  9.35380734E-11  4.87469357E-11 
 2.76110432E-11  1.55887922E-11  9.87959902E-12  6.21240265E-12  2.35314175E-12 
 3.66074307E-13  8.56735666E-15  5.80624392E-18  6.99411266E-22  1.04983124E-27 
 1.29661817E-32  1.14021650E-39  6.86898306E-45  1.37331434E-48  4.40321481E-51 
 4.69870645E-53  2.71070031E-54  4.10579159E-55  1.54661656E-55  1.47253207E-55 
 2.56811386E-55  1.04368384E-54  4.14487231E-54  4.20414132E-53  1.84482004E-52 
 8.82710798E-52  1.49407040E-50  6.27558651E-49  1.94031664E-47  3.32010287E-45 
 3.01684779E-44  2.02043455E-42  1.96464674E-40  6.36279207E-37  4.86716799E-35 
 6.11176330E-33  2.55965728E-31  2.71533707E-29  9.84317051E-28  3.90517523E-26 
 1.52275320E-24  5.13862675E-23  1.68659692E-21  3.01100378E-20  4.19472245E-19 
 4.29238943E-18  3.90707189E-17  ) >                                            
HE2N         4    ( > 
 1.58315521E-14  4.81424532E-14  1.29358305E-13  3.75177390E-13  1.04036009E-12 
 3.38618523E-12  1.13000392E-11  3.50468258E-11  7.98699014E-11  1.44590625E-10 
 2.14299881E-10  2.99197546E-10  3.92623941E-10  4.87734367E-10  5.60831474E-10 
 6.26535411E-10  6.62459902E-10  6.18763819E-10  4.85096080E-10  3.39759114E-10 
 1.66629341E-10  9.08145041E-11  5.19312467E-11  3.61278223E-11  2.69502198E-11 
 2.11962838E-11  1.61376173E-11  1.19944773E-11  8.16423463E-12  3.22000159E-12 
 5.08320760E-13  1.21187326E-14  1.00309624E-17  9.00229472E-22  1.78552102E-27 
 2.71730178E-32  1.44700958E-39  1.16665617E-46  1.02357011E-50  2.27788607E-53 
 1.75579106E-55  7.89116548E-57  9.76776983E-58  3.18546910E-58  2.91406673E-58 
 5.32174241E-58  2.38524526E-57  1.05673471E-56  1.16940415E-55  5.62796223E-55 
 3.00145974E-54  5.76085626E-53  2.84012529E-51  1.06312257E-49  2.14945798E-47 
 2.22530004E-46  1.74124098E-44  1.98210553E-42  9.37433105E-39  8.26904580E-37 
 1.24911406E-34  6.06798519E-33  7.68271266E-31  3.17597727E-29  1.43338031E-27 
 6.32548059E-26  2.39658870E-24  8.80600732E-23  1.72416848E-21  2.61283716E-20 
 2.88039519E-19  2.81511133E-18  ) >                                            
HE2N         5    ( > 
 4.46735006E-14  1.36018087E-13  3.63116769E-13  1.01946129E-12  2.79370926E-12 
 8.81232934E-12  2.76189590E-11  8.04273459E-11  1.79176960E-10  3.21814751E-10 
 4.69083409E-10  6.43128781E-10  8.28429931E-10  1.01143240E-09  1.14420567E-09 
 1.25923584E-09  1.30859996E-09  1.19248907E-09  9.11380833E-10  6.19868739E-10 
 2.88963790E-10  1.49570203E-10  8.08199005E-11  5.40670630E-11  3.93313271E-11 
 3.05716730E-11  2.31822699E-11  1.72433617E-11  1.17745875E-11  4.67339677E-12 
 7.41790371E-13  1.78225154E-14  1.64001859E-17  1.24359732E-21  3.08691499E-27 
 4.91462188E-32  2.60385101E-39  4.26857126E-47  1.52979117E-51  3.45928011E-54 
 1.99680511E-56  7.71776012E-58  8.69738726E-59  2.73561701E-59  2.48520579E-59 
 4.55157570E-59  2.06786278E-58  9.26084782E-58  1.02787084E-56  4.98185015E-56 
 2.70655251E-55  5.32880573E-54  2.71149970E-52  1.06605353E-50  2.24683443E-48 
 2.39015719E-47  1.94856056E-45  2.31563317E-43  1.26011684E-39  1.19657805E-37 
 1.97454611E-35  1.03683290E-33  1.45119143E-31  6.48632751E-30  3.16957803E-28 
 1.51239115E-26  6.16721676E-25  2.43301964E-23  5.04485514E-22  8.04862738E-21 
 9.27899746E-20  9.45781517E-19  ) >                                            
HE2N         6    ( > 
 4.19277894E-14  1.27515941E-13  3.38947740E-13  9.36147269E-13  2.54983600E-12 
 7.93398534E-12  2.41770418E-11  6.79270672E-11  1.48600333E-10  2.69235869E-10 
 3.96474929E-10  5.46220689E-10  7.05141508E-10  8.61295117E-10  9.74578915E-10 
 1.07164870E-09  1.11602420E-09  1.02375534E-09  7.88176410E-10  5.41121325E-10 
 2.59925396E-10  1.40211984E-10  8.05652755E-11  5.67666954E-11  4.29908149E-11 
 3.42473740E-11  2.63753871E-11  1.97499041E-11  1.35332879E-11  5.38754820E-12 
 8.56522924E-13  2.07168921E-14  1.99499757E-17  1.42501710E-21  4.00323217E-27 
 6.47236052E-32  3.43928193E-39  4.98687640E-47  3.51872469E-52  6.36961493E-55 
 4.30179350E-57  1.82191657E-58  2.20364507E-59  7.26451549E-60  6.82333881E-60 
 1.28283443E-59  5.97679628E-59  2.72884784E-58  3.07990699E-57  1.51816784E-56 
 8.40823083E-56  1.69161644E-54  8.83741588E-53  3.60294559E-51  7.79604903E-49 
 8.55049160E-48  7.23407820E-46  8.92839040E-44  5.29077140E-40  5.16932355E-38 
 8.86440165E-36  4.80895840E-34  7.00639954E-32  3.23184901E-30  1.63239177E-28 
 8.05763728E-27  3.39695068E-25  1.38583380E-23  2.95491603E-22  4.83674112E-21 
 5.70417199E-20  5.94101762E-19  ) >                                            
HE2N         7    ( > 
 5.50979906E-14  1.67114299E-13  4.42896354E-13  1.21926535E-12  3.30866653E-12 
 1.02457321E-11  3.10469293E-11  8.66664502E-11  1.88283692E-10  3.38790179E-10 
 4.96023940E-10  6.79242584E-10  8.71377785E-10  1.05801861E-09  1.19051424E-09 
 1.30195933E-09  1.34839520E-09  1.22807384E-09  9.38727148E-10  6.39394264E-10 
 3.03860056E-10  1.62357899E-10  9.23688163E-11  6.45317242E-11  4.84285938E-11 
 3.82198756E-11  2.90909956E-11  2.15192143E-11  1.45381895E-11  5.63770007E-12 
 8.67742214E-13  2.00374574E-14  1.78580751E-17  1.16422645E-21  2.93501556E-27 
 4.41695220E-32  2.17813111E-39  2.93042746E-47  1.95381012E-52  3.38566580E-55 
 2.20816012E-57  9.14324781E-59  1.09040533E-59  3.56044692E-60  3.33445721E-60 
 6.28030882E-60  2.94634768E-59  1.35828549E-58  1.54498288E-57  7.68705364E-57 
 4.31339428E-56  8.81356092E-55  4.70184641E-53  1.96916325E-51  4.36678247E-49 
 4.88473175E-48  4.23089710E-46  5.34628517E-44  3.34267218E-40  3.33583824E-38 
 5.88406156E-36  3.26659586E-34  4.89440389E-32  2.30664796E-30  1.19096569E-28 
 6.00861717E-27  2.58676704E-25  1.07744709E-23  2.33703528E-22  3.88561475E-21 
 4.64610366E-20  4.90276617E-19  ) >                                            
HE2N         8    ( > 
 7.03421225E-14  2.12972941E-13  5.63355191E-13  1.54760399E-12  4.18955126E-12 
 1.29330682E-11  3.90477576E-11  1.08544138E-10  2.34752960E-10  4.20518683E-10 
 6.13376866E-10  8.36647648E-10  1.06894296E-09  1.29288850E-09  1.44953685E-09 
 1.57961836E-09  1.63009665E-09  1.47774227E-09  1.12432938E-09  7.61884286E-10 
 3.59564155E-10  1.90937566E-10  1.07930816E-10  7.49882672E-11  5.59443138E-11 
 4.38839334E-11  3.31484560E-11  2.43272106E-11  1.62847756E-11  6.20835931E-12 
 9.35708836E-13  2.09664575E-14  1.77702154E-17  1.09180476E-21  2.56567472E-27 
 3.68555645E-32  1.73143878E-39  2.21896957E-47  1.42604404E-52  2.40206580E-55 
 1.53157584E-57  6.24945315E-59  7.38505420E-60  2.39650162E-60  2.24013560E-60 
 4.22413536E-60  1.99063335E-59  9.23467977E-59  1.05570972E-57  5.28459849E-57 
 2.99057123E-56  6.17245121E-55  3.33792681E-53  1.42256274E-51  3.20532409E-49 
 3.63168851E-48  3.19389243E-46  4.09807029E-44  2.65302271E-40  2.68423805E-38 
 4.82223316E-36  2.71748756E-34  4.14633711E-32  1.98152076E-30  1.03779453E-28 
 5.31064549E-27  2.31759295E-25  9.78426034E-24  2.14596741E-22  3.60431275E-21 
 4.34849492E-20  4.62786225E-19  ) >                                            
> LEID       MODEL LEID   5 L H        ITER 07-17   2014-Mar-24                 
NAK               ( > 
 5.16549021E-11  1.23097253E-10  2.37179159E-10  5.72500842E-10  1.54902593E-09 
 3.53368112E-09  9.24439862E-09  2.75681748E-08  1.46991542E-07  8.34420154E-07 
 6.00139689E-06  4.96242551E-05  6.85513977E-04  3.84605696E-03  2.12533883E-02 
 7.63858166E-02  2.03509446E-01  4.36210143E-01  8.76737143E-01  1.57389831E+00 
 2.66765880E+00  4.31908286E+00  7.17489631E+00  1.22266063E+01  2.20499652E+01 
 3.78204639E+01  5.99979118E+01  9.59146026E+01  2.81535104E+02  4.70002988E+02 
 7.94976602E+02  1.23563902E+03  2.14572590E+03  5.07470032E+03  1.24061383E+04 
 2.93497239E+04  9.59893020E+04  2.45290135E+05  8.05574386E+05  1.90064418E+06 
 3.94484175E+06  7.55745500E+06  1.65700236E+07  2.94219103E+07  3.86961570E+07 
 3.99084971E+07  4.44844507E+07  5.08620151E+07  5.66318738E+07  6.24254434E+07 
 6.96599129E+07  7.66683856E+07  8.19766449E+07  8.69117245E+07  8.65769928E+07 
 8.63631314E+07  8.57484443E+07  8.45835565E+07  8.18523211E+07  8.07391926E+07 
 7.85208040E+07  7.66680970E+07  7.44301695E+07  7.28540500E+07  7.14953250E+07 
 7.03072862E+07  6.93194852E+07  6.83573097E+07  6.75017481E+07  6.67202533E+07 
 6.58126520E+07  6.47795117E+07  ) >                                            
NAN          1    ( > 
 4.65796352E-29  2.79485490E-28  1.10322202E-27  7.17089594E-27  5.97273951E-26 
 3.41335847E-25  2.55785273E-24  2.42412068E-23  7.33350713E-22  2.64062095E-20 
 3.63754082E-18  2.48852779E-16  4.29437619E-14  1.40595645E-12  4.38421681E-11 
 5.96956224E-10  4.32239157E-09  2.03228510E-08  8.50839664E-08  2.86325592E-07 
 8.81838204E-07  2.45805363E-06  7.10654583E-06  2.10207287E-05  6.92131669E-05 
 2.13597411E-04  5.68062071E-04  1.38976790E-03  1.16108113E-03  1.10090135E-03 
 9.67404712E-04  4.55052427E-03  2.08682324E-02  7.76496055E-02  2.90310048E-01 
 1.54782465E+00  3.50992122E+00  8.42635010E+00  3.60487765E+01  9.60568896E+01 
 1.90378406E+02  3.35743868E+02  6.82734073E+02  1.21662332E+03  1.61047702E+03 
 1.70245328E+03  1.97219177E+03  2.34436917E+03  2.74185039E+03  3.15001746E+03 
 3.76755005E+03  4.37446631E+03  4.98548447E+03  6.06255998E+03  7.19570140E+03 
 7.95886461E+03  8.84794184E+03  9.88360868E+03  1.14914400E+04  1.16840821E+04 
 1.25404178E+04  1.29582733E+04  1.33418425E+04  1.36580245E+04  1.40921415E+04 
 1.45897184E+04  1.50969045E+04  1.55745156E+04  1.59095214E+04  1.61706374E+04 
 1.62731329E+04  1.62488243E+04  ) >                                            
NAN          2    ( > 
 6.25522430E-32  3.68590472E-31  1.42973754E-30  9.05765413E-30  7.34121126E-29 
 4.11258814E-28  3.02599592E-27  2.82823204E-26  8.43996788E-25  3.00832621E-23 
 4.11163655E-21  2.79524781E-19  4.80414442E-17  1.56881967E-15  4.87835593E-14 
 6.62585594E-13  4.78745278E-12  2.24599767E-11  9.37825169E-11  3.14698249E-10 
 9.66461579E-10  2.68707015E-09  7.75567403E-09  2.29099328E-08  7.53229850E-08 
 2.31985165E-07  6.14807652E-07  1.49845409E-06  1.24541827E-06  1.17478780E-06 
 1.02454468E-06  4.76752621E-06  2.14146719E-05  7.62435635E-05  2.73061292E-04 
 1.42497567E-03  3.28327380E-03  8.18553756E-03  3.92607164E-02  1.28698424E-01 
 3.18475268E-01  7.10783164E-01  1.96012606E+00  4.37600881E+00  6.90836051E+00 
 7.82731214E+00  9.54509476E+00  1.22647586E+01  1.52945058E+01  1.85857685E+01 
 2.43295174E+01  3.12666890E+01  4.11551093E+01  5.75332910E+01  7.41341470E+01 
 8.92054687E+01  1.10014512E+02  1.34894463E+02  2.04818771E+02  2.35535560E+02 
 2.87963948E+02  3.34855821E+02  4.00581513E+02  4.61003722E+02  5.34972480E+02 
 6.21475101E+02  7.17976028E+02  8.26016334E+02  9.23131345E+02  1.01848453E+03 
 1.10185791E+03  1.17841284E+03  ) >                                            
NAN          3    ( > 
 9.76182641E-32  5.72564660E-31  2.21126078E-30  1.39221187E-29  1.12132477E-28 
 6.25435025E-28  4.58447837E-27  4.27308028E-26  1.27187338E-24  4.52505125E-23 
 6.17621966E-21  4.19430993E-19  7.20386797E-17  2.35148083E-15  7.30888984E-14 
 9.92313726E-13  7.16777469E-12  3.36170064E-11  1.40326617E-10  4.70755890E-10 
 1.44549152E-09  4.01902197E-09  1.16042345E-08  3.43028208E-08  1.12917649E-07 
 3.48359162E-07  9.24928993E-07  2.25957994E-06  1.87676300E-06  1.77696960E-06 
 1.56227586E-06  7.37501489E-06  3.41850355E-05  1.30473257E-04  5.00619356E-04 
 2.74529462E-03  6.46834017E-03  1.62251673E-02  7.80359762E-02  2.55985329E-01 
 6.33526138E-01  1.41390110E+00  3.89900732E+00  8.70469864E+00  1.37423587E+01 
 1.55707737E+01  1.89885117E+01  2.43998784E+01  3.04287279E+01  3.69783307E+01 
 4.84096645E+01  6.22177249E+01  8.19038673E+01  1.14515521E+02  1.47577295E+02 
 1.77597902E+02  2.19053424E+02  2.68626003E+02  4.07986975E+02  4.69225286E+02 
 5.73756406E+02  6.67267495E+02  7.98356675E+02  9.18881516E+02  1.06644073E+03 
 1.23902180E+03  1.43157149E+03  1.64717281E+03  1.84099726E+03  2.03132674E+03 
 2.19777107E+03  2.35062974E+03  ) >                                            
NAN          4    ( > 
 2.83273463E-33  1.67446847E-32  6.51573634E-32  4.14800903E-31  3.38043847E-30 
 1.90172805E-29  1.40491567E-28  1.31725195E-27  3.94350867E-26  1.40903719E-24 
 1.92951620E-22  1.31379784E-20  2.26030187E-18  7.38592831E-17  2.29836035E-15 
 3.12366939E-14  2.25826203E-13  1.06008154E-12  4.42974590E-12  1.48770575E-11 
 4.57296163E-11  1.27256701E-10  3.67593317E-10  1.08684577E-09  3.57799565E-09 
 1.10400316E-08  2.93266154E-08  7.16590326E-08  5.95570897E-08  5.63386070E-08 
 4.93963240E-08  2.31927586E-07  1.06133561E-06  3.93071832E-06  1.45618944E-05 
 7.62200468E-05  1.66419987E-04  3.87171386E-04  1.71288849E-03  5.40487004E-03 
 1.33261072E-02  3.02567743E-02  8.81185735E-02  2.11505821E-01  3.62964530E-01 
 4.27896604E-01  5.38565353E-01  7.28310349E-01  9.48593547E-01  1.19779960E+00 
 1.66673937E+00  2.29010158E+00  3.29548297E+00  4.97594650E+00  6.68178066E+00 
 8.40773515E+00  1.09623060E+01  1.41313410E+01  2.49826776E+01  3.08192877E+01 
 4.04963536E+01  5.02314680E+01  6.51643901E+01  7.97152017E+01  9.82831867E+01 
 1.21185126E+02  1.48218153E+02  1.80425013E+02  2.11242554E+02  2.43173369E+02 
 2.73125005E+02  3.02675175E+02  ) >                                            
NAN          5    ( > 
 1.77881565E-33  1.04218171E-32  4.02059201E-32  2.52730414E-31  2.03201922E-30 
 1.13191759E-29  8.28697891E-29  7.71685617E-28  2.29475567E-26  8.15847205E-25 
 1.11292978E-22  7.55459462E-21  1.29715299E-18  4.23343155E-17  1.31567001E-15 
 1.78637403E-14  1.29087910E-13  6.05959590E-13  2.53401079E-12  8.52598988E-12 
 2.63067287E-11  7.36515823E-11  2.14888301E-10  6.44066977E-10  2.15792624E-09 
 6.77106223E-09  1.81945809E-08  4.47832936E-08  3.60116280E-08  3.35223308E-08 
 2.90162200E-08  1.40345097E-07  6.60076461E-07  2.49270142E-06  9.46099471E-06 
 5.21193429E-05  1.26535957E-04  3.27759363E-04  1.61813520E-03  5.32942288E-03 
 1.32368106E-02  3.00563215E-02  8.77891181E-02  2.12526805E-01  3.69090108E-01 
 4.37907118E-01  5.54281712E-01  7.56541310E-01  9.93991856E-01  1.26544079E+00 
 1.78587939E+00  2.49457781E+00  3.67903704E+00  5.70528593E+00  7.80010938E+00 
 9.99006550E+00  1.33150053E+01  1.75151736E+01  3.28566945E+01  4.16904792E+01 
 5.63544301E+01  7.17094117E+01  9.61000810E+01  1.20372158E+02  1.51970998E+02 
 1.91805349E+02  2.39886303E+02  2.98534121E+02  3.55947233E+02  4.16615775E+02 
 4.74840294E+02  5.33585591E+02  ) >                                            
NAN          6    ( > 
 1.49990131E-33  8.82739888E-33  3.42007942E-32  2.16300347E-31  1.74999595E-30 
 9.79101783E-30  7.19579439E-29  6.71966653E-28  2.00357605E-26  7.13704180E-25 
 9.74991421E-23  6.62582479E-21  1.13848718E-18  3.71716118E-17  1.15558922E-15 
 1.56887901E-14  1.13273602E-13  5.30732179E-13  2.21083916E-12  7.39136111E-12 
 2.25667457E-11  6.22255014E-11  1.77393417E-10  5.15372895E-10  1.65792662E-09 
 4.99799359E-09  1.30408913E-08  3.14788207E-08  2.72801323E-08  2.63021108E-08 
 2.34078948E-08  1.05802179E-07  4.67938378E-07  1.71280185E-06  6.38530270E-06 
 3.48569932E-05  8.44754492E-05  2.18628986E-04  1.07889563E-03  3.55291430E-03 
 8.82402272E-03  2.00358790E-02  5.85203380E-02  1.41669976E-01  2.46034384E-01 
 2.91907598E-01  3.69482671E-01  5.04308609E-01  6.62593038E-01  8.43540978E-01 
 1.19046617E+00  1.66288653E+00  2.45245276E+00  3.80316502E+00  5.19959561E+00 
 6.65944601E+00  8.87589540E+00  1.16757922E+01  2.19027288E+01  2.77915124E+01 
 3.75668386E+01  4.78028494E+01  6.40623143E+01  8.02427623E+01  1.01307483E+02 
 1.27862297E+02  1.59914622E+02  1.99011252E+02  2.37284867E+02  2.77728744E+02 
 3.16543430E+02  3.55705367E+02  ) >                                            
NAN          7    ( > 
 1.50579228E-33  8.99855240E-33  3.53838689E-32  2.28720230E-31  1.89407742E-30 
 1.07797257E-29  8.04784858E-29  7.60576038E-28  2.29466181E-26  8.24599820E-25 
 1.13417293E-22  7.74967814E-21  1.33629235E-18  4.37279278E-17  1.36284222E-15 
 1.85476189E-14  1.34243556E-13  6.30909453E-13  2.63998046E-12  8.87882177E-12 
 2.73277729E-11  7.61240499E-11  2.19947377E-10  6.50084988E-10  2.13776283E-09 
 6.58408295E-09  1.74613452E-08  4.25913528E-08  3.57172373E-08  3.38441105E-08 
 2.96771167E-08  1.38916272E-07  6.31424205E-07  2.30968897E-06  8.39121049E-06 
 4.18503600E-05  8.12774249E-05  1.61956757E-04  5.64449851E-04  1.49091648E-03 
 3.37061861E-03  7.31524084E-03  2.08697366E-02  5.02560878E-02  8.72193127E-02 
 1.03596275E-01  1.31340386E-01  1.79678464E-01  2.36707895E-01  3.02125682E-01 
 4.28310334E-01  6.01176905E-01  8.92866631E-01  1.39770887E+00  1.92668206E+00 
 2.48397767E+00  3.33692914E+00  4.42452165E+00  8.45201238E+00  1.08016159E+01 
 1.47414028E+01  1.89052667E+01  2.55761724E+01  3.22689313E+01  4.10428450E+01 
 5.21843331E+01  6.57288438E+01  8.23734478E+01  9.87843099E+01  1.16232685E+02 
 1.33094867E+02  1.50222845E+02  ) >                                            
NAN          8    ( > 
 2.91354889E-33  1.73990755E-32  6.83694187E-32  4.41486901E-31  3.65198837E-30 
 2.07672676E-29  1.54922691E-28  1.46324679E-27  4.41197856E-26  1.58475220E-24 
 2.17893223E-22  1.48841394E-20  2.56602446E-18  8.39589633E-17  2.61636759E-15 
 3.56037163E-14  2.57672467E-13  1.21092070E-12  5.06678389E-12  1.70407697E-11 
 5.24544805E-11  1.46153054E-10  4.22519516E-10  1.25005848E-09  4.11834944E-09 
 1.27204316E-08  3.38486698E-08  8.28454936E-08  6.89416502E-08  6.52935634E-08 
 5.73308311E-08  2.69696682E-07  1.23618826E-06  4.56946302E-06  1.67219921E-05 
 8.37262686E-05  1.62783498E-04  3.24260743E-04  1.12889986E-03  2.97889321E-03 
 6.73126602E-03  1.46052069E-02  4.16619435E-02  1.00322551E-01  1.74108885E-01 
 2.06802162E-01  2.62188184E-01  3.58687577E-01  4.72540971E-01  6.03143296E-01 
 8.55071025E-01  1.20021061E+00  1.78261890E+00  2.79068648E+00  3.84701537E+00 
 4.95994967E+00  6.66339156E+00  8.83554902E+00  1.68799323E+01  2.15732984E+01 
 2.94435058E+01  3.77617620E+01  5.10890309E+01  6.44605557E+01  8.19907071E+01 
 1.04252129E+02  1.31316013E+02  1.64575688E+02  1.97369577E+02  2.32237907E+02 
 2.65936081E+02  3.00166690E+02  ) >                                            
