> from Overall Iteration 11 of 11                                Pandora 78.018
> Run Data:    72    5    3  0  0  HE   1   2014-Mar-24 17:14:46    56740.71859
> LEID       MODEL LEID   13 L He      ITER 99-09   2014-Mar-24                 
> -------.---------.---------.---------.---------.---------.---------.---------.
N (  72 ) > 
Z                 ( > 
-1.34498000E+07 -1.21944000E+07 -1.12022000E+07 -1.02707000E+07 -9.37975000E+06 
-8.42803000E+06 -7.51697000E+06 -6.61782000E+06 -5.83930000E+06 -5.12657000E+06 
-4.60024000E+06 -4.09435050E+06 -3.63687425E+06 -3.24977900E+06 -2.92602650E+06 
-2.64516100E+06 -2.38700375E+06 -2.12435750E+06 -1.93793938E+06 -1.77342962E+06 
-1.65317400E+06 -1.56464938E+06 -1.49935950E+06 -1.45315425E+06 -1.40835625E+06 
-1.36888500E+06 -1.32489688E+06 -1.28316725E+06 -1.24143762E+06 -1.17600188E+06 
-1.11081900E+06 -1.03895056E+06 -9.50368688E+05 -8.73719375E+05 -7.53134125E+05 
-6.45131875E+05 -5.34926062E+05 -4.39226438E+05 -3.58032750E+05 -2.89285000E+05 
-2.28503000E+05 -1.89761938E+05 -1.53873234E+05 -1.20708102E+05 -8.90504766E+04 
-6.69403828E+04 -4.78453047E+04 -3.62877578E+04 -2.96164629E+04 -2.41961484E+04 
-1.77903223E+04 -1.18772637E+04 -6.94971484E+03 -2.19222998E+03 -8.38047974E+02 
 3.45502014E+02  1.58172998E+03  2.50011011E+03  4.80000000E+03  5.80000000E+03 
 6.60000000E+03  7.30000000E+03  8.29053027E+03  9.32879980E+03  1.08495000E+04 
 1.28045996E+04  1.51942002E+04  1.80183008E+04  2.06975996E+04  2.35940996E+04 
 2.62733008E+04  2.90250000E+04  ) >                                            
TE                ( > 
 1.32412000E+05  1.22873000E+05  1.14001000E+05  1.05571000E+05  9.73640000E+04 
 8.84590000E+04  7.99340000E+04  7.19440000E+04  6.49690000E+04  5.92620000E+04 
 5.51960000E+04  5.14970000E+04  4.81520000E+04  4.54070000E+04  4.30320000E+04 
 4.10490000E+04  3.92260000E+04  3.72280000E+04  3.55840000E+04  3.38660000E+04 
 3.21850000E+04  3.09470000E+04  3.01210000E+04  2.95150000E+04  2.88920000E+04 
 2.80760000E+04  2.71670000E+04  2.64580000E+04  2.57490000E+04  2.39980000E+04 
 2.09300000E+04  1.75480000E+04  1.34210000E+04  1.01960000E+04  7.92300000E+03 
 6.85900000E+03  6.10900000E+03  5.54400000E+03  5.19000000E+03  4.94800000E+03 
 4.77100000E+03  4.66300000E+03  4.59800000E+03  4.55500000E+03  4.54200000E+03 
 4.55000000E+03  4.58100000E+03  4.62500000E+03  4.66100000E+03  4.70500000E+03 
 4.76800000E+03  4.84500000E+03  4.95300000E+03  5.09900000E+03  5.24000000E+03 
 5.35900000E+03  5.50800000E+03  5.66600000E+03  6.06200000E+03  6.23400000E+03 
 6.47900000E+03  6.69400000E+03  6.97500000E+03  7.20700000E+03  7.46100000E+03 
 7.73200000E+03  8.01100000E+03  8.30800000E+03  8.57000000E+03  8.82400000E+03 
 9.06100000E+03  9.29800000E+03  ) >                                            
> LEID       MODEL LEID   13 L He      ITER 99-09   2014-Mar-24                 
NE                ( > 
 1.32696064E+04  2.26537910E+04  3.61254938E+04  5.80537944E+04  9.50693868E+04 
 1.69649871E+05  3.14252041E+05  6.18880862E+05  1.19911512E+06  2.32694513E+06 
 3.95808942E+06  6.81886652E+06  1.15594658E+07  1.85867561E+07  2.83255620E+07 
 4.15961008E+07  6.01454254E+07  8.95349449E+07  1.21232933E+08  1.61731638E+08 
 2.04654392E+08  2.45505286E+08  2.81583458E+08  3.11408613E+08  3.44584139E+08 
 3.81446491E+08  4.28263034E+08  4.77675277E+08  5.34971860E+08  6.61765811E+08 
 8.84547830E+08  1.27942862E+09  2.14108711E+09  3.84452925E+09  9.56894752E+09 
 2.14964511E+10  2.04047027E+10  1.48317826E+10  1.19586263E+10  1.30598564E+10 
 1.58091345E+10  1.82092628E+10  2.27984234E+10  2.97086138E+10  4.16532012E+10 
 5.64736311E+10  8.00787089E+10  1.07022546E+11  1.31084627E+11  1.61908180E+11 
 2.15442030E+11  2.97281642E+11  4.42615248E+11  7.31589476E+11  1.10098767E+12 
 1.54314184E+12  2.31092240E+12  3.45041681E+12  8.84854840E+12  1.28943888E+13 
 2.10500076E+13  3.15105498E+13  5.15545887E+13  7.53069160E+13  1.11175946E+14 
 1.63961992E+14  2.38228511E+14  3.44832967E+14  4.67234351E+14  6.15953148E+14 
 7.83694967E+14  9.82009475E+14  ) >                                            
> LEID       MODEL LEID   13 L He      ITER 99-09   2014-Mar-24                 
ZME               ( > 
 1.11121707E-04  1.11121707E-04  1.11121707E-04  1.11121707E-04  1.11121707E-04 
 1.11121707E-04  1.11121707E-04  1.11121707E-04  1.11121707E-04  1.11121707E-04 
 1.11121707E-04  1.11121707E-04  1.11121707E-04  1.11121707E-04  1.11121707E-04 
 1.11121707E-04  1.11121706E-04  1.11121701E-04  1.11121695E-04  1.11121673E-04 
 1.11121595E-04  1.11121406E-04  1.11121086E-04  1.11120625E-04  1.11119757E-04 
 1.11117479E-04  1.11111182E-04  1.11099053E-04  1.11071044E-04  1.10717975E-04 
 1.00229387E-04  9.35438507E-05  7.85200929E-05  6.94499299E-05  6.42273853E-05 
 5.26943515E-05  1.43199108E-05  3.43493511E-06  2.16725877E-06  1.86117086E-06 
 1.72820909E-06  1.66638216E-06  1.63201755E-06  1.61301931E-06  1.59594454E-06 
 1.58192123E-06  1.56661607E-06  1.55904384E-06  1.55639375E-06  1.55569548E-06 
 1.55499797E-06  1.55574602E-06  1.55994051E-06  1.56602959E-06  1.57816665E-06 
 1.59024960E-06  1.60619184E-06  1.62588739E-06  1.67057053E-06  1.71000565E-06 
 1.77036396E-06  1.84436379E-06  1.98399725E-06  2.14951035E-06  2.39976960E-06 
 2.76963103E-06  3.29140506E-06  4.04683250E-06  4.92588798E-06  6.00438980E-06 
 7.25156717E-06  8.76121924E-06  ) >                                            
NC                ( > 
 2.51184173E+04  4.29556134E+04  6.86210646E+04  1.10517913E+05  1.81546929E+05 
 3.25724633E+05  6.08629257E+05  1.21256191E+06  2.37387216E+06  4.63355891E+06 
 7.89976379E+06  1.36253081E+07  2.31096938E+07  3.71664981E+07  5.66457974E+07 
 8.31881713E+07  1.20287838E+08  1.79067911E+08  2.42464604E+08  3.23462507E+08 
 4.09308341E+08  4.91010286E+08  5.63166718E+08  6.22817077E+08  6.89168168E+08 
 7.62892901E+08  8.56526014E+08  9.55350519E+08  1.06994370E+09  1.32353162E+09 
 1.76909566E+09  2.55885724E+09  4.28217422E+09  7.68905850E+09  1.91378950E+10 
 4.29929023E+10  4.08094055E+10  2.96635652E+10  2.39172526E+10  2.61197128E+10 
 3.16182690E+10  3.64185256E+10  4.55968467E+10  5.94172276E+10  8.33064024E+10 
 1.12947262E+11  1.60157418E+11  2.14045092E+11  2.62169254E+11  3.23816359E+11 
 4.30884061E+11  5.94563284E+11  8.85230495E+11  1.46317895E+12  2.20197534E+12 
 3.08628367E+12  4.62184481E+12  6.90083362E+12  1.76970968E+13  2.57887775E+13 
 4.21000151E+13  6.30210997E+13  1.03109177E+14  1.50613832E+14  2.22351892E+14 
 3.27923983E+14  4.76457021E+14  6.89665934E+14  9.34468703E+14  1.23190630E+15 
 1.56738993E+15  1.96401895E+15  ) >                                            
[ CENSUS data start ] > 
> LEID       MODEL LEID   13 L He      ITER 99-09   2014-Mar-24                 
HE            1   72
Z                 ( > 
-1.34498000E+07 -1.21944000E+07 -1.12022000E+07 -1.02707000E+07 -9.37975000E+06 
-8.42803000E+06 -7.51697000E+06 -6.61782000E+06 -5.83930000E+06 -5.12657000E+06 
-4.60024000E+06 -4.09435050E+06 -3.63687425E+06 -3.24977900E+06 -2.92602650E+06 
-2.64516100E+06 -2.38700375E+06 -2.12435750E+06 -1.93793938E+06 -1.77342962E+06 
-1.65317400E+06 -1.56464938E+06 -1.49935950E+06 -1.45315425E+06 -1.40835625E+06 
-1.36888500E+06 -1.32489688E+06 -1.28316725E+06 -1.24143762E+06 -1.17600188E+06 
-1.11081900E+06 -1.03895056E+06 -9.50368688E+05 -8.73719375E+05 -7.53134125E+05 
-6.45131875E+05 -5.34926062E+05 -4.39226438E+05 -3.58032750E+05 -2.89285000E+05 
-2.28503000E+05 -1.89761938E+05 -1.53873234E+05 -1.20708102E+05 -8.90504766E+04 
-6.69403828E+04 -4.78453047E+04 -3.62877578E+04 -2.96164629E+04 -2.41961484E+04 
-1.77903223E+04 -1.18772637E+04 -6.94971484E+03 -2.19222998E+03 -8.38047974E+02 
 3.45502014E+02  1.58172998E+03  2.50011011E+03  4.80000000E+03  5.80000000E+03 
 6.60000000E+03  7.30000000E+03  8.29053027E+03  9.32879980E+03  1.08495000E+04 
 1.28045996E+04  1.51942002E+04  1.80183008E+04  2.06975996E+04  2.35940996E+04 
 2.62733008E+04  2.90250000E+04  ) >                                            
FLVSL             ( > 
-6.59212295E+00 -6.24688093E+00 -5.92974307E+00 -5.60742671E+00 -5.27160343E+00 
-4.88643077E+00 -4.50647859E+00 -4.15784103E+00 -3.88176912E+00 -3.64908560E+00 
-3.47137908E+00 -3.28684495E+00 -3.10279441E+00 -2.93391136E+00 -2.77868393E+00 
-2.63668363E+00 -2.49854670E+00 -2.34319590E+00 -2.21511184E+00 -2.08128221E+00 
-1.95443940E+00 -1.85808305E+00 -1.79114919E+00 -1.74279329E+00 -1.69340906E+00 
-1.63347352E+00 -1.56688365E+00 -1.51193351E+00 -1.45582591E+00 -1.32286161E+00 
-1.10358128E+00 -7.78697357E-01 -8.08792162E-02 -5.51648784E-04 -4.60670087E-07 
-5.05793723E-09 -5.71441652E-11 -8.25464311E-13 -3.12442099E-14 -2.50725141E-15 
-2.89298240E-16 -1.44649120E-16  0.00000000E+00  0.00000000E+00  0.00000000E+00 
 0.00000000E+00  0.00000000E+00  0.00000000E+00  0.00000000E+00  0.00000000E+00 
 0.00000000E+00 -9.64327467E-17 -9.64327467E-17 -3.85730987E-16 -1.20540933E-15 
-2.89298240E-15 -7.95570160E-15 -2.05883914E-14 -1.42514099E-11 -2.04577250E-12 
-7.19658302E-12 -2.07340531E-11 -7.57593980E-11 -2.05175857E-10 -5.67670554E-10 
-1.55984838E-09 -4.11269707E-09 -1.07659828E-08 -2.38659762E-08 -4.94606999E-08 
-9.44673906E-08 -1.75253700E-07  ) >                                            
FIONL             ( > 
-1.78443132E+00 -1.60210842E+00 -1.41023886E+00 -1.20575837E+00 -9.81806515E-01 
-7.15338560E-01 -4.53064972E-01 -2.38683844E-01 -1.04709792E-01 -4.30564663E-02 
-2.03933567E-02 -9.35841565E-03 -4.41545669E-03 -2.42438899E-03 -1.69224686E-03 
-1.49198869E-03 -1.63388358E-03 -2.08701190E-03 -2.70699238E-03 -3.64040246E-03 
-4.86082578E-03 -6.06911411E-03 -7.08545344E-03 -7.92614229E-03 -8.88949502E-03 
-1.02198876E-02 -1.19363830E-02 -1.35714817E-02 -1.54766624E-02 -2.11572361E-02 
-3.56368787E-02 -7.90721071E-02 -7.69759573E-01 -2.89639744E+00 -5.97439453E+00 
-7.93381087E+00 -9.88081239E+00 -1.17210650E+01 -1.31433066E+01 -1.42332373E+01 
-1.51302478E+01 -1.57212001E+01 -1.61407207E+01 -1.64732754E+01 -1.66892312E+01 
-1.67629380E+01 -1.67009985E+01 -1.66933814E+01 -1.65379753E+01 -1.63676502E+01 
-1.61731354E+01 -1.58633153E+01 -1.55164180E+01 -1.50164603E+01 -1.45570353E+01 
-1.41731232E+01 -1.37412422E+01 -1.33227963E+01 -1.04839225E+01 -1.13268896E+01 
-1.07806533E+01 -1.03210971E+01 -9.75834847E+00 -9.32565825E+00 -8.88368794E+00 
-8.44470188E+00 -8.02365758E+00 -7.60573063E+00 -7.26000512E+00 -6.94352408E+00 
-6.66250244E+00 -6.39411720E+00  ) >                                            
[ CENSUS data end ] > 
[ KURUCZ - b data start ] > 
> LEID       MODEL LEID   13 L He      ITER 99-09   2014-Mar-24                 
HE1            1        72
 6.32299232E+13  4.07531804E+13  2.54336268E+13  1.51473967E+13  8.43892666E+12 
 4.00685898E+12  1.72688083E+12  6.86001406E+11  2.75246579E+11  1.19993148E+11 
 6.35450881E+10  3.41838047E+10  1.87371020E+10  1.09505159E+10  6.68741855E+09 
 4.26841288E+09  2.74430867E+09  1.65103368E+09  1.07533714E+09  6.79429151E+08 
 4.30135361E+08  2.96807501E+08  2.25627189E+08  1.82436571E+08  1.45551826E+08 
 1.08833067E+08  7.68409533E+07  5.69159023E+07  4.14307966E+07  1.84666877E+07 
 3.37065723E+06  3.01482157E+05  1.98090607E+04  1.40802101E+03  1.50764777E+02 
 1.83994355E+01  8.70617261E+00  6.12462083E+00  5.42601273E+00  3.86080621E+00 
 2.80148383E+00  2.29170535E+00  1.98175180E+00  1.79454968E+00  1.75136906E+00 
 1.71406883E+00  1.61896329E+00  2.18458182E+00  2.03229163E+00  1.99904291E+00 
 2.18319694E+00  2.05651036E+00  2.32125924E+00  2.41651609E+00  2.61999771E+00 
 2.67792763E+00  2.91242101E+00  3.29488995E+00  5.53874975E-02  1.01244979E+00 
 1.05550174E+00  1.05824391E+00  1.04950541E+00  1.04051159E+00  1.03352878E+00 
 1.02866662E+00  1.02453421E+00  1.02086131E+00  1.01806153E+00  1.01565027E+00 
 1.01367499E+00  1.01190422E+00  ) >                                            
HE1            2        72
 7.04272549E+06  6.91558058E+06  6.50723301E+06  5.99741667E+06  5.43761788E+06 
 4.81059669E+06  4.08022023E+06  3.38521293E+06  2.78344573E+06  2.38552693E+06 
 2.13322221E+06  1.92462254E+06  1.74772833E+06  1.61332880E+06  1.48203655E+06 
 1.37648030E+06  1.26413074E+06  1.12326172E+06  9.91614343E+05  8.46608047E+05 
 6.96649205E+05  5.92472284E+05  5.23306072E+05  4.74570373E+05  4.28040955E+05 
 3.73690613E+05  3.17564029E+05  2.77807613E+05  2.41333475E+05  1.65228527E+05 
 7.43662634E+04  2.40208298E+04  4.91446095E+03  8.84878248E+02  1.45180062E+02 
 4.21215921E+01  1.71535411E+01  7.14487516E+00  4.19950574E+00  2.37155871E+00 
 1.46574659E+00  9.85503142E-01  7.58557598E-01  6.04952604E-01  4.83316587E-01 
 4.13314158E-01  3.73836959E-01  2.30610548E-01  1.83869258E-01  1.38185577E-01 
 1.11708862E-01  9.51401105E-02  1.26854542E-01  1.08312485E-01  2.65965747E-01 
 3.89134033E-01  6.95975823E-01  1.14409390E+00  1.80937867E+00  1.05163556E+00 
 1.06371875E+00  1.06450471E+00  1.05519252E+00  1.04598983E+00  1.03858433E+00 
 1.03333078E+00  1.02868757E+00  1.02442255E+00  1.02112432E+00  1.01825500E+00 
 1.01590054E+00  1.01379264E+00  ) >                                            
HE1            3        72
 1.55507688E+04  1.19724825E+04  9.05237977E+03  6.90051315E+03  4.97168439E+03 
 3.57074741E+03  2.49055063E+03  1.76369526E+03  1.29005787E+03  1.04949399E+03 
 9.20234386E+02  8.43521435E+02  7.90966461E+02  7.63955745E+02  7.38876635E+02 
 7.32738913E+02  7.31394428E+02  7.29351553E+02  7.25996678E+02  7.18225375E+02 
 6.99426241E+02  6.85074928E+02  6.70948489E+02  6.52267616E+02  6.30618065E+02 
 5.92469460E+02  5.46945802E+02  5.06095428E+02  4.69003052E+02  3.69244042E+02 
 2.30986661E+02  1.39118709E+02  5.48917127E+01  1.76649997E+01  7.96012535E+00 
 6.29968407E+00  4.39595249E+00  3.23787287E+00  2.42744681E+00  2.59545268E+00 
 2.03459755E+00  2.15332337E+00  1.89070741E+00  1.91696601E+00  1.85527837E+00 
 1.71794760E+00  2.11278192E+00  2.11365945E+00  2.12305951E+00  2.19558341E+00 
 2.27061999E+00  2.18015844E+00  2.14172033E+00  2.13615898E+00  2.26874754E+00 
 2.08736286E+00  2.15449387E+00  2.07734455E+00  1.93523309E+00  1.05302974E+00 
 1.05946455E+00  1.06019703E+00  1.05260737E+00  1.04463199E+00  1.03792570E+00 
 1.03294090E+00  1.02844526E+00  1.02426606E+00  1.02101351E+00  1.01817408E+00 
 1.01583760E+00  1.01374316E+00  ) >                                            
HE1            4        72
 2.26208691E+05  2.25083851E+05  2.14527031E+05  2.00424472E+05  1.84434375E+05 
 1.66203146E+05  1.43921120E+05  1.22215208E+05  1.02931747E+05  9.02257653E+04 
 8.22337261E+04  7.57773883E+04  7.03123919E+04  6.61557783E+04  6.19015579E+04 
 5.85407633E+04  5.47363509E+04  4.97419453E+04  4.48538082E+04  3.93092233E+04 
 3.32326422E+04  2.89228254E+04  2.60138667E+04  2.39498687E+04  2.19346421E+04 
 1.95127692E+04  1.69631161E+04  1.51543434E+04  1.34599348E+04  9.71193271E+03 
 4.82066664E+03  1.80208479E+03  4.81939185E+02  1.19576254E+02  2.84842925E+01 
 1.07116866E+01  5.53352552E+00  2.88791591E+00  2.00612349E+00  1.29771495E+00 
 8.78849040E-01  6.32188438E-01  5.19423760E-01  4.26475217E-01  3.57063044E-01 
 3.22630966E-01  3.07399138E-01  1.96324970E-01  1.60452859E-01  1.23221926E-01 
 1.02236010E-01  8.99597471E-02  1.20885534E-01  1.04524945E-01  2.56296702E-01 
 3.76159719E-01  6.74877954E-01  1.11245048E+00  1.76480735E+00  1.04153068E+00 
 1.05030639E+00  1.05385438E+00  1.04997344E+00  1.04365658E+00  1.03767634E+00 
 1.03286892E+00  1.02844062E+00  1.02428301E+00  1.02103571E+00  1.01819806E+00 
 1.01586023E+00  1.01376470E+00  ) >                                            
HE1            5        72
 1.91633823E+03  1.38215630E+03  9.68124399E+02  6.75469684E+02  4.41382338E+02 
 2.69227306E+02  1.52478470E+02  8.49498042E+01  4.86101003E+01  3.24068849E+01 
 2.43045861E+01  2.12945856E+01  2.08662258E+01  2.27477406E+01  2.56393921E+01 
 3.04260387E+01  3.68690743E+01  4.62430314E+01  5.57358094E+01  6.61743499E+01 
 7.58457748E+01  8.25269874E+01  8.67321683E+01  8.82191352E+01  8.88579000E+01 
 8.69966607E+01  8.38016395E+01  7.97960611E+01  7.60862326E+01  6.35762367E+01 
 4.39792256E+01  2.95222886E+01  1.34444723E+01  5.05145467E+00  2.74667945E+00 
 2.53646582E+00  2.05669553E+00  1.61645671E+00  1.26808419E+00  1.41633314E+00 
 1.17847275E+00  1.28977611E+00  1.17345906E+00  1.22304944E+00  1.22008259E+00 
 1.16439149E+00  1.48487061E+00  1.53216643E+00  1.58498702E+00  1.69366163E+00 
 1.80551857E+00  1.78834981E+00  1.81167951E+00  1.86246810E+00  2.03193048E+00 
 1.93385935E+00  2.05263357E+00  2.04345398E+00  1.96019362E+00  1.04034228E+00 
 1.05112499E+00  1.05568041E+00  1.05105838E+00  1.04397978E+00  1.03762435E+00 
 1.03277272E+00  1.02834638E+00  1.02420616E+00  1.02097345E+00  1.01814617E+00 
 1.01581681E+00  1.01372735E+00  ) >                                            
[ KURUCZ - b data end ] > 
[ COOLING RATES data start ] > 
> LEID       MODEL LEID   13 L He      ITER 99-09   2014-Mar-24                 
N (  72 )  KOOLSUM (   0 ) > 
NE                ( > 
 1.32696064E+04  2.26537910E+04  3.61254938E+04  5.80537944E+04  9.50693868E+04 
 1.69649871E+05  3.14252041E+05  6.18880862E+05  1.19911512E+06  2.32694513E+06 
 3.95808942E+06  6.81886652E+06  1.15594658E+07  1.85867561E+07  2.83255620E+07 
 4.15961008E+07  6.01454254E+07  8.95349449E+07  1.21232933E+08  1.61731638E+08 
 2.04654392E+08  2.45505286E+08  2.81583458E+08  3.11408613E+08  3.44584139E+08 
 3.81446491E+08  4.28263034E+08  4.77675277E+08  5.34971860E+08  6.61765811E+08 
 8.84547830E+08  1.27942862E+09  2.14108711E+09  3.84452925E+09  9.56894752E+09 
 2.14964511E+10  2.04047027E+10  1.48317826E+10  1.19586263E+10  1.30598564E+10 
 1.58091345E+10  1.82092628E+10  2.27984234E+10  2.97086138E+10  4.16532012E+10 
 5.64736311E+10  8.00787089E+10  1.07022546E+11  1.31084627E+11  1.61908180E+11 
 2.15442030E+11  2.97281642E+11  4.42615248E+11  7.31589476E+11  1.10098767E+12 
 1.54314184E+12  2.31092240E+12  3.45041681E+12  8.84854840E+12  1.28943888E+13 
 2.10500076E+13  3.15105498E+13  5.15545887E+13  7.53069160E+13  1.11175946E+14 
 1.63961992E+14  2.38228511E+14  3.44832967E+14  4.67234351E+14  6.15953148E+14 
 7.83694967E+14  9.82009475E+14  ) >                                            
NH                ( > 
 1.03979574E+04  1.78731544E+04  2.86778148E+04  4.63955837E+04  7.65805776E+04 
 1.38210114E+05  2.59933662E+05  5.21215223E+05  1.02524320E+06  2.00702627E+06 
 3.42686423E+06  5.92314370E+06  1.00573926E+07  1.61762336E+07  2.46724751E+07 
 3.62028391E+07  5.23692385E+07  7.79834647E+07  1.05592918E+08  1.40881739E+08 
 1.78197084E+08  2.13668241E+08  2.44826790E+08  2.70542462E+08  2.99156743E+08 
 3.30927512E+08  3.71963694E+08  4.15191262E+08  4.65929574E+08  5.82808787E+08 
 7.99177158E+08  1.18626180E+09  2.13376428E+09  4.18225765E+09  1.32370777E+10 
 4.80593112E+10  2.89012591E+11  1.65866640E+12  8.04980500E+12  3.27560896E+13 
 1.18505283E+14  2.75529290E+14  6.06102717E+14  1.26219455E+15  2.53765322E+15 
 4.11823516E+15  6.21285589E+15  7.90884633E+15  9.05923082E+15  1.00747523E+16 
 1.13798846E+16  1.26636436E+16  1.36972427E+16  1.46246708E+16  1.46076343E+16 
 1.46047738E+16  1.45354707E+16  1.43628258E+16  1.39559784E+16  1.37895188E+16 
 1.34286058E+16  1.31265972E+16  1.27633992E+16  1.25130401E+16  1.23074847E+16 
 1.21373596E+16  1.20075154E+16  1.18878257E+16  1.17830016E+16  1.16934331E+16 
 1.15779407E+16  1.14410032E+16  ) >                                            
TE                ( > 
 1.32412000E+05  1.22873000E+05  1.14001000E+05  1.05571000E+05  9.73640000E+04 
 8.84590000E+04  7.99340000E+04  7.19440000E+04  6.49690000E+04  5.92620000E+04 
 5.51960000E+04  5.14970000E+04  4.81520000E+04  4.54070000E+04  4.30320000E+04 
 4.10490000E+04  3.92260000E+04  3.72280000E+04  3.55840000E+04  3.38660000E+04 
 3.21850000E+04  3.09470000E+04  3.01210000E+04  2.95150000E+04  2.88920000E+04 
 2.80760000E+04  2.71670000E+04  2.64580000E+04  2.57490000E+04  2.39980000E+04 
 2.09300000E+04  1.75480000E+04  1.34210000E+04  1.01960000E+04  7.92300000E+03 
 6.85900000E+03  6.10900000E+03  5.54400000E+03  5.19000000E+03  4.94800000E+03 
 4.77100000E+03  4.66300000E+03  4.59800000E+03  4.55500000E+03  4.54200000E+03 
 4.55000000E+03  4.58100000E+03  4.62500000E+03  4.66100000E+03  4.70500000E+03 
 4.76800000E+03  4.84500000E+03  4.95300000E+03  5.09900000E+03  5.24000000E+03 
 5.35900000E+03  5.50800000E+03  5.66600000E+03  6.06200000E+03  6.23400000E+03 
 6.47900000E+03  6.69400000E+03  6.97500000E+03  7.20700000E+03  7.46100000E+03 
 7.73200000E+03  8.01100000E+03  8.30800000E+03  8.57000000E+03  8.82400000E+03 
 9.06100000E+03  9.29800000E+03  ) >                                            
SUM               ( > 
-1.47598468E-17 -5.49345428E-17 -1.77837544E-16 -5.79061988E-16 -1.95219994E-15 
-7.61561393E-15 -2.78924002E-14 -7.92913741E-14 -6.90129919E-14  6.51130082E-13 
 3.67102695E-12  1.52548860E-11  5.38538040E-11  1.59231229E-10  4.04767313E-10 
 9.35179080E-10  2.07099206E-09  4.78265557E-09  8.89232496E-09  1.56342180E-08 
 2.38964339E-08  3.27258689E-08  4.14119686E-08  4.87771743E-08  5.71537401E-08 
 6.51755135E-08  7.48411013E-08  8.61572968E-08  9.93847282E-08  1.25435939E-07 
 1.65490956E-07  1.96000656E-07 -5.70606263E-08 -5.96175980E-09 -4.20657888E-11 
-6.31833716E-14 -8.96391491E-14 -4.64854228E-14 -1.72520675E-14 -1.06379035E-14 
-7.53809438E-15 -6.21359275E-15 -7.71000381E-15 -1.28780197E-14 -2.54722662E-14 
-4.87687703E-14 -1.48676002E-13 -2.69038553E-13 -4.70932065E-13 -8.36366403E-13 
-2.37641738E-12 -7.83627723E-12 -2.71914854E-11 -1.33167997E-10 -5.76182159E-10 
-1.87999340E-09 -6.95282007E-09 -2.53401232E-08 -7.38190202E-06 -6.62506814E-08 
 9.83324261E-08  3.67849191E-07  1.08876130E-06  1.13271577E-06 -3.36801940E-06 
-2.45869002E-05 -1.07584651E-04 -3.87562559E-04 -1.02465809E-03 -2.32103946E-03 
-4.48011654E-03 -7.74890005E-03  ) >                                            
SUMSM             ( > 
-1.47598468E-17 -5.49345428E-17 -1.77837544E-16 -5.79061988E-16 -1.95219994E-15 
-7.61561393E-15 -2.78924002E-14 -4.84526960E-14 -6.90129919E-14  6.51130082E-13 
 3.67102695E-12  1.52548860E-11  5.38538040E-11  1.59231229E-10  4.04767313E-10 
 9.35179080E-10  2.07099206E-09  4.78265557E-09  8.89232496E-09  1.56342180E-08 
 2.39790979E-08  3.23239777E-08  4.05505760E-08  4.87771743E-08  5.71537401E-08 
 6.55303059E-08  7.48411013E-08  8.61572968E-08  9.93847282E-08  1.32437842E-07 
 1.65490956E-07  1.96000656E-07  9.79582938E-08 -8.40683941E-11 -4.20657888E-11 
-1.32792875E-13 -8.96391491E-14 -4.64854228E-14 -1.72520675E-14 -1.06379035E-14 
-7.53809438E-15 -6.21359275E-15 -7.71000381E-15 -1.28780197E-14 -2.54722662E-14 
-4.87687703E-14 -1.48676002E-13 -2.69038553E-13 -4.70932065E-13 -8.36366403E-13 
-2.37641738E-12 -7.83627723E-12 -2.71914854E-11 -1.33167997E-10 -5.76182159E-10 
-1.87999340E-09 -6.95282007E-09 -2.53401232E-08 -4.57954023E-08 -6.62506814E-08 
 9.83324261E-08  5.93546863E-07  1.08876130E-06  1.13271577E-06 -3.36801940E-06 
-2.45869002E-05 -1.07584651E-04 -3.87562559E-04 -1.02465809E-03 -2.32103946E-03 
-4.48011654E-03 -7.74890005E-03  ) >                                            
[ COOLING RATES data end ] > 
