> from Overall Iteration 11 of 11                                Pandora 78.018
> Run Data:    72    5   10  0  0  H    1   2014-Mar-25 11:14:08    56741.46815
> LEID       MODEL LEID   5 L H        ITER 07-17   2014-Mar-24                 
> -------.---------.---------.---------.---------.---------.---------.---------.
> LEID       MODEL LEID   5 L H        ITER 07-17   2014-Mar-24                 
RHO          2  1 ( > 
 6.03340954E-04  7.50000567E-04  7.70294273E-04  7.90587979E-04  8.99021923E-04 
 1.00745587E-03  9.69305344E-04  9.31154821E-04  9.48624941E-04  1.03327313E-03 
 1.11792131E-03  1.17778349E-03  1.07515580E-03  9.58884187E-04  8.42612574E-04 
 7.51847555E-04  6.61082535E-04  5.68049713E-04  4.75016891E-04  3.91680858E-04 
 3.31154532E-04  2.88988631E-04  2.59900937E-04  2.31588856E-04  2.03276775E-04 
 1.74964694E-04  1.50369978E-04  1.26835833E-04  1.03240975E-04  7.38158436E-05 
 4.43907119E-05  2.50522852E-05  1.47381328E-05  4.49522361E-06  2.15051801E-07 
-3.38697708E-07 -7.97369466E-07 -4.30374470E-07 -6.33794736E-08 -1.69341049E-08 
-1.01442793E-09 -5.92784839E-10 -5.50072439E-10 -6.10415955E-10 -6.84231290E-10 
-7.58046624E-10 -6.33282223E-10 -3.73547161E-10 -1.13812099E-10  1.15319861E-10 
 3.20400999E-10  5.25482136E-10  7.30563274E-10  9.35644411E-10  1.14628963E-09 
 1.36805871E-09  1.69131723E-09  2.93891434E-09  4.18651144E-09  5.43410855E-09 
 7.61055513E-09  1.00694469E-08  1.41163316E-08  1.82158761E-08  2.35756789E-08 
 3.04113799E-08  3.87300212E-08  4.90523601E-08  5.93985781E-08  7.05169216E-08 
 8.17017539E-08  9.35597167E-08  ) >                                            
RHWT         2  1 ( > 
 4.00000000E-01  4.00000000E-01  4.00000000E-01  4.00000000E-01  4.00000000E-01 
 4.00000000E-01  4.00000000E-01  5.00000000E-01  4.00000000E-01  4.00000000E-01 
 6.00000000E-01  8.00000000E-01  7.00000000E-01  7.00000000E-01  8.00000000E-01 
 8.00000000E-01  8.00000000E-01  6.00000000E-01  8.00000000E-01  8.00000000E-01 
 6.00000000E-01  6.00000000E-01  6.00000000E-01  7.00000000E-01  6.00000000E-01 
 5.00000000E-01  5.00000000E-01  4.00000000E-01  6.00000000E-01  4.00000000E-01 
 4.00000000E-01  5.00000000E-01  4.00000000E-01  6.00000000E-01  6.00000000E-01 
 5.00000000E-01  5.00000000E-01  5.00000000E-01  5.00000000E-01  4.00000000E-01 
 9.00000000E-01  9.00000000E-01  9.00000000E-01  9.00000000E-01  8.00000000E-01 
 9.00000000E-01  9.00000000E-01  9.00000000E-01  4.00000000E-01  4.00000000E-01 
 9.00000000E-01  9.00000000E-01  9.00000000E-01  9.00000000E-01  9.00000000E-01 
 9.00000000E-01  9.00000000E-01  5.00000000E-01  9.00000000E-01  5.00000000E-01 
 9.00000000E-01  9.00000000E-01  9.00000000E-01  9.00000000E-01  9.00000000E-01 
 9.00000000E-01  9.00000000E-01  9.00000000E-01  9.00000000E-01  9.00000000E-01 
 9.00000000E-01  9.00000000E-01  ) >                                            
JBAR         2  1 ( > 
 5.94903607E-09  5.60671641E-09  5.29807566E-09  5.01505127E-09  4.75083017E-09 
 4.47979000E-09  4.24138054E-09  4.04963173E-09  3.93732340E-09  3.96090870E-09 
 4.21953646E-09  5.09857799E-09  7.01420338E-09  1.01764886E-08  1.46183438E-08 
 2.06434937E-08  2.90649914E-08  4.26298648E-08  5.74927415E-08  7.65427670E-08 
 9.57908527E-08  1.13423801E-07  1.28156267E-07  1.39270628E-07  1.50670815E-07 
 1.61189101E-07  1.73061253E-07  1.84044894E-07  1.93711496E-07  2.05063223E-07 
 2.12960754E-07  2.10423518E-07  2.14770633E-07  1.10707935E-07  1.27293085E-07 
 1.04362247E-07  9.15977057E-09  4.77181541E-10  4.36755063E-11  1.15247689E-11 
 4.35612485E-12  2.41197014E-12  1.62765704E-12  1.25332617E-12  1.12855119E-12 
 1.16410308E-12  1.37411436E-12  1.74597179E-12  2.12586461E-12  2.67820522E-12 
 3.71895668E-12  5.49927223E-12  9.33037283E-12  1.88504558E-11  3.43849680E-11 
 5.67295538E-11  1.03041641E-10  1.86696616E-10  7.32982124E-10  1.26500988E-09 
 2.57925691E-09  4.63656766E-09  9.45235402E-09  1.63213486E-08  2.85462938E-08 
 4.97743373E-08  8.48247939E-08  1.43843540E-07  2.22346504E-07  3.30881590E-07 
 4.69927895E-07  6.55575865E-07  ) >                                            
CHI          2  1 ( > 
 5.94898866E-09  5.60654271E-09  5.29765745E-09  5.01406245E-09  4.74804326E-09 
 4.47198753E-09  4.21840973E-09  3.98410023E-09  3.75771935E-09  3.56884353E-09 
 3.38659626E-09  3.28710499E-09  3.28330411E-09  3.22173010E-09  2.97221537E-09 
 2.59214850E-09  2.09548885E-09  1.86528936E-09  1.78760754E-09  1.70968314E-09 
 1.82608205E-09  2.03113252E-09  2.35436437E-09  2.35972342E-09  2.07314954E-09 
 1.69537023E-09  1.29329358E-09  1.03944076E-09  6.53085330E-10  3.01984346E-10 
 1.64080829E-10  7.84501744E-11  1.17247796E-11  4.15205753E-12  6.77858874E-13 
 2.05313776E-13  2.04424138E-14  2.65927427E-16  3.08068796E-18  7.99039089E-20 
 7.88804110E-21  2.44512945E-21  1.22885773E-21  8.96073073E-22  8.94476474E-22 
 9.40495464E-22  9.34072240E-22  7.60277586E-22  3.63413284E-22 -1.94111467E-22 
-9.73521537E-22 -2.40561120E-21 -6.24993232E-21 -1.50255513E-20 -3.19210261E-20 
-6.46741652E-20 -1.47139843E-19 -3.58853367E-19 -2.91682550E-18 -6.35833123E-18 
-1.85945123E-17 -4.49554002E-17 -1.30495618E-16 -2.93054892E-16 -6.67528685E-16 
-1.50599420E-15 -3.27422640E-15 -7.03793688E-15 -1.31792338E-14 -2.32904829E-14 
-3.83309541E-14 -6.13373248E-14  ) >                                            
AW           2  1 ( > 
-9.99992184E-01 -9.99969193E-01 -9.99921378E-01 -9.99803390E-01 -9.99414574E-01 
-9.98260861E-01 -9.94591037E-01 -9.83830903E-01 -9.54421040E-01 -9.01114516E-01 
-8.02821433E-01 -6.45127497E-01 -4.68686321E-01 -3.17241779E-01 -2.03990327E-01 
-1.26218471E-01 -7.27088167E-02 -4.42838707E-02 -3.15506647E-02 -2.27183278E-02 
-1.93902787E-02 -1.81942731E-02 -1.86283523E-02 -1.71736739E-02 -1.39569212E-02 
-1.06903083E-02 -7.61638904E-03 -5.76942031E-03 -3.48007656E-03 -1.54018381E-03 
-8.21379696E-04 -3.88617065E-04 -8.32045429E-05 -3.00133596E-05 -7.98356620E-06 
-1.98914511E-06 -2.25413217E-07 -3.54936622E-08 -8.16527796E-09 -2.24942210E-09 
-7.95671340E-10 -4.20570302E-10 -2.04449415E-10 -1.03821511E-10 -6.33235497E-11 
-4.90676900E-11 -4.57967305E-11 -6.07012089E-11 -7.47897924E-11 -6.84590496E-11 
-5.78894148E-11 -5.93303044E-11 -6.05058811E-11 -1.31518638E-10 -2.17869741E-10 
-2.27979855E-10 -2.63363401E-10 -2.13266294E-10 -2.06737760E-10 -3.30474481E-10 
-4.01513115E-10 -3.73950171E-10 -3.11097883E-10 -2.61056473E-10 -1.92235650E-10 
-1.55757753E-10 -1.31196056E-10 -1.25984163E-10 -1.26831349E-10 -1.29751839E-10 
-1.36396769E-10 -5.35713125E-18  ) >                                            
RHO          3  1 ( > 
-1.93085017E-01 -6.29251473E-01 -5.94684714E-01 -5.60117955E-01 -5.25551196E-01 
-4.81648047E-01 -4.14865289E-01 -3.48082530E-01 -2.81299771E-01 -2.15834789E-01 
-1.57447679E-01 -9.90605698E-02 -4.06734601E-02  1.40506107E-02  2.68361971E-02 
 2.26515086E-02  1.64938670E-02  1.03362254E-02  5.67634868E-03  3.49719623E-03 
 2.82731092E-03  2.32531568E-03  2.08795627E-03  1.85059686E-03  1.44900324E-03 
 1.04740963E-03  7.05164027E-04  5.57089064E-04  4.69977213E-04  3.82865362E-04 
 2.95753510E-04  1.38613693E-04 -1.85261246E-05 -2.21291447E-05 -1.39984423E-05 
-5.86773977E-06 -4.20020318E-06 -2.53266659E-06 -8.65130002E-07 -1.53117297E-07 
-9.94738936E-08 -6.64057420E-08 -4.50122110E-08 -3.53880194E-08 -2.97018113E-08 
-2.40156033E-08 -1.85149132E-08 -1.34055240E-08 -8.29613482E-09 -2.16080695E-09 
 3.97452092E-09  1.02673621E-08  1.96025302E-08  2.89376982E-08  4.13668763E-08 
 5.53189679E-08  7.39512604E-08  1.21831552E-07  1.69711844E-07  2.17592136E-07 
 2.84626977E-07  3.61651946E-07  4.83006498E-07  6.04361049E-07  7.61412826E-07 
 9.59557967E-07  1.19911261E-06  1.49512795E-06  1.79147502E-06  2.11051836E-06 
 2.43263717E-06  2.77631669E-06  ) >                                            
RHWT         3  1 ( > 
 5.00000000E-01  6.00000000E-01  9.00000000E-01  9.00000000E-01  4.00000000E-01 
 8.00000000E-01  6.00000000E-01  5.00000000E-01  5.00000000E-01  4.00000000E-01 
 5.00000000E-01  4.00000000E-01  7.00000000E-01  7.00000000E-01  5.00000000E-01 
 4.00000000E-01  7.00000000E-01  5.00000000E-01  5.00000000E-01  8.00000000E-01 
 6.00000000E-01  5.00000000E-01  5.00000000E-01  9.00000000E-01  4.00000000E-01 
 8.00000000E-01  4.00000000E-01  4.00000000E-01  5.00000000E-01  4.00000000E-01 
 6.00000000E-01  5.00000000E-01  4.00000000E-01  6.00000000E-01  4.00000000E-01 
 5.00000000E-01  6.00000000E-01  9.00000000E-01  7.00000000E-01  9.00000000E-01 
 9.00000000E-01  9.00000000E-01  9.00000000E-01  9.00000000E-01  9.00000000E-01 
 9.00000000E-01  9.00000000E-01  9.00000000E-01  9.00000000E-01  7.00000000E-01 
 7.00000000E-01  9.00000000E-01  9.00000000E-01  9.00000000E-01  9.00000000E-01 
 9.00000000E-01  9.00000000E-01  7.00000000E-01  9.00000000E-01  7.00000000E-01 
 9.00000000E-01  5.00000000E-01  9.00000000E-01  9.00000000E-01  9.00000000E-01 
 9.00000000E-01  9.00000000E-01  9.00000000E-01  9.00000000E-01  9.00000000E-01 
 9.00000000E-01  9.00000000E-01  ) >                                            
JBAR         3  1 ( > 
 4.15348925E-11  3.98994688E-11  3.83955053E-11  3.69861093E-11  3.56377247E-11 
 3.42093979E-11  3.28862060E-11  3.16933783E-11  3.06801009E-11  2.97896045E-11 
 2.94194788E-11  3.07491171E-11  3.51146871E-11  4.32609916E-11  5.57852996E-11 
 7.38425260E-11  9.87211870E-11  1.34908542E-10  1.71913346E-10  2.15928190E-10 
 2.58266646E-10  2.94755173E-10  3.22750341E-10  3.40783016E-10  3.53528988E-10 
 3.66899296E-10  3.78764928E-10  3.92187211E-10  4.10621857E-10  4.11043349E-10 
 4.37931656E-10  3.79448359E-10  3.45849408E-10  2.18816641E-10  6.55528657E-10 
 9.34467452E-10  1.31315369E-10  7.58450717E-12  7.14569515E-13  1.89828249E-13 
 7.23679199E-14  4.02632621E-14  2.72217928E-14  2.08699136E-14  1.85696903E-14 
 1.90512146E-14  2.27481244E-14  2.92168055E-14  3.61602704E-14  4.70975623E-14 
 6.87519754E-14  1.08073005E-13  2.00050420E-13  4.38895873E-13  9.11628826E-13 
 1.63825583E-12  3.28951079E-12  6.62260865E-12  3.30173152E-11  6.22869118E-11 
 1.45397086E-10  2.91181637E-10  6.77656322E-10  1.29592612E-09  2.51546544E-09 
 4.86352412E-09  9.15064515E-09  1.71147676E-08  2.86802421E-08  4.59439316E-08 
 6.96342759E-08  1.03325483E-07  ) >                                            
CHI          3  1 ( > 
 4.15348419E-11  3.98993285E-11  3.83934220E-11  3.69850659E-11  3.56354644E-11 
 3.41949828E-11  3.28591038E-11  3.16115818E-11  3.04350502E-11  2.92080286E-11 
 2.80860155E-11  2.76915364E-11  2.84776095E-11  3.00970763E-11  3.15556793E-11 
 3.17547656E-11  2.85771425E-11  2.66474674E-11  2.50953577E-11  2.34835711E-11 
 2.42891028E-11  2.61646055E-11  2.93252567E-11  2.86637827E-11  2.47598954E-11 
 1.98057843E-11  1.48980944E-11  1.18346182E-11  7.31797615E-12  3.47906911E-12 
 1.74102623E-12  7.93495906E-13  1.04599679E-13  2.70018905E-14  6.38821334E-15 
 2.68106715E-15  9.20175375E-16  2.19362184E-17  3.48866146E-19  3.17697301E-20 
 7.57367391E-21  2.78412641E-21  1.26255858E-21  7.45771481E-22  5.59938587E-22 
 4.64199708E-22  4.28483888E-22  4.26840941E-22  3.18082487E-22  1.24530544E-22 
-2.14180892E-22 -1.03479820E-21 -3.84342615E-21 -1.23527865E-20 -3.64563257E-20 
-8.82887204E-20 -2.37895505E-19 -6.35512140E-19 -5.55971930E-18 -1.31066171E-17 
-4.10154926E-17 -1.04471943E-16 -3.25974619E-16 -7.81055140E-16 -1.91227731E-15 
-4.66213418E-15 -1.09653034E-14 -2.55757854E-14 -5.13582842E-14 -9.69306674E-14 
-1.69340119E-13 -2.86873226E-13  ) >                                            
AW           3  1 ( > 
-9.99998573E-01 -9.99994345E-01 -9.99985444E-01 -9.99963171E-01 -9.99888317E-01 
-9.99660771E-01 -9.98910090E-01 -9.96597730E-01 -9.89784317E-01 -9.76350046E-01 
-9.47582201E-01 -8.90969308E-01 -8.06302175E-01 -7.00448632E-01 -5.77438364E-01 
-4.42988995E-01 -3.01170029E-01 -2.03657305E-01 -1.50650715E-01 -1.11863319E-01 
-9.65590663E-02 -9.09038072E-02 -9.28117114E-02 -8.59590503E-02 -7.07288051E-02 
-5.48754928E-02 -3.96982035E-02 -3.03712713E-02 -1.85396855E-02 -8.34174377E-03 
-4.34750295E-03 -1.99204935E-03 -3.19440481E-04 -6.83305913E-05 -1.77403976E-05 
-7.30855059E-06 -1.33773553E-06 -2.10135997E-07 -4.86093839E-08 -1.40685743E-08 
-5.06235944E-09 -2.64712655E-09 -1.29298740E-09 -6.57347249E-10 -4.00481763E-10 
-3.09184852E-10 -2.87715798E-10 -3.80389407E-10 -4.67601918E-10 -4.29191583E-10 
-3.61748616E-10 -3.69507274E-10 -3.80289424E-10 -7.85536867E-10 -1.37184054E-09 
-1.42401353E-09 -1.62975534E-09 -1.35308148E-09 -1.31518722E-09 -2.01221173E-09 
-2.54162631E-09 -2.37601363E-09 -1.99611421E-09 -1.67632732E-09 -1.22467447E-09 
-9.91891802E-10 -8.36091925E-10 -8.00480091E-10 -8.06481684E-10 -8.20687088E-10 
-8.60858634E-10  6.08132581E-18  ) >                                            
RHO          3  2 ( > 
 3.76669463E-01  7.40287168E-01  7.37172492E-01  7.34057816E-01  7.30943140E-01 
 7.17209609E-01  6.82341198E-01  6.45238195E-01  6.05833771E-01  5.66429346E-01 
 5.49090157E-01  5.31750969E-01  4.76805404E-01  4.21859839E-01  3.76928954E-01 
 3.54154577E-01  3.31380199E-01  3.06486856E-01  2.75945846E-01  2.45404836E-01 
 2.15551914E-01  1.95132516E-01  1.81529993E-01  1.68164792E-01  1.54799590E-01 
 1.40392790E-01  1.25737312E-01  1.10144490E-01  9.45516670E-02  7.81325666E-02 
 6.17134663E-02  4.70392624E-02  3.44907961E-02  2.19423297E-02  9.39386333E-03 
 9.80794394E-04  8.46935168E-04  7.13075941E-04  5.79216715E-04  4.46334127E-04 
 5.00961300E-04  5.55588472E-04  6.03168089E-04  5.69573043E-04  5.35977997E-04 
 5.12070935E-04  4.88163874E-04  4.60969928E-04  4.33775982E-04  4.06582036E-04 
 3.75528375E-04  3.27699891E-04  2.79871408E-04  2.46136193E-04  2.12400978E-04 
 1.73809631E-04  1.35218284E-04  1.08333691E-04  8.14490987E-05  5.45645059E-05 
 3.15001896E-05  1.89941680E-05  1.05610416E-05  4.76401924E-06  1.99456559E-06 
 1.02568041E-06  5.58285944E-07  3.53926986E-07  2.57655112E-07  2.04003974E-07 
 1.50352836E-07  9.58495625E-08  ) >                                            
RHWT         3  2 ( > 
 4.00000000E-01  6.00000000E-01  6.00000000E-01  5.00000000E-01  6.00000000E-01 
 6.00000000E-01  5.00000000E-01  4.00000000E-01  7.00000000E-01  7.00000000E-01 
 6.00000000E-01  8.00000000E-01  8.00000000E-01  9.00000000E-01  8.00000000E-01 
 8.00000000E-01  8.00000000E-01  8.00000000E-01  8.00000000E-01  8.00000000E-01 
 8.00000000E-01  7.00000000E-01  7.00000000E-01  8.00000000E-01  8.00000000E-01 
 8.00000000E-01  8.00000000E-01  5.00000000E-01  5.00000000E-01  5.00000000E-01 
 6.00000000E-01  5.00000000E-01  6.00000000E-01  5.00000000E-01  4.00000000E-01 
 4.00000000E-01  7.00000000E-01  4.00000000E-01  7.00000000E-01  4.00000000E-01 
 4.00000000E-01  4.00000000E-01  4.00000000E-01  5.00000000E-01  4.00000000E-01 
 4.00000000E-01  5.00000000E-01  8.00000000E-01  6.00000000E-01  4.00000000E-01 
 9.00000000E-01  4.00000000E-01  4.00000000E-01  4.00000000E-01  5.00000000E-01 
 9.00000000E-01  9.00000000E-01  4.00000000E-01  7.00000000E-01  9.00000000E-01 
 7.00000000E-01  6.00000000E-01  6.00000000E-01  9.00000000E-01  9.00000000E-01 
 9.00000000E-01  9.00000000E-01  9.00000000E-01  9.00000000E-01  9.00000000E-01 
 9.00000000E-01  9.00000000E-01  ) >                                            
JBAR         3  2 ( > 
 3.14017827E-06  3.06575933E-06  2.99282156E-06  2.91989539E-06  2.84521052E-06 
 2.75968699E-06  2.67303247E-06  2.58550681E-06  2.49614303E-06  2.38213856E-06 
 2.25789946E-06  2.16794322E-06  2.13942346E-06  2.11759892E-06  2.05292171E-06 
 1.98639688E-06  1.92658410E-06  1.87210062E-06  1.82729931E-06  1.78202905E-06 
 1.74482809E-06  1.71782547E-06  1.69706336E-06  1.67692254E-06  1.65398399E-06 
 1.63247394E-06  1.61231614E-06  1.59568423E-06  1.58231417E-06  1.56354188E-06 
 1.56607414E-06  1.46593034E-06  1.35503846E-06  1.70083428E-06  3.58945649E-06 
 7.81553512E-06  1.18933805E-05  1.39650847E-05  1.40880603E-05  1.41309002E-05 
 1.42192838E-05  1.42720257E-05  1.42865420E-05  1.42208168E-05  1.40433012E-05 
 1.39652072E-05  1.41335980E-05  1.42856573E-05  1.45682495E-05  1.50178859E-05 
 1.57926541E-05  1.68025745E-05  1.83381623E-05  2.03743124E-05  2.27313597E-05 
 2.47923635E-05  2.74558403E-05  3.04343628E-05  3.92492072E-05  4.32544781E-05 
 4.93587525E-05  5.50450716E-05  6.31966741E-05  7.03328605E-05  7.84872237E-05 
 8.75642722E-05  9.73054384E-05  1.08093104E-04  1.17948075E-04  1.27788775E-04 
 1.37212078E-04  1.46856853E-04  ) >                                            
CHI          3  2 ( > 
 3.14017823E-06  3.06575893E-06  2.99282116E-06  2.91989490E-06  2.84520978E-06 
 2.75968575E-06  2.67303046E-06  2.58550341E-06  2.49613774E-06  2.38213108E-06 
 2.25788746E-06  2.16792033E-06  2.13937974E-06  2.11751403E-06  2.05274852E-06 
 1.98602531E-06  1.92569592E-06  1.87042230E-06  1.82430450E-06  1.77732707E-06 
 1.73860931E-06  1.71049754E-06  1.68933401E-06  1.66802377E-06  1.64290426E-06 
 1.61741803E-06  1.59164775E-06  1.56814263E-06  1.53117677E-06  1.46796167E-06 
 1.38539952E-06  1.11053326E-06  6.55771449E-07  3.03841286E-07  8.34663279E-08 
 5.64717324E-08  9.90771772E-08  2.76715786E-07  5.29642385E-07  6.15303351E-07 
 6.31142184E-07  6.06445893E-07  4.66977967E-07  3.22658318E-07  2.29529142E-07 
 1.79428641E-07  1.50440960E-07  1.65678668E-07  1.73024922E-07  1.38984655E-07 
 9.99516500E-08  8.25765101E-08  6.52828990E-08  8.04254697E-08  9.48379417E-08 
 7.91986416E-08  7.06043468E-08  4.56190640E-08  3.02926063E-08  3.47845552E-08 
 3.15621139E-08  2.17731778E-08  1.21345555E-08  7.13014809E-09  3.52383181E-09 
 1.90155555E-09  1.06832075E-09  6.76221536E-10  4.83932416E-10  3.57548328E-10 
 2.85912895E-10 -1.40770165E-11  ) >                                            
AW           3  2 ( > 
-9.99999989E-01 -9.99999975E-01 -9.99999965E-01 -9.99999947E-01 -9.99999912E-01 
-9.99999847E-01 -9.99999727E-01 -9.99999528E-01 -9.99999165E-01 -9.99998662E-01 
-9.99997648E-01 -9.99995140E-01 -9.99989393E-01 -9.99976651E-01 -9.99947848E-01 
-9.99880150E-01 -9.99694404E-01 -9.99382421E-01 -9.98819848E-01 -9.98015549E-01 
-9.97215231E-01 -9.96582266E-01 -9.96288270E-01 -9.95602486E-01 -9.94352223E-01 
-9.92090171E-01 -9.88822703E-01 -9.84727971E-01 -9.70977221E-01 -9.43872133E-01 
-8.91968101E-01 -7.69512401E-01 -5.05821641E-01 -1.96404759E-01 -2.66321791E-02 
-8.26502921E-03 -8.50574403E-03 -2.07156638E-02 -3.80271850E-02 -4.38602222E-02 
-4.48329833E-02 -4.30070803E-02 -3.32600807E-02 -2.32738752E-02 -1.68516558E-02 
-1.33433035E-02 -1.12366871E-02 -1.20466235E-02 -1.22879598E-02 -9.67355548E-03 
-6.70858014E-03 -5.19426347E-03 -3.82584695E-03 -3.93983825E-03 -4.39192309E-03 
-3.36762386E-03 -2.70627188E-03 -1.66777446E-03 -8.56078999E-04 -8.22261186E-04 
-6.71702944E-04 -4.14259115E-04 -2.02576424E-04 -1.06140225E-04 -4.68911889E-05 
-2.27416762E-05 -1.15372771E-05 -6.60982049E-06 -4.36057285E-06 -2.98075971E-06 
-2.23408467E-06  7.65953505E-18  ) >                                            
RHO          4  1 ( > 
-3.24328325E+00 -1.86788202E+00 -1.87143732E+00 -1.98826996E+00 -2.10510260E+00 
-1.87390106E+00 -1.24905982E+00 -6.24218581E-01 -5.13837013E-01 -4.03455445E-01 
-2.93799331E-01 -1.84143217E-01 -7.44871026E-02  2.35510624E-02  6.81676054E-02 
 7.69798584E-02  6.29973939E-02  4.54824619E-02  2.79675299E-02  1.63694535E-02 
 1.09022904E-02  9.69365976E-03  8.48502916E-03  6.95907314E-03  4.82622986E-03 
 2.69338658E-03  1.29136963E-03  1.03426886E-03  1.00393571E-03  9.73602546E-04 
 5.68984408E-04  1.64366270E-04  1.99526601E-05 -1.23676196E-04 -6.70693178E-05 
-1.04624391E-05 -8.55270165E-06 -6.64296421E-06 -3.64511843E-06 -6.47272647E-07 
-3.92427077E-07 -2.55314094E-07 -1.70217303E-07 -1.24972089E-07 -9.56463460E-08 
-6.72056249E-08 -3.92463822E-08 -1.75919042E-08  4.06257380E-09  2.84521970E-08 
 5.56312591E-08  8.94386173E-08  1.40682842E-07  2.04210766E-07  2.87465463E-07 
 3.74783915E-07  4.98282751E-07  8.33312843E-07  1.16834294E-06  1.50337303E-06 
 1.97150525E-06  2.51553211E-06  3.35368694E-06  4.19184176E-06  5.26885371E-06 
 6.61470088E-06  8.24198967E-06  1.01962641E-05  1.21505384E-05  1.42373543E-05 
 1.63284373E-05  1.85443636E-05  ) >                                            
RHWT         4  1 ( > 
 5.00000000E-01  5.00000000E-01  6.00000000E-01  6.00000000E-01  6.00000000E-01 
 4.00000000E-01  6.00000000E-01  4.00000000E-01  7.00000000E-01  4.00000000E-01 
 5.00000000E-01  4.00000000E-01  4.00000000E-01  6.00000000E-01  9.00000000E-01 
 5.00000000E-01  4.00000000E-01  7.00000000E-01  7.00000000E-01  5.00000000E-01 
 4.00000000E-01  4.00000000E-01  5.00000000E-01  7.00000000E-01  4.00000000E-01 
 4.00000000E-01  6.00000000E-01  5.00000000E-01  4.00000000E-01  6.00000000E-01 
 6.00000000E-01  5.00000000E-01  6.00000000E-01  5.00000000E-01  7.00000000E-01 
 4.00000000E-01  9.00000000E-01  5.00000000E-01  6.00000000E-01  9.00000000E-01 
 9.00000000E-01  9.00000000E-01  9.00000000E-01  9.00000000E-01  9.00000000E-01 
 9.00000000E-01  9.00000000E-01  9.00000000E-01  9.00000000E-01  9.00000000E-01 
 9.00000000E-01  9.00000000E-01  9.00000000E-01  9.00000000E-01  9.00000000E-01 
 9.00000000E-01  9.00000000E-01  7.00000000E-01  9.00000000E-01  7.00000000E-01 
 9.00000000E-01  4.00000000E-01  9.00000000E-01  9.00000000E-01  9.00000000E-01 
 9.00000000E-01  4.00000000E-01  9.00000000E-01  9.00000000E-01  9.00000000E-01 
 9.00000000E-01  9.00000000E-01  ) >                                            
JBAR         4  1 ( > 
 1.62735217E-11  1.60439889E-11  1.58241591E-11  1.56094607E-11  1.53949579E-11 
 1.51565084E-11  1.49230877E-11  1.47002586E-11  1.44988770E-11  1.43061093E-11 
 1.42062055E-11  1.44852085E-11  1.54945144E-11  1.74584963E-11  2.06433991E-11 
 2.55390159E-11  3.26478104E-11  4.30415377E-11  5.25773258E-11  6.23720434E-11 
 7.05302254E-11  7.70266350E-11  8.14991706E-11  8.33319920E-11  8.33565596E-11 
 8.31972905E-11  8.23240482E-11  8.18076553E-11  8.19468616E-11  7.58139115E-11 
 7.37858990E-11  5.51744697E-11  3.75560141E-11  1.87628234E-11  5.44086986E-11 
 1.08070982E-10  2.01423797E-11  1.29413845E-12  1.28221593E-13  3.49088444E-14 
 1.36376930E-14  7.72969305E-15  5.33415843E-15  4.19038627E-15  3.84819385E-15 
 4.07760357E-15  5.04066912E-15  6.63109339E-15  8.33639509E-15  1.10252340E-14 
 1.64443813E-14  2.65211104E-14  5.06327351E-14  1.15823763E-13  2.49557867E-13 
 4.62436046E-13  9.62949679E-13  2.00965511E-12  1.09183113E-11  2.13354158E-11 
 5.21339374E-11  1.08454400E-10  2.64457658E-10  5.24157222E-10  1.05519584E-09 
 2.11526581E-09  4.12004610E-09  7.97456994E-09  1.37463990E-08  2.25959740E-08 
 3.50352554E-08  5.31207520E-08  ) >                                            
CHI          4  1 ( > 
 1.62735218E-11  1.60439770E-11  1.58241304E-11  1.56093953E-11  1.53948599E-11 
 1.51530577E-11  1.49189379E-11  1.46875841E-11  1.44592719E-11  1.42062425E-11 
 1.39604960E-11  1.38835678E-11  1.41452696E-11  1.47459631E-11  1.55443462E-11 
 1.63243602E-11  1.61204764E-11  1.65143312E-11  1.60772463E-11  1.51681847E-11 
 1.52802893E-11  1.58992320E-11  1.71485002E-11  1.64187910E-11  1.39484923E-11 
 1.09614820E-11  8.05036617E-12  6.20020398E-12  3.72970856E-12  1.69135135E-12 
 7.67860599E-13  2.89306550E-13  3.70922782E-14  6.79602943E-15  1.46739709E-15 
 4.80200194E-16  2.38411968E-16  9.40169757E-18  1.96794701E-19  2.40151530E-20 
 5.55291476E-21  2.03434773E-21  9.29038352E-22  5.32437633E-22  3.73106342E-22 
 2.78232546E-22  2.02613861E-22  1.32895095E-22 -2.18683338E-23 -2.99012520E-22 
-8.96215527E-22 -2.34147517E-21 -7.06473369E-21 -2.33862490E-20 -7.07436860E-20 
-1.71405480E-19 -4.75285428E-19 -1.30880963E-18 -1.27149414E-17 -3.10710186E-17 
-1.02403976E-16 -2.71147445E-16 -8.85435507E-16 -2.19471927E-15 -5.55611299E-15 
-1.39865998E-14 -3.38829857E-14 -8.12975185E-14 -1.67000769E-13 -3.21667017E-13 
-5.72009273E-13 -9.85137287E-13  ) >                                            
AW           4  1 ( > 
-9.99999464E-01 -9.99997882E-01 -9.99994539E-01 -9.99986123E-01 -9.99957596E-01 
-9.99869985E-01 -9.99576587E-01 -9.98655238E-01 -9.95865143E-01 -9.90205538E-01 
-9.77511553E-01 -9.51017407E-01 -9.08135872E-01 -8.48764215E-01 -7.70007090E-01 
-6.67242963E-01 -5.27727937E-01 -4.09836754E-01 -3.25035385E-01 -2.55559178E-01 
-2.25091369E-01 -2.13385356E-01 -2.17280346E-01 -2.02683299E-01 -1.69914602E-01 
-1.34045231E-01 -9.88060376E-02 -7.64559083E-02 -4.73179149E-02 -2.17845320E-02 
-1.13302047E-02 -5.08380949E-03 -8.53898014E-04 -1.66487721E-04 -3.48788420E-05 
-1.59563653E-05 -3.45064113E-06 -5.87653366E-07 -1.35771437E-07 -4.00663737E-08 
-1.44352313E-08 -7.61672560E-09 -3.74154867E-09 -1.89792252E-09 -1.15499008E-09 
-8.91322031E-10 -8.27414914E-10 -1.09642697E-09 -1.34475251E-09 -1.23522087E-09 
-1.04337113E-09 -1.06298080E-09 -1.09533458E-09 -2.25909696E-09 -3.96302219E-09 
-4.11082460E-09 -4.70345452E-09 -3.91091389E-09 -3.79159651E-09 -5.79453562E-09 
-7.32245959E-09 -6.84486493E-09 -5.75062870E-09 -4.82923979E-09 -3.53901791E-09 
-2.86657824E-09 -2.41163072E-09 -2.30929601E-09 -2.32701832E-09 -2.36358326E-09 
-2.49023744E-09 -3.82863885E-18  ) >                                            
RHO          4  2 ( > 
 7.64190229E-01  8.52345101E-01  9.13121942E-01  9.06916472E-01  8.89635143E-01 
 8.19659326E-01  7.49683509E-01  7.31058937E-01  7.12089963E-01  6.93120989E-01 
 6.87831140E-01  6.82372958E-01  6.31687567E-01  5.81002176E-01  5.33049255E-01 
 4.91991642E-01  4.50934029E-01  4.03483815E-01  3.41826625E-01  2.72689078E-01 
 2.03551531E-01  1.54915174E-01  1.12244293E-01  6.95734127E-02  2.19754168E-02 
-2.55805796E-02 -7.31365761E-02 -1.21619415E-01 -1.77463251E-01 -2.33307088E-01 
-2.85662485E-01 -2.63895843E-01 -1.52601914E-01 -4.13079855E-02 -2.83495180E-02 
-1.53910506E-02 -2.67278851E-03 -1.50476427E-03 -3.36740035E-04  8.31284205E-04 
 1.87712842E-03  2.27031597E-03  2.51101605E-03  2.39607188E-03  1.96222996E-03 
 1.52838804E-03  1.40403042E-03  1.27967280E-03  1.25163869E-03  1.22360458E-03 
 1.11895858E-03  1.01431258E-03  9.32115293E-04  8.53499533E-04  7.74883772E-04 
 6.64365266E-04  5.53846759E-04  4.97279205E-04  4.40711651E-04  3.22633843E-04 
 2.04556034E-04  1.35322961E-04  7.91415734E-05  3.57466077E-05  1.52613817E-05 
 7.83788172E-06  4.13400629E-06  2.48486927E-06  1.73349477E-06  1.34413542E-06 
 9.54776065E-07  5.65183935E-07  ) >                                            
RHWT         4  2 ( > 
 6.00000000E-01  6.00000000E-01  6.00000000E-01  4.00000000E-01  7.00000000E-01 
 4.00000000E-01  5.00000000E-01  4.00000000E-01  4.00000000E-01  9.00000000E-01 
 5.00000000E-01  6.00000000E-01  6.00000000E-01  8.00000000E-01  8.00000000E-01 
 8.00000000E-01  8.00000000E-01  8.00000000E-01  8.00000000E-01  8.00000000E-01 
 7.00000000E-01  5.00000000E-01  8.00000000E-01  7.00000000E-01  8.00000000E-01 
 7.00000000E-01  5.00000000E-01  5.00000000E-01  5.00000000E-01  5.00000000E-01 
 5.00000000E-01  5.00000000E-01  4.00000000E-01  4.00000000E-01  5.00000000E-01 
 7.00000000E-01  5.00000000E-01  5.00000000E-01  5.00000000E-01  4.00000000E-01 
 4.00000000E-01  4.00000000E-01  5.00000000E-01  5.00000000E-01  9.00000000E-01 
 9.00000000E-01  4.00000000E-01  9.00000000E-01  9.00000000E-01  9.00000000E-01 
 9.00000000E-01  6.00000000E-01  9.00000000E-01  9.00000000E-01  4.00000000E-01 
 9.00000000E-01  9.00000000E-01  4.00000000E-01  7.00000000E-01  9.00000000E-01 
 7.00000000E-01  8.00000000E-01  5.00000000E-01  9.00000000E-01  9.00000000E-01 
 9.00000000E-01  9.00000000E-01  9.00000000E-01  9.00000000E-01  9.00000000E-01 
 9.00000000E-01  9.00000000E-01  ) >                                            
JBAR         4  2 ( > 
 1.93678392E-06  1.89194581E-06  1.84774884E-06  1.80329752E-06  1.75748937E-06 
 1.70465958E-06  1.65069971E-06  1.59572783E-06  1.53908141E-06  1.46599257E-06 
 1.38519276E-06  1.32586581E-06  1.30689794E-06  1.29232082E-06  1.24884653E-06 
 1.20362641E-06  1.16242825E-06  1.12420513E-06  1.09206485E-06  1.05856057E-06 
 1.02983239E-06  1.00766968E-06  9.89655133E-07  9.72122077E-07  9.51535661E-07 
 9.31104724E-07  9.09126030E-07  8.87578357E-07  8.65173307E-07  8.21572054E-07 
 7.74624899E-07  6.04307782E-07  3.29477911E-07  3.23326693E-07  5.98893900E-07 
 1.90095506E-06  3.80113218E-06  4.81921896E-06  5.18960095E-06  5.37061339E-06 
 5.55387069E-06  5.68493611E-06  5.81191223E-06  5.93135894E-06  6.04789290E-06 
 6.21341179E-06  6.50854483E-06  6.73923480E-06  6.97958953E-06  7.30403926E-06 
 7.84525638E-06  8.56021727E-06  9.62912286E-06  1.11426605E-05  1.28820087E-05 
 1.44763186E-05  1.66061108E-05  1.90581022E-05  2.66999045E-05  3.04078335E-05 
 3.62491577E-05  4.18757213E-05  5.02099458E-05  5.77608253E-05  6.66529053E-05 
 7.68519878E-05  8.81171178E-05  1.00941240E-04  1.12947201E-04  1.25188386E-04 
 1.37128202E-04  1.49552941E-04  ) >                                            
CHI          4  2 ( > 
 1.93678393E-06  1.89194599E-06  1.84774950E-06  1.80330520E-06  1.75748635E-06 
 1.70465832E-06  1.65069822E-06  1.59572530E-06  1.53907741E-06  1.46598714E-06 
 1.38518494E-06  1.32585363E-06  1.30688128E-06  1.29229766E-06  1.24881139E-06 
 1.20356607E-06  1.16230379E-06  1.12399273E-06  1.09171602E-06  1.05804976E-06 
 1.02919602E-06  1.00695271E-06  9.88923544E-07  9.71304948E-07  9.50548514E-07 
 9.29800139E-07  9.07387740E-07  8.85323374E-07  8.61002348E-07  8.14018470E-07 
 7.60483071E-07  5.76508848E-07  2.72025867E-07  1.57515538E-07  1.09801018E-07 
 7.39800878E-08  1.65390737E-07  5.43154934E-07  1.00591947E-06  1.18975762E-06 
 1.24747331E-06  1.22789979E-06  9.93008757E-07  7.21116952E-07  5.40927366E-07 
 4.34331158E-07  3.75173743E-07  4.15817887E-07  4.38144932E-07  3.51676715E-07 
 2.49560695E-07  2.02481532E-07  1.55647110E-07  1.96028669E-07  2.35670143E-07 
 1.95649072E-07  1.76161735E-07  1.17606196E-07  9.73421488E-08  1.20378920E-07 
 1.16033757E-07  8.83166438E-08  5.64325650E-08  3.60442281E-08  1.90798844E-08 
 1.09150330E-08  6.44982200E-09  4.27174173E-09  3.16242298E-09  2.40688923E-09 
 1.96898299E-09 -8.45295796E-11  ) >                                            
AW           4  2 ( > 
-9.99999989E-01 -9.99999975E-01 -9.99999966E-01 -9.99999948E-01 -9.99999913E-01 
-9.99999850E-01 -9.99999734E-01 -9.99999549E-01 -9.99999238E-01 -9.99998874E-01 
-9.99998289E-01 -9.99997187E-01 -9.99995454E-01 -9.99992587E-01 -9.99987057E-01 
-9.99974889E-01 -9.99942242E-01 -9.99888796E-01 -9.99792252E-01 -9.99652817E-01 
-9.99513242E-01 -9.99402212E-01 -9.99351058E-01 -9.99228422E-01 -9.99002621E-01 
-9.98586869E-01 -9.97978333E-01 -9.97200201E-01 -9.94463220E-01 -9.88804328E-01 
-9.76822425E-01 -9.42662527E-01 -8.35923988E-01 -4.94726841E-01 -1.40255202E-01 
-4.58689389E-02 -4.64487380E-02 -1.09934961E-01 -1.94902396E-01 -2.22024359E-01 
-2.25917517E-01 -2.17628300E-01 -1.72799932E-01 -1.23539550E-01 -9.05406617E-02 
-7.11217845E-02 -5.90426454E-02 -6.27984927E-02 -6.36964689E-02 -4.92338656E-02 
-3.28165399E-02 -2.43213954E-02 -1.69495785E-02 -1.71695677E-02 -1.91597527E-02 
-1.41540379E-02 -1.11460756E-02 -6.97474877E-03 -3.96715432E-03 -3.92854646E-03 
-3.40198142E-03 -2.24215721E-03 -1.20128090E-03 -6.59752435E-04 -3.01514451E-04 
-1.49863084E-04 -7.73294592E-05 -4.48037195E-05 -2.97325089E-05 -2.03946220E-05 
-1.53134699E-05 -7.75855004E-19  ) >                                            
RHO          4  3 ( > 
 7.89783158E-01  8.23543294E-01  8.57035240E-01  8.88877961E-01  8.94374771E-01 
 8.78614876E-01  8.40901874E-01  8.03188873E-01  8.20994113E-01  8.38799353E-01 
 8.52500245E-01  8.60151272E-01  8.53855406E-01  8.46911217E-01  8.37191251E-01 
 8.26452832E-01  8.15983270E-01  8.05513708E-01  7.92442378E-01  7.76752814E-01 
 7.61063249E-01  7.48227554E-01  7.38373868E-01  7.28520181E-01  7.17345203E-01 
 7.05931738E-01  6.92754997E-01  6.78068369E-01  6.63638257E-01  6.39090044E-01 
 6.06150646E-01  5.73211247E-01  4.58002544E-01  3.42509758E-01  2.30836240E-01 
 1.19162722E-01  7.48920395E-03 -4.61728578E-03 -1.88088470E-03  8.55516373E-04 
 1.65234445E-03  1.85938259E-03  1.98094546E-03  2.06104534E-03  2.14114521E-03 
 2.24414556E-03  2.34714591E-03  2.28952517E-03  2.23190443E-03  2.17428369E-03 
 2.07085298E-03  1.96742227E-03  1.88737056E-03  1.88227004E-03  1.87716953E-03 
 1.65314215E-03  1.42283061E-03  1.01511574E-03  6.07400860E-04  2.16803406E-04 
 1.52988853E-04  8.91743009E-05  2.53597484E-05  9.35842782E-06  3.39431181E-06 
 1.32694985E-06  4.64535689E-07  1.36732145E-07  1.81329263E-08 -1.63390558E-08 
-4.64487783E-08 -7.65585008E-08  ) >                                            
RHWT         4  3 ( > 
 4.00000000E-01  4.00000000E-01  4.00000000E-01  6.00000000E-01  6.00000000E-01 
 6.00000000E-01  9.00000000E-01  7.00000000E-01  5.00000000E-01  5.00000000E-01 
 5.00000000E-01  7.00000000E-01  7.00000000E-01  7.00000000E-01  7.00000000E-01 
 7.00000000E-01  7.00000000E-01  7.00000000E-01  7.00000000E-01  7.00000000E-01 
 7.00000000E-01  4.00000000E-01  4.00000000E-01  4.00000000E-01  4.00000000E-01 
 4.00000000E-01  4.00000000E-01  5.00000000E-01  7.00000000E-01  9.00000000E-01 
 4.00000000E-01  4.00000000E-01  4.00000000E-01  5.00000000E-01  6.00000000E-01 
 4.00000000E-01  4.00000000E-01  4.00000000E-01  4.00000000E-01  4.00000000E-01 
 4.00000000E-01  4.00000000E-01  4.00000000E-01  4.00000000E-01  6.00000000E-01 
 4.00000000E-01  4.00000000E-01  9.00000000E-01  9.00000000E-01  9.00000000E-01 
 9.00000000E-01  9.00000000E-01  9.00000000E-01  9.00000000E-01  9.00000000E-01 
 9.00000000E-01  9.00000000E-01  5.00000000E-01  4.00000000E-01  8.00000000E-01 
 6.00000000E-01  8.00000000E-01  6.00000000E-01  9.00000000E-01  9.00000000E-01 
 9.00000000E-01  9.00000000E-01  9.00000000E-01  9.00000000E-01  9.00000000E-01 
 9.00000000E-01  9.00000000E-01  ) >                                            
JBAR         4  3 ( > 
 5.75901553E-06  5.69294918E-06  5.62767418E-06  5.56186003E-06  5.49385443E-06 
 5.41517926E-06  5.33453074E-06  5.25204591E-06  5.16668095E-06  5.05593894E-06 
 4.93264983E-06  4.84149555E-06  4.81224570E-06  4.78973692E-06  4.72233352E-06 
 4.65185248E-06  4.58729533E-06  4.52708993E-06  4.47619740E-06  4.42284537E-06 
 4.37682088E-06  4.34110633E-06  4.31192887E-06  4.28343133E-06  4.24982065E-06 
 4.21627897E-06  4.17991441E-06  4.14395540E-06  4.10619771E-06  4.03180841E-06 
 3.94979272E-06  3.64995594E-06  3.11078191E-06  3.11595451E-06  4.24970501E-06 
 6.43901765E-06  9.00405192E-06  1.02883799E-05  1.09173732E-05  1.12097567E-05 
 1.15198747E-05  1.17692272E-05  1.20554913E-05  1.24103889E-05  1.28872709E-05 
 1.34002087E-05  1.39913499E-05  1.44054149E-05  1.46885656E-05  1.49718829E-05 
 1.53823123E-05  1.58888844E-05  1.65275902E-05  1.74171804E-05  1.82890595E-05 
 1.90439538E-05  1.99894806E-05  2.09941964E-05  2.36372199E-05  2.47899197E-05 
 2.64847539E-05  2.80049574E-05  3.00107724E-05  3.16792789E-05  3.35104648E-05 
 3.54708110E-05  3.74987848E-05  3.96679738E-05  4.15899617E-05  4.34603167E-05 
 4.52112851E-05  4.69675183E-05  ) >                                            
CHI          4  3 ( > 
 5.75901556E-06  5.69294975E-06  5.62767541E-06  5.56186288E-06  5.49386434E-06 
 5.41517140E-06  5.33452456E-06  5.25203356E-06  5.16665830E-06  5.05590371E-06 
 4.93259477E-06  4.84140658E-06  4.81212403E-06  4.78958038E-06  4.72213817E-06 
 4.65159673E-06  4.58690588E-06  4.52656651E-06  4.47549573E-06  4.42193455E-06 
 4.37577515E-06  4.33997941E-06  4.31081258E-06  4.28220787E-06  4.24836195E-06 
 4.21436052E-06  4.17735509E-06  4.14062951E-06  4.09993809E-06  4.02001683E-06 
 3.92773562E-06  3.59937863E-06  2.98953139E-06  2.39225193E-06  1.29403631E-06 
 8.60586878E-07  7.74940253E-07  1.87986368E-06  3.35416679E-06  3.90715791E-06 
 4.06565639E-06  4.02262970E-06  3.38639181E-06  2.59412129E-06  2.05863953E-06 
 1.71056063E-06  1.50131883E-06  1.62811786E-06  1.66610642E-06  1.29285638E-06 
 8.62560610E-07  6.34118186E-07  4.34115243E-07  4.31168738E-07  4.67474743E-07 
 3.42742611E-07  2.71310479E-07  1.62848278E-07  1.10729549E-07  1.08219468E-07 
 8.36627841E-08  5.09002238E-08  2.43314561E-08  1.22447700E-08  5.18931364E-09 
 2.42862823E-09  1.19798331E-09  6.70678981E-10  4.35874283E-10  2.94804319E-10 
 2.18924064E-10  3.59541836E-12  ) >                                            
AW           4  3 ( > 
-9.99999989E-01 -9.99999975E-01 -9.99999966E-01 -9.99999948E-01 -9.99999913E-01 
-9.99999850E-01 -9.99999735E-01 -9.99999551E-01 -9.99999248E-01 -9.99998903E-01 
-9.99998380E-01 -9.99997487E-01 -9.99996373E-01 -9.99995077E-01 -9.99993370E-01 
-9.99990605E-01 -9.99984728E-01 -9.99977837E-01 -9.99967894E-01 -9.99954584E-01 
-9.99943105E-01 -9.99934882E-01 -9.99932671E-01 -9.99923097E-01 -9.99903619E-01 
-9.99866706E-01 -9.99812434E-01 -9.99743574E-01 -9.99490376E-01 -9.98945312E-01 
-9.97767728E-01 -9.94057181E-01 -9.78492434E-01 -8.45926440E-01 -4.66262493E-01 
-1.41538164E-01 -9.36774747E-02 -1.87686336E-01 -3.12284107E-01 -3.50166795E-01 
-3.54412235E-01 -3.43256181E-01 -2.82480713E-01 -2.10711308E-01 -1.60953120E-01 
-1.29452127E-01 -1.08889871E-01 -1.14920007E-01 -1.15204983E-01 -8.82228987E-02 
-5.79100087E-02 -4.16152155E-02 -2.80151033E-02 -2.60700303E-02 -2.73563583E-02 
-1.95999860E-02 -1.49667998E-02 -9.09386507E-03 -4.71620891E-03 -4.17545361E-03 
-3.24722798E-03 -1.88884646E-03 -8.36102753E-04 -3.95883064E-04 -1.58251539E-04 
-6.97955660E-05 -3.24118901E-05 -1.70440881E-05 -1.04984299E-05 -6.74285639E-06 
-4.79580296E-06 -2.75454721E-18  ) >                                            
RHO          5  1 ( > 
-3.38247725E+00 -2.88802506E+00 -2.39357286E+00 -2.22217482E+00 -2.05077678E+00 
-1.61499980E+00 -1.17922282E+00 -9.84595278E-01 -8.17188680E-01 -6.49782082E-01 
-4.86525747E-01 -3.23269412E-01 -1.60013077E-01 -1.95706868E-02  6.45082880E-02 
 1.05011348E-01  1.14933197E-01  9.28361988E-02  6.75763843E-02  4.23839495E-02 
 2.74806618E-02  2.28506344E-02  1.94692669E-02  1.60878993E-02  1.07985881E-02 
 5.50927688E-03  2.44888039E-03  2.32337951E-03  2.19787863E-03  1.56585258E-03 
 9.33826539E-04  4.29746388E-04 -7.43337639E-05 -7.27828794E-05 -4.42069741E-05 
-1.56310688E-05 -1.46030860E-05 -1.35751033E-05 -7.57521820E-06 -1.57533311E-06 
-9.19850784E-07 -5.72960254E-07 -3.40977159E-07 -1.91287520E-07 -6.70593050E-08 
 5.72395858E-08  1.81538477E-07  2.80995813E-07  3.80453150E-07  4.84016042E-07 
 6.25760213E-07  8.08945826E-07  1.08952793E-06  1.49045203E-06  2.02143514E-06 
 2.55241825E-06  3.32704540E-06  5.49751394E-06  7.66798248E-06  9.83845102E-06 
 1.29045060E-05  1.65401014E-05  2.19068517E-05  2.72736019E-05  3.40679869E-05 
 4.23787177E-05  5.23940401E-05  6.36607323E-05  7.50832606E-05  8.65057888E-05 
 9.79076129E-05  1.09835386E-04  ) >                                            
RHWT         5  1 ( > 
 5.00000000E-01  5.00000000E-01  5.00000000E-01  5.00000000E-01  4.00000000E-01 
 7.00000000E-01  7.00000000E-01  4.00000000E-01  8.00000000E-01  5.00000000E-01 
 5.00000000E-01  6.00000000E-01  4.00000000E-01  6.00000000E-01  9.00000000E-01 
 6.00000000E-01  6.00000000E-01  9.00000000E-01  9.00000000E-01  8.00000000E-01 
 6.00000000E-01  4.00000000E-01  8.00000000E-01  7.00000000E-01  4.00000000E-01 
 8.00000000E-01  4.00000000E-01  8.00000000E-01  4.00000000E-01  5.00000000E-01 
 7.00000000E-01  5.00000000E-01  4.00000000E-01  6.00000000E-01  4.00000000E-01 
 5.00000000E-01  9.00000000E-01  7.00000000E-01  6.00000000E-01  9.00000000E-01 
 9.00000000E-01  9.00000000E-01  9.00000000E-01  9.00000000E-01  9.00000000E-01 
 9.00000000E-01  9.00000000E-01  4.00000000E-01  7.00000000E-01  9.00000000E-01 
 9.00000000E-01  9.00000000E-01  9.00000000E-01  9.00000000E-01  9.00000000E-01 
 7.00000000E-01  9.00000000E-01  7.00000000E-01  9.00000000E-01  7.00000000E-01 
 6.00000000E-01  4.00000000E-01  9.00000000E-01  9.00000000E-01  9.00000000E-01 
 9.00000000E-01  4.00000000E-01  9.00000000E-01  4.00000000E-01  9.00000000E-01 
 9.00000000E-01  9.00000000E-01  ) >                                            
JBAR         5  1 ( > 
 1.34414437E-11  1.33411022E-11  1.32433839E-11  1.31462715E-11  1.30474284E-11 
 1.29351000E-11  1.28227563E-11  1.27125296E-11  1.26089304E-11  1.25021604E-11 
 1.24328747E-11  1.25475610E-11  1.30322010E-11  1.40100615E-11  1.56504367E-11 
 1.82948252E-11  2.23714826E-11  2.87562097E-11  3.48260873E-11  4.09644515E-11 
 4.56969364E-11  4.91675176E-11  5.13033605E-11  5.18295462E-11  5.11782937E-11 
 5.02124004E-11  4.87469164E-11  4.75243746E-11  4.65812802E-11  4.17779723E-11 
 3.92049952E-11  2.93300192E-11  2.08173710E-11  9.16126013E-12  2.15571649E-11 
 4.37002755E-11  8.57450721E-12  5.58953321E-13  5.51830866E-14  1.50823139E-14 
 5.94572583E-15  3.40716393E-15  2.39053198E-15  1.92172103E-15  1.81715133E-15 
 1.96709958E-15  2.47440240E-15  3.29952871E-15  4.18298351E-15  5.57682127E-15 
 8.41027277E-15  1.37384659E-14  2.66503734E-14  6.23267835E-14  1.36506975E-13 
 2.56637497E-13  5.43642405E-13  1.15351050E-12  6.52282327E-12  1.29619442E-11 
 3.23444016E-11  6.84829442E-11  1.70627917E-10  3.43814759E-10  7.03896218E-10 
 1.43481539E-09  2.83977682E-09  5.58434076E-09  9.75274710E-09  1.62235637E-08 
 2.54207587E-08  3.89297773E-08  ) >                                            
CHI          5  1 ( > 
 1.34414447E-11  1.33410984E-11  1.32433700E-11  1.31462407E-11  1.30473469E-11 
 1.29351020E-11  1.28212670E-11  1.27079465E-11  1.25940882E-11  1.24633026E-11 
 1.23331789E-11  1.22930931E-11  1.24451900E-11  1.28044028E-11  1.33382936E-11 
 1.40094908E-11  1.43102932E-11  1.54033275E-11  1.58163775E-11  1.58226203E-11 
 1.62713216E-11  1.69112937E-11  1.79417766E-11  1.72105217E-11  1.48746875E-11 
 1.18595688E-11  8.80741833E-12  6.76101192E-12  4.06835338E-12  1.84277188E-12 
 8.30257061E-13  3.20750696E-13  4.38222673E-14  7.26419696E-15  1.31385881E-15 
 4.02109430E-16  1.81375923E-16  8.27922916E-18  2.09933132E-19  2.49781829E-20 
 5.64177340E-21  2.00400900E-21  8.32995708E-22  3.75045547E-22  1.18373143E-22 
-1.05510648E-22 -4.43931711E-22 -9.33628971E-22 -1.56929154E-21 -2.68320249E-21 
-5.24261918E-21 -1.10798403E-20 -2.89711105E-20 -9.17143245E-20 -2.74795432E-19 
-6.52821097E-19 -1.80337960E-18 -4.98835118E-18 -4.99635776E-17 -1.23372244E-16 
-4.16912476E-16 -1.12313149E-15 -3.73614208E-15 -9.37409726E-15 -2.39765736E-14 
-6.08027909E-14 -1.47931877E-13 -3.55529079E-13 -7.29666884E-13 -1.40354930E-12 
-2.48906735E-12 -4.27646048E-12  ) >                                            
AW           5  1 ( > 
-9.99999732E-01 -9.99998947E-01 -9.99997292E-01 -9.99993109E-01 -9.99978862E-01 
-9.99934842E-01 -9.99786128E-01 -9.99313904E-01 -9.97861788E-01 -9.94870757E-01 
-9.87999356E-01 -9.73235466E-01 -9.48435276E-01 -9.12482263E-01 -8.61932089E-01 
-7.90590142E-01 -6.81203561E-01 -5.78750174E-01 -4.91002311E-01 -4.12110071E-01 
-3.73605726E-01 -3.58102015E-01 -3.63261515E-01 -3.42872989E-01 -2.96342632E-01 
-2.40360435E-01 -1.82549396E-01 -1.43535396E-01 -9.03470541E-02 -4.26606972E-02 
-2.22444480E-02 -9.84702206E-03 -1.74792708E-03 -3.35579536E-04 -6.39648250E-05 
-2.93401705E-05 -6.76193874E-06 -1.20768581E-06 -2.80869398E-07 -8.31577329E-08 
-2.99578079E-08 -1.58059110E-08 -7.83418079E-09 -3.99941275E-09 -2.42306978E-09 
-1.86840097E-09 -1.74006509E-09 -2.30292312E-09 -2.83086366E-09 -2.59548303E-09 
-2.19214965E-09 -2.23235167E-09 -2.30031839E-09 -4.73540185E-09 -8.31593525E-09 
-8.62050016E-09 -9.85859223E-09 -8.18193934E-09 -7.94340060E-09 -1.21344157E-08 
-1.53345230E-08 -1.43339197E-08 -1.20433251E-08 -1.01148324E-08 -7.41404249E-09 
-6.00705629E-09 -5.05539730E-09 -4.84309851E-09 -4.88240779E-09 -4.97195502E-09 
-5.22975862E-09  6.49458446E-18  ) >                                            
RHO          5  2 ( > 
 9.56905075E-01  9.58721061E-01  9.54735840E-01  9.51008340E-01  9.02571319E-01 
 8.35455294E-01  7.68339269E-01  7.56273778E-01  7.44208288E-01  7.38507529E-01 
 7.36933028E-01  7.35358527E-01  6.92132746E-01  6.46197359E-01  5.99751731E-01 
 5.52833681E-01  5.03739284E-01  4.47052429E-01  3.73653919E-01  2.90105922E-01 
 2.04661991E-01  1.19218059E-01  5.96037289E-02  4.82464281E-03 -4.99544433E-02 
-1.25444699E-01 -2.06856329E-01 -2.90428442E-01 -3.92452011E-01 -5.02720884E-01 
-6.12989758E-01 -5.02488854E-01 -3.27815295E-01 -1.53141736E-01 -1.04677690E-01 
-5.62136431E-02 -7.74959656E-03 -1.55727017E-03  1.97068203E-04  7.70577300E-04 
 1.34408640E-03  3.07821018E-03  4.81233397E-03  4.46625162E-03  4.06181913E-03 
 3.65738664E-03  3.03805882E-03  2.41873099E-03  2.33231732E-03  2.24590366E-03 
 2.06291132E-03  1.87991899E-03  1.79945897E-03  1.71899895E-03  1.56609950E-03 
 1.37263447E-03  1.17916945E-03  1.01365007E-03  8.48130699E-04  6.78447892E-04 
 5.08765085E-04  3.58572165E-04  2.18009234E-04  1.00635055E-04  4.34168068E-05 
 2.27131900E-05  1.20338505E-05  7.17315855E-06  4.95873218E-06  3.81312505E-06 
 2.66751793E-06  1.51951947E-06  ) >                                            
RHWT         5  2 ( > 
 6.00000000E-01  5.00000000E-01  6.00000000E-01  6.00000000E-01  6.00000000E-01 
 4.00000000E-01  4.00000000E-01  4.00000000E-01  6.00000000E-01  9.00000000E-01 
 6.00000000E-01  6.00000000E-01  6.00000000E-01  8.00000000E-01  8.00000000E-01 
 8.00000000E-01  8.00000000E-01  8.00000000E-01  8.00000000E-01  8.00000000E-01 
 8.00000000E-01  5.00000000E-01  5.00000000E-01  8.00000000E-01  5.00000000E-01 
 6.00000000E-01  6.00000000E-01  5.00000000E-01  5.00000000E-01  5.00000000E-01 
 6.00000000E-01  4.00000000E-01  4.00000000E-01  4.00000000E-01  7.00000000E-01 
 5.00000000E-01  9.00000000E-01  8.00000000E-01  6.00000000E-01  4.00000000E-01 
 4.00000000E-01  4.00000000E-01  4.00000000E-01  4.00000000E-01  9.00000000E-01 
 9.00000000E-01  4.00000000E-01  7.00000000E-01  7.00000000E-01  9.00000000E-01 
 9.00000000E-01  6.00000000E-01  5.00000000E-01  5.00000000E-01  5.00000000E-01 
 9.00000000E-01  8.00000000E-01  4.00000000E-01  7.00000000E-01  6.00000000E-01 
 7.00000000E-01  8.00000000E-01  7.00000000E-01  9.00000000E-01  9.00000000E-01 
 9.00000000E-01  9.00000000E-01  9.00000000E-01  9.00000000E-01  9.00000000E-01 
 9.00000000E-01  9.00000000E-01  ) >                                            
JBAR         5  2 ( > 
 1.56140135E-06  1.52909395E-06  1.49717667E-06  1.46499989E-06  1.43175703E-06 
 1.39330666E-06  1.35390236E-06  1.31361339E-06  1.27193282E-06  1.21788811E-06 
 1.15776104E-06  1.11333447E-06  1.09907762E-06  1.08810259E-06  1.05527122E-06 
 1.02095538E-06  9.89530652E-07  9.60216946E-07  9.35433909E-07  9.09444848E-07 
 8.87012715E-07  8.69583704E-07  8.55332049E-07  8.41426003E-07  8.25026591E-07 
 8.08652254E-07  7.90859388E-07  7.73225510E-07  7.54657752E-07  7.17994295E-07 
 6.77146403E-07  5.29901543E-07  2.64328995E-07  2.28268918E-07  3.46991609E-07 
 1.00787645E-06  2.12660346E-06  2.74807390E-06  2.93792598E-06  3.04834920E-06 
 3.17308312E-06  3.27825832E-06  3.40138622E-06  3.54756444E-06  3.72534029E-06 
 3.91082286E-06  4.16975650E-06  4.37882188E-06  4.57460200E-06  4.82427215E-06 
 5.23930708E-06  5.79266287E-06  6.61750471E-06  7.84023386E-06  9.19360078E-06 
 1.04840725E-05  1.22328592E-05  1.42634805E-05  2.07977575E-05  2.40932869E-05 
 2.92875601E-05  3.44192902E-05  4.21381194E-05  4.92511543E-05  5.77547453E-05 
 6.76560485E-05  7.87525166E-05  9.15626170E-05  1.03706091E-04  1.16220328E-04 
 1.28542432E-04  1.41475079E-04  ) >                                            
CHI          5  2 ( > 
 1.56140136E-06  1.52909398E-06  1.49717676E-06  1.46500014E-06  1.43175409E-06 
 1.39330573E-06  1.35390119E-06  1.31361107E-06  1.27192908E-06  1.21788297E-06 
 1.15775361E-06  1.11332318E-06  1.09906339E-06  1.08808514E-06  1.05524890E-06 
 1.02092352E-06  9.89475430E-07  9.60132618E-07  9.35306892E-07  9.09268783E-07 
 8.86802085E-07  8.69352922E-07  8.55101073E-07  8.41172442E-07  8.24725686E-07 
 8.08261366E-07  7.90347716E-07  7.72572143E-07  7.53458720E-07  7.15864165E-07 
 6.73199105E-07  5.21822926E-07  2.45858738E-07  1.59959459E-07  1.32989674E-07 
 1.25620790E-07  2.63942084E-07  6.88510022E-07  1.18755965E-06  1.35799257E-06 
 1.42471138E-06  1.42858349E-06  1.24474317E-06  9.83683949E-07  7.91842171E-07 
 6.63518969E-07  5.89303349E-07  6.64517395E-07  7.05574489E-07  5.76411108E-07 
 4.18532226E-07  3.44329569E-07  2.65569240E-07  3.40569095E-07  4.08672473E-07 
 3.37479308E-07  3.00849448E-07  2.00469839E-07  1.65151791E-07  2.08616759E-07 
 2.16204416E-07  1.72270439E-07  1.18423906E-07  7.97738777E-08  4.43284595E-08 
 2.64004043E-08  1.61664336E-08  1.10535886E-08  8.37534504E-09  6.50314649E-09 
 5.40118225E-09 -2.14985150E-10  ) >                                            
AW           5  2 ( > 
-9.99999989E-01 -9.99999975E-01 -9.99999966E-01 -9.99999948E-01 -9.99999913E-01 
-9.99999850E-01 -9.99999735E-01 -9.99999551E-01 -9.99999246E-01 -9.99998897E-01 
-9.99998360E-01 -9.99997415E-01 -9.99996140E-01 -9.99994422E-01 -9.99991665E-01 
-9.99986267E-01 -9.99972721E-01 -9.99952152E-01 -9.99916104E-01 -9.99864147E-01 
-9.99812738E-01 -9.99771996E-01 -9.99753778E-01 -9.99707959E-01 -9.99622591E-01 
-9.99464152E-01 -9.99231129E-01 -9.98931303E-01 -9.97858908E-01 -9.95608285E-01 
-9.90696758E-01 -9.75926221E-01 -9.24892171E-01 -6.71080293E-01 -2.97761214E-01 
-1.16083561E-01 -1.16690224E-01 -2.49419825E-01 -4.03276700E-01 -4.45162652E-01 
-4.50086901E-01 -4.37794258E-01 -3.69213195E-01 -2.81479544E-01 -2.16321581E-01 
-1.72931490E-01 -1.45276040E-01 -1.53741108E-01 -1.55742599E-01 -1.21432010E-01 
-8.17511943E-02 -6.04910583E-02 -4.16710345E-02 -4.18444968E-02 -4.63167164E-02 
-3.34616842E-02 -2.56323586E-02 -1.57673460E-02 -8.94732164E-03 -8.94177698E-03 
-7.88994508E-03 -5.35983777E-03 -3.02293251E-03 -1.72020065E-03 -8.10909914E-04 
-4.12917536E-04 -2.17311913E-04 -1.27893454E-04 -8.57185020E-05 -5.92250484E-05 
-4.46860731E-05 -4.00120316E-18  ) >                                            
RHO          5  3 ( > 
 9.13832281E-01  9.13832268E-01  9.13593412E-01  9.11433609E-01  9.03297926E-01 
 8.94193201E-01  8.74947540E-01  8.55701878E-01  8.64659666E-01  8.76599670E-01 
 8.88343536E-01  8.95717668E-01  8.90661737E-01  8.85475383E-01  8.76455165E-01 
 8.65477266E-01  8.54246586E-01  8.42280151E-01  8.28045771E-01  8.11219190E-01 
 7.94392610E-01  7.78113647E-01  7.65935345E-01  7.54085166E-01  7.39530929E-01 
 7.23889489E-01  7.06679689E-01  6.88477302E-01  6.67824868E-01  6.31861764E-01 
 5.87171261E-01  5.42480758E-01  4.50904964E-01  3.47960724E-01  2.45016485E-01 
 1.42072245E-01  3.91280060E-02 -1.41156799E-02 -6.22622401E-03  1.66323189E-03 
 4.81720288E-03  7.97117388E-03  1.26967179E-02  1.74222619E-02  1.98808004E-02 
 2.00900886E-02  1.75768220E-02  1.50635554E-02  1.25620027E-02  1.03705493E-02 
 8.17909589E-03  6.11298282E-03  5.44211593E-03  4.85822491E-03  4.27433389E-03 
 3.65318928E-03  3.03204466E-03  2.26867264E-03  1.50530062E-03  7.86589222E-04 
 5.73324063E-04  3.60058904E-04  1.75666865E-04  7.44724777E-05  3.14358195E-05 
 1.57922150E-05  8.33980117E-06  4.95086308E-06  3.35202685E-06  2.40112442E-06 
 1.75471641E-06  1.10830841E-06  ) >                                            
RHWT         5  3 ( > 
 4.00000000E-01  4.00000000E-01  4.00000000E-01  4.00000000E-01  6.00000000E-01 
 5.00000000E-01  4.00000000E-01  5.00000000E-01  5.00000000E-01  5.00000000E-01 
 7.00000000E-01  6.00000000E-01  6.00000000E-01  6.00000000E-01  6.00000000E-01 
 6.00000000E-01  6.00000000E-01  6.00000000E-01  6.00000000E-01  6.00000000E-01 
 7.00000000E-01  5.00000000E-01  4.00000000E-01  4.00000000E-01  4.00000000E-01 
 5.00000000E-01  7.00000000E-01  7.00000000E-01  7.00000000E-01  6.00000000E-01 
 5.00000000E-01  7.00000000E-01  7.00000000E-01  4.00000000E-01  5.00000000E-01 
 4.00000000E-01  5.00000000E-01  4.00000000E-01  6.00000000E-01  9.00000000E-01 
 9.00000000E-01  8.00000000E-01  5.00000000E-01  5.00000000E-01  9.00000000E-01 
 9.00000000E-01  9.00000000E-01  9.00000000E-01  9.00000000E-01  9.00000000E-01 
 9.00000000E-01  9.00000000E-01  9.00000000E-01  9.00000000E-01  4.00000000E-01 
 9.00000000E-01  9.00000000E-01  4.00000000E-01  5.00000000E-01  8.00000000E-01 
 9.00000000E-01  7.00000000E-01  9.00000000E-01  9.00000000E-01  9.00000000E-01 
 9.00000000E-01  9.00000000E-01  9.00000000E-01  9.00000000E-01  9.00000000E-01 
 9.00000000E-01  9.00000000E-01  ) >                                            
JBAR         5  3 ( > 
 7.93712646E-06  7.87148109E-06  7.80618490E-06  7.73990019E-06  7.67092377E-06 
 7.59049509E-06  7.50732653E-06  7.42148228E-06  7.33177700E-06  7.21403604E-06 
 7.08103395E-06  6.98131750E-06  6.94906248E-06  6.92415343E-06  6.84907461E-06 
 6.76977208E-06  6.69637958E-06  6.62722911E-06  6.56819899E-06  6.50569224E-06 
 6.45120193E-06  6.40848804E-06  6.37329805E-06  6.33874417E-06  6.29770065E-06 
 6.25637832E-06  6.21102290E-06  6.16557388E-06  6.11712830E-06  6.01974385E-06 
 5.90773956E-06  5.48420982E-06  4.52698321E-06  4.29267526E-06  4.53674942E-06 
 6.54655469E-06  1.00795481E-05  1.17069951E-05  1.23243173E-05  1.27020361E-05 
 1.31224788E-05  1.34934770E-05  1.39676236E-05  1.46202928E-05  1.55633180E-05 
 1.64908240E-05  1.75240073E-05  1.82989239E-05  1.88323816E-05  1.93506153E-05 
 2.01040520E-05  2.10241050E-05  2.21723758E-05  2.38668892E-05  2.53071815E-05 
 2.66697578E-05  2.83754381E-05  3.01605440E-05  3.50654982E-05  3.72800766E-05 
 4.03923071E-05  4.32538817E-05  4.70788754E-05  5.02850460E-05  5.38266261E-05 
 5.76431673E-05  6.16164957E-05  6.58920717E-05  6.97004239E-05  7.34229121E-05 
 7.69212883E-05  8.04423147E-05  ) >                                            
CHI          5  3 ( > 
 7.93712655E-06  7.87148150E-06  7.80618566E-06  7.73990206E-06  7.67097477E-06 
 7.59048595E-06  7.50731730E-06  7.42146035E-06  7.33173596E-06  7.21397107E-06 
 7.08093039E-06  6.98114834E-06  6.94883334E-06  6.92386516E-06  6.84873380E-06 
 6.76936517E-06  6.69584691E-06  6.62662417E-06  6.56755314E-06  6.50501747E-06 
 6.45056725E-06  6.40790046E-06  6.37277661E-06  6.33822683E-06  6.29713554E-06 
 6.25569703E-06  6.21017895E-06  6.16454773E-06  6.11532214E-06  6.01657348E-06 
 5.90213221E-06  5.47133672E-06  4.49409155E-06  4.06323934E-06  3.16141439E-06 
 2.87565109E-06  3.97164386E-06  6.74904779E-06  8.96746109E-06  9.64404480E-06 
 9.98407223E-06  1.01267454E-05  9.72260480E-06  8.92015661E-06  8.32286169E-06 
 7.68611302E-06  7.33263182E-06  7.94251982E-06  8.20662101E-06  6.89871708E-06 
 5.12846110E-06  3.95679396E-06  2.76261574E-06  2.82288754E-06  3.05300408E-06 
 2.20662682E-06  1.69636842E-06  1.00920203E-06  6.00708621E-07  6.25062998E-07 
 5.51796874E-07  3.67852123E-07  1.97481616E-07  1.07762833E-07  4.85308969E-08 
 2.37107766E-08  1.20300832E-08  6.86101475E-09  4.50328453E-09  3.06715894E-09 
 2.29024016E-09 -8.91591507E-11  ) >                                            
AW           5  3 ( > 
-9.99999989E-01 -9.99999975E-01 -9.99999966E-01 -9.99999948E-01 -9.99999913E-01 
-9.99999850E-01 -9.99999735E-01 -9.99999552E-01 -9.99999249E-01 -9.99998908E-01 
-9.99998393E-01 -9.99997524E-01 -9.99996475E-01 -9.99995330E-01 -9.99993980E-01 
-9.99992081E-01 -9.99988641E-01 -9.99985890E-01 -9.99983411E-01 -9.99980770E-01 
-9.99979904E-01 -9.99979924E-01 -9.99981184E-01 -9.99980296E-01 -9.99977037E-01 
-9.99970399E-01 -9.99960622E-01 -9.99948782E-01 -9.99903083E-01 -9.99807787E-01 
-9.99605498E-01 -9.98956546E-01 -9.96147127E-01 -9.64404501E-01 -7.85106875E-01 
-4.94654344E-01 -4.05344938E-01 -5.72221233E-01 -7.28468007E-01 -7.59899767E-01 
-7.62091178E-01 -7.52602529E-01 -7.00061320E-01 -6.17053592E-01 -5.44239503E-01 
-4.76961208E-01 -4.28738078E-01 -4.42012633E-01 -4.42371381E-01 -3.63167672E-01 
-2.61166172E-01 -1.93141061E-01 -1.29134165E-01 -1.19495087E-01 -1.24760568E-01 
-8.60854472E-02 -6.26302229E-02 -3.67028613E-02 -1.85607319E-02 -1.73162645E-02 
-1.42186598E-02 -8.86170918E-03 -4.36960687E-03 -2.21734903E-03 -9.33020619E-04 
-4.27121817E-04 -2.03578940E-04 -1.09075172E-04 -6.79608698E-05 -4.40430555E-05 
-3.15285007E-05  8.30231118E-18  ) >                                            
RHO          5  4 ( > 
 8.65280906E-01  8.65280909E-01  8.65280896E-01  8.65274285E-01  8.65265785E-01 
 8.65257250E-01  8.55693288E-01  8.33713290E-01  8.11733291E-01  8.24733906E-01 
 8.37393947E-01  8.48291621E-01  8.48902331E-01  8.46470552E-01  8.38946526E-01 
 8.27235142E-01  8.15523758E-01  8.04550640E-01  7.92973598E-01  7.79959614E-01 
 7.67835132E-01  7.57155970E-01  7.48711524E-01  7.39649093E-01  7.29550445E-01 
 7.17907507E-01  7.05031580E-01  6.92583383E-01  6.79249831E-01  6.64704213E-01 
 6.50158594E-01  6.56822522E-01  6.63486450E-01  5.94663606E-01  3.54511476E-01 
 1.14359345E-01  1.07405741E-02  3.05300325E-03 -2.86259962E-03 -5.46686078E-03 
-4.60326495E-03 -2.96287573E-03  1.67959152E-05  2.99646756E-03  4.85519597E-03 
 4.61913912E-03  4.38308227E-03  4.13985199E-03  3.89662171E-03  3.65339143E-03 
 3.22307426E-03  2.69832809E-03  2.17358192E-03  1.85341784E-03  1.53325376E-03 
 1.18852044E-03  8.43787113E-04  6.06994351E-04  3.75479393E-04  1.43964436E-04 
 5.39859713E-05  3.13698610E-05  1.52535271E-05  5.60010915E-06  1.90393620E-06 
 6.47527432E-07  1.45796846E-07 -2.23909727E-08 -7.32099050E-08 -7.87912172E-08 
-8.43725294E-08 -9.58941527E-08  ) >                                            
RHWT         5  4 ( > 
 4.00000000E-01  4.00000000E-01  4.00000000E-01  4.00000000E-01  4.00000000E-01 
 4.00000000E-01  4.00000000E-01  5.00000000E-01  5.00000000E-01  5.00000000E-01 
 4.00000000E-01  4.00000000E-01  4.00000000E-01  4.00000000E-01  4.00000000E-01 
 4.00000000E-01  4.00000000E-01  4.00000000E-01  4.00000000E-01  4.00000000E-01 
 4.00000000E-01  4.00000000E-01  4.00000000E-01  4.00000000E-01  4.00000000E-01 
 4.00000000E-01  4.00000000E-01  4.00000000E-01  4.00000000E-01  4.00000000E-01 
 4.00000000E-01  4.00000000E-01  6.00000000E-01  7.00000000E-01  5.00000000E-01 
 6.00000000E-01  4.00000000E-01  5.00000000E-01  7.00000000E-01  9.00000000E-01 
 8.00000000E-01  6.00000000E-01  4.00000000E-01  9.00000000E-01  7.00000000E-01 
 5.00000000E-01  4.00000000E-01  5.00000000E-01  9.00000000E-01  6.00000000E-01 
 6.00000000E-01  8.00000000E-01  4.00000000E-01  6.00000000E-01  7.00000000E-01 
 9.00000000E-01  9.00000000E-01  4.00000000E-01  6.00000000E-01  5.00000000E-01 
 7.00000000E-01  7.00000000E-01  6.00000000E-01  9.00000000E-01  9.00000000E-01 
 9.00000000E-01  9.00000000E-01  9.00000000E-01  9.00000000E-01  9.00000000E-01 
 9.00000000E-01  5.00000000E-01  ) >                                            
JBAR         5  4 ( > 
 2.30642258E-06  2.29712839E-06  2.28790827E-06  2.27857456E-06  2.26889058E-06 
 2.25763716E-06  2.24604557E-06  2.23413132E-06  2.22173808E-06  2.20556357E-06 
 2.18742443E-06  2.17392432E-06  2.16958291E-06  2.16624232E-06  2.15618651E-06 
 2.14562754E-06  2.13592261E-06  2.12685593E-06  2.11917761E-06  2.11111876E-06 
 2.10416367E-06  2.09877635E-06  2.09438054E-06  2.09006898E-06  2.08497504E-06 
 2.07989096E-06  2.07440727E-06  2.06901325E-06  2.06339063E-06  2.05236708E-06 
 2.04057975E-06  1.99465427E-06  1.90718405E-06  1.91236880E-06  2.16687093E-06 
 3.21733264E-06  3.96796423E-06  4.06038998E-06  4.05783754E-06  4.07227999E-06 
 4.12142442E-06  4.18766009E-06  4.29191220E-06  4.44744529E-06  4.66133569E-06 
 4.84251804E-06  4.99859832E-06  5.13340693E-06  5.21683351E-06  5.29763574E-06 
 5.41241700E-06  5.55020530E-06  5.72813194E-06  5.98904923E-06  6.19030608E-06 
 6.37939733E-06  6.61427606E-06  6.85331350E-06  7.47249508E-06  7.76666089E-06 
 8.16744455E-06  8.52379866E-06  8.98927609E-06  9.37400137E-06  9.79447924E-06 
 1.02427631E-05  1.07045549E-05  1.11965142E-05  1.16308472E-05  1.20522281E-05 
 1.24456634E-05  1.28393407E-05  ) >                                            
CHI          5  4 ( > 
 2.30642263E-06  2.29712852E-06  2.28790844E-06  2.27857482E-06  2.26889113E-06 
 2.25763964E-06  2.24604078E-06  2.23412644E-06  2.22172906E-06  2.20554947E-06 
 2.18740193E-06  2.17388720E-06  2.16952987E-06  2.16617179E-06  2.15609768E-06 
 2.14551334E-06  2.13575950E-06  2.12664463E-06  2.11890985E-06  2.11079144E-06 
 2.10380343E-06  2.09840393E-06  2.09402246E-06  2.08968862E-06  2.08453262E-06 
 2.07932660E-06  2.07367334E-06  2.06808277E-06  2.06169874E-06  2.04927393E-06 
 2.03510832E-06  1.98254139E-06  1.87139386E-06  1.63216383E-06  1.09970866E-06 
 8.15043909E-07  7.14107822E-07  1.25075492E-06  1.88622061E-06  2.02515214E-06 
 2.04321672E-06  2.00642662E-06  1.74463033E-06  1.39128927E-06  1.12644457E-06 
 9.38261986E-07  8.14752105E-07  8.74815015E-07  8.89484961E-07  6.92581153E-07 
 4.66075051E-07  3.44643527E-07  2.38915836E-07  2.35652443E-07  2.62456749E-07 
 1.94272729E-07  1.52936344E-07  9.14640951E-08  4.29166639E-08  3.64043154E-08 
 2.90800747E-08  1.62842791E-08  7.16542411E-09  3.54052543E-09  1.47348187E-09 
 6.74193516E-10  3.24368309E-10  1.76741113E-10  1.12252150E-10  7.43738652E-11 
 5.42906089E-11  1.23092110E-12  ) >                                            
AW           5  4 ( > 
-9.99999989E-01 -9.99999975E-01 -9.99999966E-01 -9.99999948E-01 -9.99999913E-01 
-9.99999850E-01 -9.99999735E-01 -9.99999552E-01 -9.99999248E-01 -9.99998905E-01 
-9.99998383E-01 -9.99997497E-01 -9.99996404E-01 -9.99995163E-01 -9.99993593E-01 
-9.99991171E-01 -9.99986298E-01 -9.99981229E-01 -9.99974835E-01 -9.99966967E-01 
-9.99961415E-01 -9.99958115E-01 -9.99958299E-01 -9.99954042E-01 -9.99944308E-01 
-9.99925710E-01 -9.99898757E-01 -9.99866015E-01 -9.99745153E-01 -9.99500178E-01 
-9.99033956E-01 -9.97896388E-01 -9.94038897E-01 -9.41824601E-01 -6.75336139E-01 
-3.14170378E-01 -1.94028519E-01 -3.14662158E-01 -4.61751364E-01 -4.95212398E-01 
-4.94564205E-01 -4.78696091E-01 -4.07449065E-01 -3.15843169E-01 -2.47225074E-01 
-1.99103495E-01 -1.66911595E-01 -1.74152189E-01 -1.73815361E-01 -1.33976539E-01 
-8.90787510E-02 -6.45246675E-02 -4.37869048E-02 -4.12123407E-02 -4.38702231E-02 
-3.16009949E-02 -2.39364176E-02 -1.38545158E-02 -5.62660103E-03 -4.91497879E-03 
-3.58039894E-03 -1.94146085E-03 -8.12408542E-04 -3.83315579E-04 -1.52349171E-04 
-6.64707477E-05 -3.04483412E-05 -1.57632354E-05 -9.57815960E-06 -6.07748003E-06 
-4.27787434E-06  6.99449043E-18  ) >                                            
NK                ( > 
 1.39641689E+04  2.40031502E+04  3.85135060E+04  6.23079666E+04  1.02845540E+05 
 1.85612153E+05  3.49082841E+05  6.99974627E+05  1.37686147E+06  2.69533623E+06 
 4.60205676E+06  7.95425362E+06  1.35061375E+07  2.17507769E+07  3.31562900E+07 
 4.87279404E+07  7.06288134E+07  1.05704549E+08  1.44068875E+08  1.93893980E+08 
 2.45066685E+08  2.93474766E+08  3.37418015E+08  3.77926646E+08  4.27352399E+08 
 4.80166694E+08  5.50390191E+08  6.29752935E+08  7.26855747E+08  9.53933319E+08 
 1.31022835E+09  1.93189395E+09  3.28260262E+09  5.50423809E+09  1.33832915E+10 
 3.04556418E+10  3.36816760E+10  1.93572473E+10  1.29267333E+10  1.33422187E+10 
 1.57032688E+10  1.78511585E+10  2.18472495E+10  2.77096270E+10  3.76405612E+10 
 4.99970872E+10  7.03868104E+10  9.47255697E+10  1.17021090E+11  1.46269284E+11 
 1.97772170E+11  2.77591021E+11  4.21235669E+11  7.08627596E+11  1.07783293E+12 
 1.51975636E+12  2.28730829E+12  3.42662405E+12  8.82417827E+12  1.28692302E+13 
 2.10235950E+13  3.14823589E+13  5.15227574E+13  7.52705170E+13  1.11132363E+14 
 1.63907591E+14  2.38158639E+14  3.44740600E+14  4.67115812E+14  6.15802307E+14 
 7.83507112E+14  9.81777013E+14  ) >                                            
ND           1    ( > 
 1.38014583E-03  4.43767882E-03  1.19873890E-02  3.32655895E-02  9.46672477E-02 
 3.25311809E-01  1.30822742E+00  4.59569726E+00  1.78113023E+01  6.66122970E+01 
 1.87523378E+02  5.28875414E+02  1.41624408E+03  3.38787867E+03  7.24734392E+03 
 1.44165313E+04  2.77758291E+04  5.73488531E+04  1.01932100E+05  1.81792973E+05 
 2.90630049E+05  4.15271449E+05  5.48742325E+05  7.10688461E+05  9.63317235E+05 
 1.28159568E+06  1.79011152E+06  2.43555874E+06  3.31339853E+06  6.32528796E+06 
 1.25255149E+07  2.93450053E+07  6.87431787E+07  6.45330671E+08  3.46916115E+09 
 2.19889408E+10  2.59781273E+11  1.64490885E+12  8.03391750E+12  3.27249362E+13 
 1.18466100E+14  2.75399821E+14  6.05908187E+14  1.26173754E+15  2.53648703E+15 
 4.11586353E+15  6.20849458E+15  7.90278586E+15  9.05204901E+15  1.00667399E+16 
 1.13709490E+16  1.26540697E+16  1.36877338E+16  1.46155436E+16  1.45993137E+16 
 1.45967397E+16  1.45273877E+16  1.43542063E+16  1.39428731E+16  1.37726100E+16 
 1.34038387E+16  1.30915668E+16  1.27085220E+16  1.24345318E+16  1.21932035E+16 
 1.19703684E+16  1.17663136E+16  1.15400650E+16  1.13128718E+16  1.10746052E+16 
 1.07913907E+16  1.04561556E+16  ) >                                            
ND           2    ( > 
 1.56688138E-11  3.45977420E-11  1.03779883E-10  3.17477205E-10  7.84370112E-10 
 2.21981102E-09  3.63913975E-08  2.97338667E-07  1.19602688E-06  4.65293384E-06 
 1.42988787E-05  4.84099245E-05  1.83122539E-04  6.20638259E-04  1.91181671E-03 
 5.34387156E-03  1.45729319E-02  4.34970233E-02  1.06078580E-01  2.52198899E-01 
 5.01301971E-01  8.47358239E-01  1.26408560E+00  1.78595952E+00  2.59316344E+00 
 3.71450092E+00  5.50151512E+00  8.05636097E+00  1.20239799E+01  2.33282101E+01 
 4.82574562E+01  1.08537778E+02  2.45807622E+02  1.27304293E+03  1.40256269E+04 
 4.08848361E+04  4.39641235E+04  1.39394360E+04  6.29877651E+03  6.77970933E+03 
 9.28419506E+03  1.19577546E+04  1.77654643E+04  2.84947656E+04  5.16253800E+04 
 8.64485162E+04  1.53932726E+05  2.49036471E+05  3.47407462E+05  4.86748534E+05 
 7.63678157E+05  1.25808034E+06  2.30783083E+06  4.98275449E+06  9.07645480E+06 
 1.49742188E+07  2.70723390E+07  4.84649469E+07  1.84722848E+08  3.14937433E+08 
 6.24743244E+08  1.09802068E+09  2.17287235E+09  3.67099707E+09  6.29601585E+09 
 1.07773289E+10  1.80534941E+10  3.00259340E+10  4.54989025E+10  6.62824253E+10 
 9.17288410E+10  1.23991495E+11  ) >                                            
ND           3    ( > 
 1.21678558E-13  3.58920862E-13  1.01590833E-12  2.93208037E-12  6.50264015E-12 
 1.49659957E-11  2.18143929E-10  1.69982495E-09  1.05492544E-08  4.10974101E-08 
 1.16429146E-07  3.62877452E-07  1.20621660E-06  3.60926594E-06  1.01281780E-05 
 2.64753671E-05  6.76911885E-05  1.89483510E-04  4.30307280E-04  9.55237106E-04 
 1.79677296E-03  2.91691046E-03  4.22377641E-03  5.79363773E-03  8.15026538E-03 
 1.12977724E-02  1.62868636E-02  2.32344793E-02  3.37920076E-02  6.35401247E-02 
 1.30832562E-01  2.67998062E-01  6.52799772E-01  3.84241231E+00  5.30440932E+01 
 5.05821631E+02  8.31555651E+02  3.08612796E+02  1.40687943E+02  1.51960162E+02 
 2.09447291E+02  2.70786765E+02  4.02744345E+02  6.43054359E+02  1.15063820E+03 
 1.91611111E+03  3.45231591E+03  5.64497771E+03  8.02815183E+03  1.15925374E+04 
 1.91150646E+04  3.34448262E+04  6.69489432E+04  1.60358358E+05  3.25361564E+05 
 5.84574353E+05  1.16819062E+06  2.31302175E+06  1.12951682E+07  2.11685659E+07 
 4.77162878E+07  9.31812170E+07  2.10538129E+08  3.93944104E+08  7.49826100E+08 
 1.42325549E+09  2.63218519E+09  4.82840469E+09  7.93195398E+09  1.24388728E+10 
 1.83706790E+10  2.64121843E+10  ) >                                            
ND           4    ( > 
 3.07006795E-13  1.01302131E-12  2.95202579E-12  8.76745056E-12  2.72372291E-11 
 1.03026137E-10  4.19722553E-10  1.72201293E-09  6.67386277E-09  2.54500713E-08 
 7.55110535E-08  2.41612184E-07  7.79205556E-07  2.25009034E-06  5.96681245E-06 
 1.48149113E-05  3.61648936E-05  9.53284383E-05  2.05371695E-04  4.28014523E-04 
 7.62009907E-04  1.18273379E-03  1.65577423E-03  2.19313125E-03  2.96741825E-03 
 3.94932858E-03  5.45699591E-03  7.45526999E-03  1.03598846E-02  1.80500211E-02 
 3.40571287E-02  6.03926260E-02  1.00661993E-01  4.71025356E-01  8.11024573E+00 
 9.06955678E+01  1.91688149E+02  7.91662759E+01  3.81898245E+01  4.23456629E+01 
 5.98407180E+01  7.88202447E+01  1.19648358E+02  1.95726498E+02  3.61377437E+02 
 6.21315360E+02  1.16103015E+03  1.94010307E+03  2.80233971E+03  4.10907477E+03 
 6.92264922E+03  1.24263067E+04  2.56611222E+04  6.39794616E+04  1.34933343E+05 
 2.50007067E+05  5.18161181E+05  1.06422872E+06  5.64973612E+06  1.09710609E+07 
 2.59233463E+07  5.25924031E+07  1.24504621E+08  2.41448352E+08  4.76632844E+08 
 9.38006693E+08  1.79587701E+09  3.40918407E+09  5.76099594E+09  9.27034649E+09 
 1.40061975E+10  2.05766531E+10  ) >                                            
ND           5    ( > 
 4.13881461E-13  1.36389682E-12  3.94166354E-12  1.16099062E-11  2.27043136E-11 
 3.50860617E-11  1.96949412E-10  1.20569376E-09  6.64501260E-09  2.73459088E-08 
 8.33169482E-08  2.71238388E-07  8.73189615E-07  2.51168703E-06  6.54450687E-06 
 1.59003426E-05  3.78283011E-05  9.74418945E-05  2.05648619E-04  4.18818506E-04 
 7.30300665E-04  1.11296790E-03  1.53573623E-03  2.00148164E-03  2.65916913E-03 
 3.46796078E-03  4.69478136E-03  6.27751860E-03  8.52222863E-03  1.43815958E-02 
 2.61363367E-02  4.64330895E-02  8.39588221E-02  3.31798623E-01  4.72122658E+00 
 5.25684273E+01  1.21538493E+02  5.01977726E+01  2.46829110E+01  2.68724228E+01 
 3.82832296E+01  5.09294690E+01  7.84942755E+01  1.31169995E+02  2.47799723E+02 
 4.35783635E+02  8.28024043E+02  1.40505151E+03  2.04586949E+03  3.02470592E+03 
 5.15219264E+03  9.36704575E+03  1.96546703E+04  5.00105835E+04  1.07404923E+05 
 2.01903263E+05  4.25694820E+05  8.89484497E+05  4.92023419E+06  9.70144388E+06 
 2.34030447E+07  4.83265948E+07  1.16898215E+08  2.30471729E+08  4.62692538E+08 
 9.25919036E+08  1.80135050E+09  3.47423173E+09  5.94816845E+09  9.68641387E+09 
 1.47897005E+10  2.19458586E+10  ) >                                            
BD           1    ( > 
 1.91245210E+11  1.67080636E+11  1.41977551E+11  1.20437940E+11  9.86766267E+10 
 7.73258204E+10  6.38311840E+10  3.91509136E+10  2.72749741E+10  1.86273805E+10 
 1.33695872E+10  9.29150132E+09  6.31527887E+09  4.35421205E+09  3.06597050E+09 
 2.18813388E+09  1.55617584E+09  1.04669647E+09  7.48653783E+08  5.26895711E+08 
 3.90420404E+08  3.06697215E+08  2.52113996E+08  2.08429697E+08  1.65389806E+08 
 1.29726144E+08  9.66918592E+07  7.11110765E+07  5.00288531E+07  2.37670623E+07 
 8.51681617E+06  1.90960797E+06  1.38697006E+05  2.23836452E+04  3.94268854E+02 
 1.66318189E+01  4.60314296E+00  3.16825503E+00  3.23036238E+00  2.27461708E+00 
 1.64264696E+00  1.31125316E+00  1.13824185E+00  1.02304438E+00  9.74103544E-01 
 9.35831976E-01  9.03415566E-01  9.00233195E-01  8.97258305E-01  8.99601754E-01 
 8.97484869E-01  8.93895443E-01  9.00067585E-01  8.99031253E-01  9.39956949E-01 
 9.59963430E-01  9.79674639E-01  1.00379715E+00  1.00774182E+00  1.00174813E+00 
 1.00877513E+00  1.00926640E+00  1.00602162E+00  1.00358905E+00  1.00217874E+00 
 1.00145123E+00  1.00098924E+00  1.00068374E+00  1.00050585E+00  1.00038344E+00 
 1.00030234E+00  1.00024123E+00  ) >                                            
BD           2    ( > 
 1.32684886E+03  8.53244138E+02  8.67797675E+02  8.81644534E+02  6.89267673E+02 
 5.02732515E+02  1.95125748E+03  3.28111660E+03  2.83068056E+03  2.39658772E+03 
 2.17533037E+03  2.11697938E+03  2.38453832E+03  2.71025141E+03  3.16656378E+03 
 3.64116609E+03  4.20867366E+03  4.86898964E+03  5.62293006E+03  6.38185450E+03 
 6.98965292E+03  7.46003583E+03  7.76893824E+03  7.99341250E+03  8.07853090E+03 
 8.15611055E+03  8.01057887E+03  7.86101735E+03  7.68077230E+03  6.41373238E+03 
 4.89716833E+03  2.96005151E+03  1.02431224E+03  7.03212603E+02  3.81946999E+02 
 7.76178514E+01  2.38534053E+01  8.71520383E+00  4.46770022E+00  2.78273101E+00 
 1.89988487E+00  1.49218203E+00  1.25904917E+00  1.11136781E+00  1.02730748E+00 
 9.72886070E-01  9.29725090E-01  9.20909037E-01  9.17386261E-01  9.13863176E-01 
 9.08259251E-01  9.02628099E-01  9.04829805E-01  9.21954775E-01  9.41296159E-01 
 9.60639276E-01  9.79892490E-01  9.99146476E-01  1.00565861E+00  1.00683603E+00 
 1.00803724E+00  1.00932559E+00  1.00603406E+00  1.00359324E+00  1.00217583E+00 
 1.00144413E+00  1.00097904E+00  1.00067147E+00  1.00049227E+00  1.00036902E+00 
 1.00028738E+00  1.00022588E+00  ) >                                            
BD           3    ( > 
 5.40382646E+00  4.70226256E+00  4.57584263E+00  4.45384598E+00  3.18078842E+00 
 1.92995046E+00  6.83839792E+00  1.13056227E+01  1.55487526E+01  1.36180057E+01 
 1.17097934E+01  1.07942691E+01  1.10048182E+01  1.13570775E+01  1.24093933E+01 
 1.36869611E+01  1.52169837E+01  1.70500589E+01  1.88963494E+01  2.07439847E+01 
 2.21991053E+01  2.33463217E+01  2.41089345E+01  2.46774756E+01  2.49508679E+01 
 2.51968684E+01  2.50763962E+01  2.49460585E+01  2.48121380E+01  2.22244350E+01 
 1.92741844E+01  1.28459912E+01  6.42406158E+00  7.31670918E+00  8.22667885E+00 
 8.44926052E+00  6.30867065E+00  4.17752074E+00  2.95593411E+00  2.31084455E+00 
 1.88150360E+00  1.64981293E+00  1.49081830E+00  1.37028772E+00  1.26831838E+00 
 1.18438475E+00  1.10852477E+00  1.06037669E+00  1.03819114E+00  1.02001410E+00 
 1.00183420E+00  9.82931944E-01  9.74233723E-01  9.70203766E-01  9.82827359E-01 
 9.95452870E-01  1.00480917E+00  1.01416637E+00  1.01580563E+00  1.01179344E+00 
 1.00779137E+00  1.00575624E+00  1.00315504E+00  1.00170087E+00  1.00093644E+00 
 1.00058118E+00  1.00036983E+00  1.00023911E+00  1.00016693E+00  1.00011929E+00 
 1.00008916E+00  1.00006713E+00  ) >                                            
BD           4    ( > 
 8.12675886E+00  7.94624608E+00  7.99985246E+00  8.05585058E+00  8.10861486E+00 
 8.15025362E+00  8.14654073E+00  7.16729027E+00  6.22659609E+00  5.39915430E+00 
 4.90881659E+00  4.69208851E+00  4.68941990E+00  4.71650958E+00  4.91501512E+00 
 5.19491564E+00  5.56402620E+00  5.93710087E+00  6.30838889E+00  6.58230064E+00 
 6.74231685E+00  6.84047151E+00  6.88060320E+00  6.85916441E+00  6.74563392E+00 
 6.61657128E+00  6.40108358E+00  6.18377438E+00  5.96710801E+00  5.13144909E+00 
 4.27082719E+00  2.63467432E+00  9.99766173E-01  1.03336947E+00  1.72756465E+00 
 2.42292697E+00  2.73517425E+00  2.34879521E+00  1.96260935E+00  1.70336586E+00 
 1.50892730E+00  1.39911032E+00  1.32117943E+00  1.26390159E+00  1.21295145E+00 
 1.16597027E+00  1.11899181E+00  1.07659612E+00  1.05693718E+00  1.03837508E+00 
 1.01981007E+00  1.00059695E+00  9.88381445E-01  9.80127657E-01  9.91106732E-01 
 1.00208777E+00  1.00923122E+00  1.01637560E+00  1.01304070E+00  1.00964153E+00 
 1.00624866E+00  1.00434471E+00  1.00223272E+00  1.00114818E+00  1.00060794E+00 
 1.00036753E+00  1.00022857E+00  1.00014471E+00  1.00009932E+00  1.00006986E+00 
 1.00005150E+00  1.00003825E+00  ) >                                            
BD           5    ( > 
 7.20228969E+00  7.04781067E+00  7.05256828E+00  7.06078148E+00  4.48651661E+00 
 1.84913996E+00  2.55762073E+00  3.37418204E+00  4.19066706E+00  3.94210902E+00 
 3.69671431E+00  3.61178114E+00  3.62058940E+00  3.64387386E+00  3.74699687E+00 
 3.89127918E+00  4.07874273E+00  4.27532802E+00  4.47193893E+00  4.58583025E+00 
 4.62462321E+00  4.62606494E+00  4.60228890E+00  4.53217570E+00  4.39940520E+00 
 4.25122574E+00  4.05579912E+00  3.85957348E+00  3.66433718E+00  3.10270370E+00 
 2.54101031E+00  1.61987114E+00  6.99503036E-01  6.49215410E-01  9.72926759E-01 
 1.45783516E+00  1.94054005E+00  1.78882767E+00  1.60293507E+00  1.41638328E+00 
 1.30013657E+00  1.23872420E+00  1.20068741E+00  1.18195482E+00  1.16320122E+00 
 1.14214447E+00  1.10868397E+00  1.07522512E+00  1.05781667E+00  1.04040796E+00 
 1.02286668E+00  1.00452333E+00  9.92236791E-01  9.83763135E-01  9.94201961E-01 
 1.00464276E+00  1.01100973E+00  1.01737764E+00  1.01421778E+00  1.00991200E+00 
 1.00568467E+00  1.00386933E+00  1.00194088E+00  1.00098231E+00  1.00051429E+00 
 1.00030824E+00  1.00019021E+00  1.00011954E+00  1.00008157E+00  1.00005706E+00 
 1.00004187E+00  1.00003095E+00  ) >                                            
USE ( INPUT ) > 
