> from Overall Iteration 11 of 11                                Pandora 78.018
> Run Data:    72    5    3  0  0  HE   1   2014-Mar-24 17:14:46    56740.71859
> LEID       MODEL LEID   13 L He      ITER 99-09   2014-Mar-24                 
> -------.---------.---------.---------.---------.---------.---------.---------.
> LEID       MODEL LEID   13 L He      ITER 99-09   2014-Mar-24                 
HEK               ( > 
 3.40813710E+01  8.91442425E+01  2.22488664E+02  5.76393650E+02  1.59335783E+03 
 5.31132456E+03  1.82725689E+04  6.00255296E+04  1.60738833E+05  3.62661812E+05 
 6.52395056E+05  1.15665499E+06  1.98647884E+06  3.20975697E+06  4.90395018E+06 
 7.19921063E+06  1.04108663E+07  1.54873533E+07  2.09417306E+07  2.78829195E+07 
 3.51748293E+07  4.20676902E+07  4.81001507E+07  5.30611164E+07  5.85598212E+07 
 6.46071385E+07  7.23763931E+07  8.05400607E+07  9.00665795E+07  1.11452354E+08 
 1.48328962E+08  1.98283039E+08  6.54570145E+07  8.78899895E+05  2.42059881E+03 
 1.08961918E+02  7.09282990E+00  6.39099958E-01  1.15291047E-01  3.84199978E-02 
 1.77354489E-02  1.05657083E-02  8.75160156E-03  8.45298204E-03  1.03292336E-02 
 1.41520003E-02  2.41836221E-02  3.38443737E-02  5.34498293E-02  8.94387147E-02 
 1.50222865E-01  3.47551403E-01  7.82887818E-01  2.67928077E+00  7.79522485E+00 
 1.93312439E+01  5.23456761E+01  1.36253625E+02  8.43048723E+04  1.29270931E+04 
 4.44115722E+04  1.25068405E+05  4.44355075E+05  1.17987613E+06  3.21092740E+06 
 8.70115517E+06  2.26961940E+07  5.88208269E+07  1.29244488E+08  2.65816063E+08 
 5.02683215E+08  9.21542340E+08  ) >                                            
HEN          1    ( > 
 5.03532842E-04  1.91475371E-03  6.37224555E-03  2.16408216E-02  7.73695477E-02 
 3.38915757E-01  1.52928877E+00  6.85012788E+00  2.54857420E+01  8.54666010E+01 
 2.20254493E+02  5.83945199E+02  1.51974773E+03  3.61669011E+03  7.90579254E+03 
 1.61071296E+04  3.20868396E+04  6.84001540E+04  1.24299779E+05  2.25158784E+05 
 3.79308908E+05  5.64191385E+05  7.48859141E+05  9.18942498E+05  1.12961245E+06 
 1.42145120E+06  1.84003433E+06  2.30143162E+06  2.89855850E+06  4.83326953E+06 
 1.11278297E+07  3.84072871E+07  3.60284920E+08  8.33591208E+08  2.64114181E+09 
 9.58909314E+09  5.76655931E+10  3.30947456E+11  1.60614726E+12  6.53569912E+12 
 2.36449125E+13  5.49753209E+13  1.20933391E+14  2.51840922E+14  5.06328384E+14 
 8.21695942E+14  1.23962772E+15  1.57802230E+15  1.80755419E+15  2.01017736E+15 
 2.27058549E+15  2.52672908E+15  2.73295922E+15  2.91800545E+15  2.91460622E+15 
 2.91403548E+15  2.90020769E+15  2.86576051E+15  2.78458378E+15  2.75137072E+15 
 2.67935911E+15  2.61910047E+15  2.54663294E+15  2.49667973E+15  2.45566604E+15 
 2.42172161E+15  2.39581427E+15  2.37193300E+15  2.35101778E+15  2.33314637E+15 
 2.31010237E+15  2.28277933E+15  ) >                                            
HEN          2    ( > 
 2.96216927E-11  1.49961922E-10  6.50454459E-10  2.90985695E-09  1.40899814E-08 
 9.06629598E-08  6.10135921E-07  4.14663773E-06  2.24305066E-05  1.05159372E-04 
 3.43827641E-04  1.13337171E-03  3.58323841E-03  1.00908745E-02  2.50879533E-02 
 5.74524094E-02  1.26004199E-01  2.89611961E-01  5.36219794E-01  9.45587643E-01 
 1.45220922E+00  2.00029924E+00  2.51610622E+00  2.96042760E+00  3.47776202E+00 
 4.05420314E+00  4.80227617E+00  5.65411953E+00  6.68929944E+00  8.92887069E+00 
 1.24397306E+01  1.86511251E+01  9.67981443E+00  2.51053343E-01  1.88552424E-03 
 1.80235766E-04  1.52034177E-05  1.11390484E-06  2.11726250E-07  7.90484749E-08 
 4.29998052E-08  2.69044239E-08  2.61857234E-08  3.00022149E-08  4.27349512E-08 
 6.57455584E-08  1.28162797E-07  1.35774339E-07  1.82213074E-07  2.45612027E-07 
 3.91757860E-07  1.16072338E-06  3.05195195E-06  1.35642220E-05  8.29871805E-05 
 2.91742149E-04  1.55029696E-03  7.01413595E-03  9.09088234E+00  8.13561892E-01 
 3.10222402E+00  9.46499930E+00  3.67195369E+01  1.04037409E+02  3.03159168E+02 
 8.80440065E+02  2.45318916E+03  6.77441221E+03  1.56450685E+04  3.36024375E+04 
 6.57629879E+04  1.24067800E+05  ) >                                            
HEN          3    ( > 
 2.03327904E-14  8.02712595E-14  2.78141287E-13  1.02249328E-12  3.90546954E-12 
 2.02073531E-11  1.10591085E-10  6.33345368E-10  3.00597155E-09  1.31951843E-08 
 4.18203229E-08  1.38383895E-07  4.46179733E-07  1.29953092E-06  3.36367234E-06 
 8.13988979E-06  1.92014021E-05  4.89069818E-05  1.00937740E-04  2.03553611E-04 
 3.64726657E-04  5.71989861E-04  7.91280019E-04  9.91773235E-04  1.24045860E-03 
 1.54178668E-03  1.96220000E-03  2.42146714E-03  3.02683174E-03  4.52589579E-03 
 8.28309734E-03  2.12679603E-02  1.81054330E-02  6.75061689E-04  1.07372638E-05 
 2.33638141E-06  2.86226716E-07  3.17867607E-08  6.87850357E-09  3.54461569E-09 
 2.86917789E-09  2.70189010E-09  2.85812219E-09  4.16904727E-09  7.15203740E-09 
 1.17135256E-08  3.09017647E-08  5.20845169E-08  9.66175664E-08  1.82562206E-07 
 3.82310962E-07  9.87286886E-07  2.65955484E-06  1.02109373E-05  3.50418798E-05 
 9.30349776E-05  2.80757563E-04  8.31261624E-04  7.05971559E-01  6.16886981E-02 
 2.47451144E-01  7.90367313E-01  3.24655541E+00  9.61083702E+00  2.92739796E+01 
 8.88122807E+01  2.58012285E+02  7.42544126E+02  1.77423982E+03  3.93093041E+03 
 7.90692084E+03  1.53100988E+04  ) >                                            
HEN          4    ( > 
 2.58190202E-12  1.31424509E-11  5.72570617E-11  2.57243611E-10  1.25090625E-09 
 8.08700580E-09  5.46803248E-08  3.73409351E-07  2.02837563E-06  9.53646620E-06 
 3.12592286E-05  1.03438930E-04  3.28224220E-04  9.26550997E-04  2.30883443E-03 
 5.30403614E-03  1.16667139E-02  2.69306211E-02  5.00990433E-02  8.89858899E-02 
 1.37559892E-01  1.90726258E-01  2.41440403E-01  2.85796660E-01  3.37622516E-01 
 3.95727612E-01  4.71988834E-01  5.60117177E-01  6.68227436E-01  9.05297236E-01 
 1.28258194E+00  1.96935255E+00  1.05862312E+00  2.76663004E-02  2.07617211E-04 
 1.98334320E-05  1.67322368E-06  1.23078378E-07  2.34809575E-08  8.79226712E-09 
 4.78082817E-09  3.00049676E-09  2.96396655E-09  3.43699248E-09  5.08774046E-09 
 8.25873400E-09  1.73317742E-08  1.95714798E-08  2.76101038E-08  3.90568846E-08 
 6.63673656E-08  2.11081901E-07  5.97379414E-07  2.88793299E-06  1.89596117E-05 
 7.09742438E-05  4.03805223E-04  1.96308148E-03  2.97452940E+00  2.87139965E-01 
 1.18293703E+00  3.86571377E+00  1.63253867E+01  4.93206009E+01  1.53228551E+02 
 4.73863221E+02  1.40202713E+03  4.10847698E+03  9.96397685E+03  2.23775549E+04 
 4.55541010E+04  8.92145611E+04  ) >                                            
HEN          5    ( > 
 7.13043956E-15  2.62634953E-14  8.39326575E-14  2.81032194E-13  9.68127124E-13 
 4.22356286E-12  1.86115896E-11  8.30448332E-11  3.05144895E-10  1.08637003E-09 
 2.91950555E-09  9.15041802E-09  3.05410276E-08  9.95254362E-08  2.97671784E-07 
 8.55254875E-07  2.42989819E-06  7.71031363E-06  1.91019784E-05  4.57726255E-05 
 9.54935623E-05  1.64926650E-04  2.43319145E-04  3.17567095E-04  4.11699753E-04 
 5.29512665E-04  6.97348312E-04  8.79492251E-04  1.12296017E-03  1.74715249E-03 
 3.38812166E-03  9.09174438E-03  7.90343161E-03  2.91799319E-04  4.60064196E-06 
 1.01874355E-06  1.27970896E-07  1.34958712E-08  2.80414684E-09  1.42307062E-09 
 1.15225165E-09  1.08464387E-09  1.16201524E-09  1.72047234E-09  3.02889360E-09 
 5.11966307E-09  1.41473458E-08  2.49678681E-08  4.83119703E-08  9.56560467E-08 
 2.10582760E-07  5.74827712E-07  1.64608710E-06  6.78972916E-06  2.48927183E-05 
 7.01817367E-05  2.25892373E-04  7.14549856E-04  6.77305869E-01  5.95919355E-02 
 2.50419890E-01  8.31147928E-01  3.57055491E+00  1.09261735E+01  3.44088324E+01 
 1.07888555E+02  3.23477077E+02  9.60475028E+02  2.35479628E+03  5.34116681E+03 
 1.09685206E+04  2.16600264E+04  ) >                                            
HEN          6    ( > 
 6.25171478E-15  2.27929849E-14  7.20426184E-14  2.38296204E-13  8.09570830E-13 
 3.46882009E-12  1.49681444E-11  6.51912410E-11  2.33397828E-10  8.09763371E-10 
 2.12955365E-09  6.52496363E-09  2.12725037E-08  6.78225265E-08  1.98602561E-07 
 5.59567450E-07  1.55877129E-06  4.82968294E-06  1.17095210E-05  2.73706195E-05 
 5.55890163E-05  9.39518671E-05  1.36486327E-04  1.76032581E-04  2.25326772E-04 
 2.84774126E-04  3.67333631E-04  4.55389394E-04  5.71010874E-04  8.45628730E-04 
 1.47438824E-03  3.37021943E-03  2.15921639E-03  5.28838697E-05  5.10806389E-07 
 8.04315873E-08  7.39779738E-09  5.83477645E-10  9.78534538E-11  4.21435361E-11 
 2.99464944E-11  2.59042415E-11  2.63249278E-11  3.76075842E-11  6.54876615E-11 
 1.11440881E-10  3.16028572E-10  5.78281317E-10  1.15197356E-09  2.36197046E-09 
 5.46039506E-09  1.57960277E-08  4.89215639E-08  2.23162542E-07  8.96917602E-07 
 2.72241398E-06  9.56772487E-06  3.30543949E-05  3.82981247E-02  3.64755993E-03 
 1.70356898E-02  6.16398015E-02  2.94059536E-01  9.75151916E-01  3.33425976E+00 
 1.13457486E+01  3.67931661E+01  1.18075341E+02  3.08643238E+02  7.42236569E+02 
 1.60499045E+03  3.32857786E+03  ) >                                            
HEN          7    ( > 
 2.04737431E-15  7.45423402E-15  2.35259499E-14  7.76895206E-14  2.63443902E-13 
 1.12606523E-12  4.84533246E-12  2.10344835E-11  7.50450022E-11  2.59463107E-10 
 6.80364887E-10  2.07829845E-09  6.75424044E-09  2.14711373E-08  6.26945471E-08 
 1.76179618E-07  4.89479145E-07  1.51174637E-06  3.65457870E-06  8.51398623E-06 
 1.72293477E-05  2.90349568E-05  4.20924032E-05  5.42018848E-05  6.92613767E-05 
 8.73284575E-05  1.12332113E-04  1.38938620E-04  1.73790501E-04  2.55669843E-04 
 4.39439973E-04  9.83062209E-04  6.04501469E-04  1.40105744E-05  1.26699023E-07 
 1.90559896E-08  1.68075249E-09  1.27485123E-10  2.07729951E-11  8.75124814E-12 
 6.11025970E-12  5.22573560E-12  5.27303339E-12  7.49688311E-12  1.30354413E-11 
 2.22026332E-11  6.31827996E-11  1.16177958E-10  2.32340799E-10  4.78627821E-10 
 1.11379079E-09  3.24726205E-09  1.01635832E-08  4.69945080E-08  1.91225284E-07 
 5.86214740E-07  2.08470683E-06  7.28810118E-06  8.67537193E-03  8.35106492E-04 
 3.95610834E-03  1.44814252E-02  7.00657945E-02  2.34874980E-01  8.12022306E-01 
 2.79369662E+00  9.15575469E+00  2.96909814E+01  7.82824673E+01  1.89743124E+02 
 4.13152864E+02  8.62497752E+02  ) >                                            
HEN          8    ( > 
 1.82870089E-14  6.65414847E-14  2.09874715E-13  6.92579445E-13  2.34664140E-12 
 1.00200697E-11  4.30630135E-11  1.86683581E-10  6.65035098E-10  2.29589112E-09 
 6.01277414E-09  1.83431018E-08  5.95322722E-08  1.89009176E-07  5.51222530E-07 
 1.54725806E-06  4.29385138E-06  1.32432455E-05  3.19750341E-05  7.43848092E-05 
 1.50295801E-04  2.52962744E-04  3.66397283E-04  4.71482223E-04  6.02036887E-04 
 7.58313171E-04  9.74263535E-04  1.20382919E-03  1.50422770E-03  2.20663215E-03 
 3.76949639E-03  8.35496626E-03  5.04790005E-03  1.14256351E-04  1.00441630E-06 
 1.48123616E-07  1.28316441E-08  9.57094939E-10  1.54036431E-10  6.42806442E-11 
 4.45447523E-11  3.79109742E-11  3.81376998E-11  5.41101059E-11  9.40262373E-11 
 1.60212650E-10  4.56604817E-10  8.41340911E-10  1.68539933E-09  3.47897423E-09 
 8.11863331E-09  2.37493554E-08  7.46699979E-08  3.47272353E-07  1.42060159E-06 
 4.37354694E-06  1.56324055E-05  5.49294791E-05  6.61473686E-02  6.39666125E-03 
 3.04879241E-02  1.12159278E-01  5.45955691E-01  1.83866653E+00  6.38699262E+00 
 2.20779408E+01  7.26841843E+01  2.36765550E+02  6.26563318E+02  1.52381723E+03 
 3.32791090E+03  6.96701927E+03  ) >                                            
HEN          9    ( > 
 3.03010860E-14  1.10207549E-13  3.47429367E-13  1.14588505E-12  3.88016652E-12 
 1.65549381E-11  7.10815399E-11  3.07816924E-10  1.09529319E-09  3.77693852E-09 
 9.88203905E-09  3.01167385E-08  9.76416565E-08  3.09702311E-07  9.02362021E-07 
 2.53069638E-06  7.01688788E-06  2.16188715E-05  5.21474808E-05  1.21179282E-04 
 2.44553372E-04  4.11212637E-04  5.95202715E-04  7.65507298E-04  9.76926873E-04 
 1.22956113E-03  1.57825882E-03  1.94865871E-03  2.43296247E-03  3.56124021E-03 
 6.05488353E-03  1.33253443E-02  7.94267076E-03  1.76535025E-04  1.51854001E-06 
 2.20581658E-07  1.88461876E-08  1.38771565E-09  2.21229022E-10  9.16511467E-11 
 6.31450398E-11  5.35401119E-11  5.37343401E-11  7.61179588E-11  1.32204743E-10 
 2.25332913E-10  6.42935182E-10  1.18657531E-09  2.38005109E-09  4.92048233E-09 
 1.15075106E-08  3.37495772E-08  1.06481033E-07  4.97433962E-07  2.04318480E-06 
 6.31088989E-06  2.26451830E-05  7.98828775E-05  9.70572687E-02  9.41879891E-03 
 4.51029237E-02  1.66561596E-01  8.14546339E-01  2.75302047E+00  9.59814611E+00 
 3.32985437E+01  1.10006277E+02  3.59577823E+02  9.54275269E+02  2.32684918E+03 
 5.09332425E+03  1.06861247E+04  ) >                                            
HEN         10    ( > 
 1.01000290E-14  3.67345445E-14  1.15805354E-13  3.81945889E-13  1.29333085E-12 
 5.51804040E-12  2.36925527E-11  1.02599416E-10  3.65073201E-10  1.25888677E-09 
 3.29375251E-09  1.00380619E-08  3.25442683E-08  1.03224179E-07  3.00756829E-07 
 8.43475757E-07  2.33870235E-06  7.20544554E-06  1.73803613E-05  4.03878875E-05 
 8.15067350E-05  1.37051546E-04  1.98372154E-04  2.55131362E-04  3.25593093E-04 
 4.09789992E-04  5.26001746E-04  6.49445743E-04  8.10850012E-04  1.18686415E-03 
 2.01787360E-03  4.44067662E-03  2.64669592E-03  5.88198198E-05  5.05901190E-07 
 7.34804388E-08  6.27757516E-09  4.62207800E-10  7.36810081E-11  3.05234414E-11 
 2.10290968E-11  1.78300044E-11  1.78944497E-11  2.53483485E-11  4.40259140E-11 
 7.50389434E-11  2.14107603E-10  3.95151963E-10  7.92607690E-10  1.63863974E-09 
 3.83232658E-09  1.12397276E-08  3.54624092E-08  1.65669428E-07  6.80494460E-07 
 2.10191709E-06  7.54241428E-06  2.66071187E-05  3.23291339E-02  3.13740192E-03 
 1.50241817E-02  5.54843375E-02  2.71345571E-01  9.17117820E-01  3.19751067E+00 
 1.10932498E+01  3.66487832E+01  1.19796313E+02  3.17929771E+02  7.75232784E+02 
 1.69695701E+03  3.56036963E+03  ) >                                            
HEN         11    ( > 
 6.05309038E-15  2.20135779E-14  6.93909700E-14  2.28839025E-13  7.74792437E-13 
 3.30516092E-12  1.41886244E-11  6.14302020E-11  2.18533923E-10  7.53404290E-10 
 1.97083664E-09  6.00515113E-09  1.94652444E-08  6.17282857E-08  1.79820140E-07 
 5.04221782E-07  1.39781432E-06  4.30571606E-06  1.03839294E-05  2.41246098E-05 
 4.86744690E-05  8.18295032E-05  1.18426366E-04  1.52295374E-04  1.94334540E-04 
 2.44551312E-04  3.13846618E-04  3.87443399E-04  4.83656993E-04  7.07638713E-04 
 1.20199536E-03  2.64151052E-03  1.57019903E-03  3.47715691E-05  2.97793831E-07 
 4.31254865E-08  3.67431978E-09  2.69851660E-10  4.29372475E-11  1.77620193E-11 
 1.22232396E-11  1.03561389E-11  1.03887996E-11  1.47116593E-11  2.55493021E-11 
 4.35494657E-11  1.24287093E-10  2.29453492E-10  4.60361129E-10  9.52041342E-10 
 2.22750938E-09  6.53630098E-09  2.06367117E-08  9.64927872E-08  3.96665252E-07 
 1.22600958E-06  4.40271595E-06  1.55432243E-05  1.89188889E-02  1.83726188E-03 
 8.80624353E-03  3.25459021E-02  1.59310528E-01  5.38828323E-01  1.87995723E+00 
 6.52685141E+00  2.15774811E+01  7.05794279E+01  1.87416535E+02  4.57224770E+02 
 1.00129816E+03  2.10170948E+03  ) >                                            
HEN         12    ( > 
 1.21964477E-13  4.41592146E-13  1.38533111E-12  4.54443974E-12  1.52937308E-11 
 6.47329017E-11  2.75367845E-10  1.17975533E-09  4.14980864E-09  1.41471618E-08 
 3.66614419E-08  1.10613726E-07  3.54907146E-07  1.11484876E-06  3.21794218E-06 
 8.94694341E-06  2.45914632E-05  7.49698897E-05  1.79113173E-04  4.11665185E-04 
 8.20956479E-04  1.36724656E-03  1.96550965E-03  2.51463438E-03  3.19108814E-03 
 3.98524571E-03  5.06860742E-03  6.21069244E-03  7.69221448E-03  1.10158818E-02 
 1.78669458E-02  3.66233962E-02  1.90682573E-02  3.53330467E-04  2.44605306E-06 
 3.05480638E-07  2.27323010E-08  1.47164971E-09  2.13357783E-10  8.21898137E-11 
 5.34426588E-11  4.36472137E-11  4.27924974E-11  5.96652155E-11  1.03127614E-10 
 1.76299094E-10  5.08835848E-10  9.54259843E-10  1.93889859E-09  4.07100394E-09 
 9.72944715E-09  2.92784026E-08  9.56392553E-08  4.67171206E-07  1.99864871E-06 
 6.37857219E-06  2.37973317E-05  8.72922223E-05  1.15929511E-01  1.16524421E-02 
 5.84733171E-02  2.24359188E-01  1.14936283E+00  4.02550209E+00  1.45556280E+01 
 5.23617906E+01  1.79103574E+02  6.05950292E+02  1.65444290E+03  4.14003981E+03 
 9.27199200E+03  1.98802073E+04  ) >                                            
HEN         13    ( > 
 1.85507116E-13  6.70256149E-13  2.09793693E-12  6.86490788E-12  2.30373016E-11 
 9.71499167E-11  4.11494386E-10  1.75425008E-09  6.13786334E-09  2.08143821E-08 
 5.37006067E-08  1.61273803E-07  5.14968892E-07  1.61041722E-06  4.62827113E-06 
 1.28167274E-05  3.50860056E-05  1.06443238E-04  2.53184613E-04  5.78957487E-04 
 1.14824583E-03  1.90386953E-03  2.72830911E-03  3.48207298E-03  4.40728044E-03 
 5.48440483E-03  6.94573005E-03  8.48090259E-03  1.04650701E-02  1.48362016E-02 
 2.35448915E-02  4.67033632E-02  2.28438548E-02  3.89180014E-04  2.43708943E-06 
 2.83841364E-07  1.98163122E-08  1.20880224E-09  1.67730050E-10  6.24784243E-11 
 3.95541005E-11  3.17500077E-11  3.07936476E-11  4.26222094E-11  7.35049943E-11 
 1.25832059E-10  3.65108225E-10  6.89804313E-10  1.40993773E-09  2.98162334E-09 
 7.19759549E-09  2.19183235E-08  7.27552162E-08  3.62789314E-07  1.58155899E-06 
 5.12428795E-06  1.94649719E-05  7.27008629E-05  1.00602428E-01  1.02772806E-02 
 5.26999918E-02  2.05812572E-01  1.07721697E+00  3.83540866E+00  1.41037984E+01 
 5.15932458E+01  1.79331447E+02  6.16450583E+02  1.70533759E+03  4.31880371E+03 
 9.77510351E+03  2.11701841E+04  ) >                                            
> LEID       MODEL LEID   13 L He      ITER 99-09   2014-Mar-24                 
BDHE         1    ( > 
 6.32299232E+13  4.07531804E+13  2.54336268E+13  1.51473967E+13  8.43892666E+12 
 4.00685898E+12  1.72688083E+12  6.86001406E+11  2.75246579E+11  1.19993148E+11 
 6.35450881E+10  3.41838047E+10  1.87371020E+10  1.09505159E+10  6.68741855E+09 
 4.26841288E+09  2.74430867E+09  1.65103368E+09  1.07533714E+09  6.79429151E+08 
 4.30135361E+08  2.96807501E+08  2.25627189E+08  1.82436571E+08  1.45551826E+08 
 1.08833067E+08  7.68409533E+07  5.69159023E+07  4.14307966E+07  1.84666877E+07 
 3.37065723E+06  3.01482157E+05  1.98090607E+04  1.40802101E+03  1.50764777E+02 
 1.83994355E+01  8.70617261E+00  6.12462083E+00  5.42601273E+00  3.86080621E+00 
 2.80148383E+00  2.29170535E+00  1.98175180E+00  1.79454968E+00  1.75136906E+00 
 1.71406883E+00  1.61896329E+00  2.18458182E+00  2.03229163E+00  1.99904291E+00 
 2.18319694E+00  2.05651036E+00  2.32125924E+00  2.41651609E+00  2.61999771E+00 
 2.67792763E+00  2.91242101E+00  3.29488995E+00  5.53874975E-02  1.01244979E+00 
 1.05550174E+00  1.05824391E+00  1.04950541E+00  1.04051159E+00  1.03352878E+00 
 1.02866662E+00  1.02453421E+00  1.02086131E+00  1.01806153E+00  1.01565027E+00 
 1.01367499E+00  1.01190422E+00  ) >                                            
BDHE         2    ( > 
 7.04272549E+06  6.91558058E+06  6.50723301E+06  5.99741667E+06  5.43761788E+06 
 4.81059669E+06  4.08022023E+06  3.38521293E+06  2.78344573E+06  2.38552693E+06 
 2.13322221E+06  1.92462254E+06  1.74772833E+06  1.61332880E+06  1.48203655E+06 
 1.37648030E+06  1.26413074E+06  1.12326172E+06  9.91614343E+05  8.46608047E+05 
 6.96649205E+05  5.92472284E+05  5.23306072E+05  4.74570373E+05  4.28040955E+05 
 3.73690613E+05  3.17564029E+05  2.77807613E+05  2.41333475E+05  1.65228527E+05 
 7.43662634E+04  2.40208298E+04  4.91446095E+03  8.84878248E+02  1.45180062E+02 
 4.21215921E+01  1.71535411E+01  7.14487516E+00  4.19950574E+00  2.37155871E+00 
 1.46574659E+00  9.85503142E-01  7.58557598E-01  6.04952604E-01  4.83316587E-01 
 4.13314158E-01  3.73836959E-01  2.30610548E-01  1.83869258E-01  1.38185577E-01 
 1.11708862E-01  9.51401105E-02  1.26854542E-01  1.08312485E-01  2.65965747E-01 
 3.89134033E-01  6.95975823E-01  1.14409390E+00  1.80937867E+00  1.05163556E+00 
 1.06371875E+00  1.06450471E+00  1.05519252E+00  1.04598983E+00  1.03858433E+00 
 1.03333078E+00  1.02868757E+00  1.02442255E+00  1.02112432E+00  1.01825500E+00 
 1.01590054E+00  1.01379264E+00  ) >                                            
BDHE         3    ( > 
 1.55507688E+04  1.19724825E+04  9.05237977E+03  6.90051315E+03  4.97168439E+03 
 3.57074741E+03  2.49055063E+03  1.76369526E+03  1.29005787E+03  1.04949399E+03 
 9.20234386E+02  8.43521435E+02  7.90966461E+02  7.63955745E+02  7.38876635E+02 
 7.32738913E+02  7.31394428E+02  7.29351553E+02  7.25996678E+02  7.18225375E+02 
 6.99426241E+02  6.85074928E+02  6.70948489E+02  6.52267616E+02  6.30618065E+02 
 5.92469460E+02  5.46945802E+02  5.06095428E+02  4.69003052E+02  3.69244042E+02 
 2.30986661E+02  1.39118709E+02  5.48917127E+01  1.76649997E+01  7.96012535E+00 
 6.29968407E+00  4.39595249E+00  3.23787287E+00  2.42744681E+00  2.59545268E+00 
 2.03459755E+00  2.15332337E+00  1.89070741E+00  1.91696601E+00  1.85527837E+00 
 1.71794760E+00  2.11278192E+00  2.11365945E+00  2.12305951E+00  2.19558341E+00 
 2.27061999E+00  2.18015844E+00  2.14172033E+00  2.13615898E+00  2.26874754E+00 
 2.08736286E+00  2.15449387E+00  2.07734455E+00  1.93523309E+00  1.05302974E+00 
 1.05946455E+00  1.06019703E+00  1.05260737E+00  1.04463199E+00  1.03792570E+00 
 1.03294090E+00  1.02844526E+00  1.02426606E+00  1.02101351E+00  1.01817408E+00 
 1.01583760E+00  1.01374316E+00  ) >                                            
BDHE         4    ( > 
 2.26208691E+05  2.25083851E+05  2.14527031E+05  2.00424472E+05  1.84434375E+05 
 1.66203146E+05  1.43921120E+05  1.22215208E+05  1.02931747E+05  9.02257653E+04 
 8.22337261E+04  7.57773883E+04  7.03123919E+04  6.61557783E+04  6.19015579E+04 
 5.85407633E+04  5.47363509E+04  4.97419453E+04  4.48538082E+04  3.93092233E+04 
 3.32326422E+04  2.89228254E+04  2.60138667E+04  2.39498687E+04  2.19346421E+04 
 1.95127692E+04  1.69631161E+04  1.51543434E+04  1.34599348E+04  9.71193271E+03 
 4.82066664E+03  1.80208479E+03  4.81939185E+02  1.19576254E+02  2.84842925E+01 
 1.07116866E+01  5.53352552E+00  2.88791591E+00  2.00612349E+00  1.29771495E+00 
 8.78849040E-01  6.32188438E-01  5.19423760E-01  4.26475217E-01  3.57063044E-01 
 3.22630966E-01  3.07399138E-01  1.96324970E-01  1.60452859E-01  1.23221926E-01 
 1.02236010E-01  8.99597471E-02  1.20885534E-01  1.04524945E-01  2.56296702E-01 
 3.76159719E-01  6.74877954E-01  1.11245048E+00  1.76480735E+00  1.04153068E+00 
 1.05030639E+00  1.05385438E+00  1.04997344E+00  1.04365658E+00  1.03767634E+00 
 1.03286892E+00  1.02844062E+00  1.02428301E+00  1.02103571E+00  1.01819806E+00 
 1.01586023E+00  1.01376470E+00  ) >                                            
BDHE         5    ( > 
 1.91633823E+03  1.38215630E+03  9.68124399E+02  6.75469684E+02  4.41382338E+02 
 2.69227306E+02  1.52478470E+02  8.49498042E+01  4.86101003E+01  3.24068849E+01 
 2.43045861E+01  2.12945856E+01  2.08662258E+01  2.27477406E+01  2.56393921E+01 
 3.04260387E+01  3.68690743E+01  4.62430314E+01  5.57358094E+01  6.61743499E+01 
 7.58457748E+01  8.25269874E+01  8.67321683E+01  8.82191352E+01  8.88579000E+01 
 8.69966607E+01  8.38016395E+01  7.97960611E+01  7.60862326E+01  6.35762367E+01 
 4.39792256E+01  2.95222886E+01  1.34444723E+01  5.05145467E+00  2.74667945E+00 
 2.53646582E+00  2.05669553E+00  1.61645671E+00  1.26808419E+00  1.41633314E+00 
 1.17847275E+00  1.28977611E+00  1.17345906E+00  1.22304944E+00  1.22008259E+00 
 1.16439149E+00  1.48487061E+00  1.53216643E+00  1.58498702E+00  1.69366163E+00 
 1.80551857E+00  1.78834981E+00  1.81167951E+00  1.86246810E+00  2.03193048E+00 
 1.93385935E+00  2.05263357E+00  2.04345398E+00  1.96019362E+00  1.04034228E+00 
 1.05112499E+00  1.05568041E+00  1.05105838E+00  1.04397978E+00  1.03762435E+00 
 1.03277272E+00  1.02834638E+00  1.02420616E+00  1.02097345E+00  1.01814617E+00 
 1.01581681E+00  1.01372735E+00  ) >                                            
BDHE         6    ( > 
 1.67692095E+03  1.20951176E+03  8.47233850E+02  5.91160973E+02  3.86334545E+02 
 2.35698893E+02  1.33543662E+02  7.44560787E+01  4.26588378E+01  2.84810243E+01 
 2.13915129E+01  1.87577624E+01  1.83829476E+01  2.00292730E+01  2.25594681E+01 
 2.67477839E+01  3.23854400E+01  4.05876524E+01  4.88938332E+01  5.80275562E+01 
 6.64900529E+01  7.23361140E+01  7.60156473E+01  7.73167433E+01  7.78756625E+01 
 7.62470781E+01  7.34514346E+01  6.99465534E+01  6.67004535E+01  5.57542071E+01 
 3.86068224E+01  2.59570025E+01  1.18889133E+01  4.54502283E+00  2.52834452E+00 
 2.34440759E+00  1.92460859E+00  1.53939962E+00  1.23457366E+00  1.36429150E+00 
 1.15616366E+00  1.25355409E+00  1.15177668E+00  1.19516826E+00  1.19257226E+00 
 1.14384256E+00  1.42426178E+00  1.46564562E+00  1.51186365E+00  1.60695393E+00 
 1.70482875E+00  1.68980608E+00  1.71021957E+00  1.75465959E+00  1.90293917E+00 
 1.81712693E+00  1.92105437E+00  1.91302223E+00  1.84016942E+00  1.03529949E+00 
 1.04473437E+00  1.04872036E+00  1.04467608E+00  1.03848231E+00  1.03292130E+00 
 1.02867613E+00  1.02480308E+00  1.02118039E+00  1.01835177E+00  1.01587790E+00 
 1.01383971E+00  1.01201143E+00  ) >                                            
BDHE         7    ( > 
 1.43750367E+03  1.03686722E+03  7.26343300E+02  5.06852263E+02  3.31286753E+02 
 2.02170480E+02  1.14608853E+02  6.39623532E+01  3.67075752E+01  2.45551637E+01 
 1.84784396E+01  1.62209392E+01  1.58996693E+01  1.73108054E+01  1.94795441E+01 
 2.30695291E+01  2.79018057E+01  3.49322735E+01  4.20518570E+01  4.98807625E+01 
 5.71343311E+01  6.21452406E+01  6.52991262E+01  6.64143514E+01  6.68934250E+01 
 6.54974955E+01  6.31012296E+01  6.00970458E+01  5.73146744E+01  4.79321775E+01 
 3.32344192E+01  2.23917164E+01  1.03333542E+01  4.03859100E+00  2.31000959E+00 
 2.15234936E+00  1.79252165E+00  1.46234253E+00  1.20106314E+00  1.31224985E+00 
 1.13385456E+00  1.21733208E+00  1.13009430E+00  1.16728708E+00  1.16506194E+00 
 1.12329362E+00  1.36365296E+00  1.39912482E+00  1.43874027E+00  1.52024622E+00 
 1.60413893E+00  1.59126236E+00  1.60875963E+00  1.64685107E+00  1.77394786E+00 
 1.70039451E+00  1.78947517E+00  1.78259048E+00  1.72014522E+00  1.03025671E+00 
 1.03834374E+00  1.04176031E+00  1.03829378E+00  1.03298484E+00  1.02821826E+00 
 1.02457954E+00  1.02125978E+00  1.01815462E+00  1.01573009E+00  1.01360963E+00 
 1.01186261E+00  1.01029551E+00  ) >                                            
BDHE         8    ( > 
 1.19808639E+03  8.64222687E+02  6.05452750E+02  4.22543552E+02  2.76238961E+02 
 1.68642067E+02  9.56740440E+01  5.34686276E+01  3.07563127E+01  2.06293031E+01 
 1.55653663E+01  1.36841160E+01  1.34163911E+01  1.45923379E+01  1.63996201E+01 
 1.93912742E+01  2.34181714E+01  2.92768946E+01  3.52098809E+01  4.17339687E+01 
 4.77786092E+01  5.19543671E+01  5.45826052E+01  5.55119595E+01  5.59111875E+01 
 5.47479129E+01  5.27510247E+01  5.02475382E+01  4.79288954E+01  4.01101479E+01 
 2.78620160E+01  1.88264304E+01  8.77779520E+00  3.53215917E+00  2.09167465E+00 
 1.96029114E+00  1.66043471E+00  1.38528545E+00  1.16755262E+00  1.26020821E+00 
 1.11154547E+00  1.18111007E+00  1.10841191E+00  1.13940590E+00  1.13755162E+00 
 1.10274468E+00  1.30304413E+00  1.33260402E+00  1.36561689E+00  1.43353852E+00 
 1.50344911E+00  1.49271863E+00  1.50729969E+00  1.53904256E+00  1.64495655E+00 
 1.58366209E+00  1.65789598E+00  1.65215874E+00  1.60012101E+00  1.02521392E+00 
 1.03195312E+00  1.03480025E+00  1.03191149E+00  1.02748736E+00  1.02351522E+00 
 1.02048295E+00  1.01771649E+00  1.01512885E+00  1.01310841E+00  1.01134136E+00 
 1.00988551E+00  1.00857959E+00  ) >                                            
BDHE         9    ( > 
 9.58669114E+02  6.91578150E+02  4.84562200E+02  3.38234842E+02  2.21191169E+02 
 1.35113653E+02  7.67392352E+01  4.29749021E+01  2.48050502E+01  1.67034425E+01 
 1.26522931E+01  1.11472928E+01  1.09331129E+01  1.18738703E+01  1.33196961E+01 
 1.57130194E+01  1.89345371E+01  2.36215157E+01  2.83679047E+01  3.35871750E+01 
 3.84228874E+01  4.17634937E+01  4.38660842E+01  4.46095676E+01  4.49289500E+01 
 4.39983303E+01  4.24008197E+01  4.03980305E+01  3.85431163E+01  3.22881183E+01 
 2.24896128E+01  1.52611443E+01  7.22223616E+00  3.02572733E+00  1.87333972E+00 
 1.76823291E+00  1.52834777E+00  1.30822836E+00  1.13404209E+00  1.20816657E+00 
 1.08923638E+00  1.14488805E+00  1.08672953E+00  1.11152472E+00  1.11004129E+00 
 1.08219575E+00  1.24243530E+00  1.26608321E+00  1.29249351E+00  1.34683082E+00 
 1.40275929E+00  1.39417490E+00  1.40583975E+00  1.43123405E+00  1.51596524E+00 
 1.46692967E+00  1.52631678E+00  1.52172699E+00  1.48009681E+00  1.02017114E+00 
 1.02556250E+00  1.02784020E+00  1.02552919E+00  1.02198989E+00  1.01881217E+00 
 1.01638636E+00  1.01417319E+00  1.01210308E+00  1.01048673E+00  1.00907308E+00 
 1.00790841E+00  1.00686367E+00  ) >                                            
BDHE        10    ( > 
 7.19251836E+02  5.18933612E+02  3.63671650E+02  2.53926131E+02  1.66143377E+02 
 1.01585240E+02  5.78044264E+01  3.24811766E+01  1.88537876E+01  1.27775819E+01 
 9.73921980E+00  8.61046960E+00  8.44983466E+00  9.15540272E+00  1.02397721E+01 
 1.20347645E+01  1.44509029E+01  1.79661368E+01  2.15259285E+01  2.54403812E+01 
 2.90671655E+01  3.15726203E+01  3.31495631E+01  3.37071757E+01  3.39467125E+01 
 3.32487478E+01  3.20506148E+01  3.05485229E+01  2.91573372E+01  2.44660888E+01 
 1.71172096E+01  1.16958582E+01  5.66667712E+00  2.51929550E+00  1.65500479E+00 
 1.57617468E+00  1.39626082E+00  1.23117127E+00  1.10053157E+00  1.15612493E+00 
 1.06692728E+00  1.10866604E+00  1.06504715E+00  1.08364354E+00  1.08253097E+00 
 1.06164681E+00  1.18182648E+00  1.19956241E+00  1.21937013E+00  1.26012311E+00 
 1.30206946E+00  1.29563118E+00  1.30437981E+00  1.32342554E+00  1.38697393E+00 
 1.35019726E+00  1.39473759E+00  1.39129524E+00  1.36007261E+00  1.01512835E+00 
 1.01917187E+00  1.02088015E+00  1.01914689E+00  1.01649242E+00  1.01410913E+00 
 1.01228977E+00  1.01062989E+00  1.00907731E+00  1.00786504E+00  1.00680481E+00 
 1.00593130E+00  1.00514775E+00  ) >                                            
BDHE        11    ( > 
 4.79834557E+02  3.46289075E+02  2.42781100E+02  1.69617421E+02  1.11095584E+02 
 6.80568266E+01  3.88696176E+01  2.19874511E+01  1.29025251E+01  8.85172124E+00 
 6.82614654E+00  6.07364640E+00  5.96655644E+00  6.43693515E+00  7.15984804E+00 
 8.35650968E+00  9.96726857E+00  1.23107578E+01  1.46839523E+01  1.72935875E+01 
 1.97114437E+01  2.13817469E+01  2.24330421E+01  2.28047838E+01  2.29644750E+01 
 2.24991652E+01  2.17004099E+01  2.06990153E+01  1.97715581E+01  1.66440592E+01 
 1.17448064E+01  8.13057215E+00  4.11111808E+00  2.01286367E+00  1.43666986E+00 
 1.38411645E+00  1.26417388E+00  1.15411418E+00  1.06702105E+00  1.10408328E+00 
 1.04461819E+00  1.07244403E+00  1.04336477E+00  1.05576236E+00  1.05502065E+00 
 1.04109787E+00  1.12121765E+00  1.13304161E+00  1.14624676E+00  1.17341541E+00 
 1.20137964E+00  1.19708745E+00  1.20291988E+00  1.21561702E+00  1.25798262E+00 
 1.23346484E+00  1.26315839E+00  1.26086349E+00  1.24004841E+00  1.01008557E+00 
 1.01278125E+00  1.01392010E+00  1.01276459E+00  1.01099495E+00  1.00940609E+00 
 1.00819318E+00  1.00708659E+00  1.00605154E+00  1.00524336E+00  1.00453654E+00 
 1.00395420E+00  1.00343184E+00  ) >                                            
BDHE        12    ( > 
 2.40417279E+02  1.73644537E+02  1.21890550E+02  8.53087105E+01  5.60477922E+01 
 3.45284133E+01  1.99348088E+01  1.14937255E+01  6.95126254E+00  4.92586062E+00 
 3.91307327E+00  3.53682320E+00  3.48327822E+00  3.71846757E+00  4.07992402E+00 
 4.67825484E+00  5.48363429E+00  6.65537892E+00  7.84197617E+00  9.14679374E+00 
 1.03557218E+01  1.11908734E+01  1.17165210E+01  1.19023919E+01  1.19822375E+01 
 1.17495826E+01  1.13502049E+01  1.08495076E+01  1.03857791E+01  8.82202959E+00 
 6.37240320E+00  4.56528607E+00  2.55555904E+00  1.50643183E+00  1.21833493E+00 
 1.19205823E+00  1.13208694E+00  1.07705709E+00  1.03351052E+00  1.05204164E+00 
 1.02230909E+00  1.03622201E+00  1.02168238E+00  1.02788118E+00  1.02751032E+00 
 1.02054894E+00  1.06060883E+00  1.06652080E+00  1.07312338E+00  1.08670770E+00 
 1.10068982E+00  1.09854373E+00  1.10145994E+00  1.10780851E+00  1.12899131E+00 
 1.11673242E+00  1.13157920E+00  1.13043175E+00  1.12002420E+00  1.00504278E+00 
 1.00639062E+00  1.00696005E+00  1.00638230E+00  1.00549747E+00  1.00470304E+00 
 1.00409659E+00  1.00354330E+00  1.00302577E+00  1.00262168E+00  1.00226827E+00 
 1.00197710E+00  1.00171592E+00  ) >                                            
BDHE        13    ( > 
 1.00000000E+00  1.00000000E+00  1.00000000E+00  1.00000000E+00  1.00000000E+00 
 1.00000000E+00  1.00000000E+00  1.00000000E+00  1.00000000E+00  1.00000000E+00 
 1.00000000E+00  1.00000000E+00  1.00000000E+00  1.00000000E+00  1.00000000E+00 
 1.00000000E+00  1.00000000E+00  1.00000000E+00  1.00000000E+00  1.00000000E+00 
 1.00000000E+00  1.00000000E+00  1.00000000E+00  1.00000000E+00  1.00000000E+00 
 1.00000000E+00  1.00000000E+00  1.00000000E+00  1.00000000E+00  1.00000000E+00 
 1.00000000E+00  1.00000000E+00  1.00000000E+00  1.00000000E+00  1.00000000E+00 
 1.00000000E+00  1.00000000E+00  1.00000000E+00  1.00000000E+00  1.00000000E+00 
 1.00000000E+00  1.00000000E+00  1.00000000E+00  1.00000000E+00  1.00000000E+00 
 1.00000000E+00  1.00000000E+00  1.00000000E+00  1.00000000E+00  1.00000000E+00 
 1.00000000E+00  1.00000000E+00  1.00000000E+00  1.00000000E+00  1.00000000E+00 
 1.00000000E+00  1.00000000E+00  1.00000000E+00  1.00000000E+00  1.00000000E+00 
 1.00000000E+00  1.00000000E+00  1.00000000E+00  1.00000000E+00  1.00000000E+00 
 1.00000000E+00  1.00000000E+00  1.00000000E+00  1.00000000E+00  1.00000000E+00 
 1.00000000E+00  1.00000000E+00  ) >                                            
