> from Overall Iteration 11 of 11                                Pandora 78.018
> Run Data:    72    5    3  0  0  HE   1   2014-Mar-25 11:17:53    56741.47075
> LEID       MODEL LEID   13 L He      ITER 99-09   2014-Mar-24                 
> -------.---------.---------.---------.---------.---------.---------.---------.
N (  72 ) > 
Z                 ( > 
-1.34498000E+07 -1.21944000E+07 -1.12022000E+07 -1.02707000E+07 -9.37975000E+06 
-8.42803000E+06 -7.51697000E+06 -6.61782000E+06 -5.83930000E+06 -5.12657000E+06 
-4.60024000E+06 -4.09435050E+06 -3.63687425E+06 -3.24977900E+06 -2.92602650E+06 
-2.64516100E+06 -2.38700375E+06 -2.12435750E+06 -1.93793938E+06 -1.77342962E+06 
-1.65317400E+06 -1.56464938E+06 -1.49935950E+06 -1.45315425E+06 -1.40835625E+06 
-1.36888500E+06 -1.32489688E+06 -1.28316725E+06 -1.24143762E+06 -1.17600188E+06 
-1.11081900E+06 -1.03895056E+06 -9.50368688E+05 -8.73719375E+05 -7.53134125E+05 
-6.45131875E+05 -5.34926062E+05 -4.39226438E+05 -3.58032750E+05 -2.89285000E+05 
-2.28503000E+05 -1.89761938E+05 -1.53873234E+05 -1.20708102E+05 -8.90504766E+04 
-6.69403828E+04 -4.78453047E+04 -3.62877578E+04 -2.96164629E+04 -2.41961484E+04 
-1.77903223E+04 -1.18772637E+04 -6.94971484E+03 -2.19222998E+03 -8.38047974E+02 
 3.45502014E+02  1.58172998E+03  2.50011011E+03  4.80000000E+03  5.80000000E+03 
 6.60000000E+03  7.30000000E+03  8.29053027E+03  9.32879980E+03  1.08495000E+04 
 1.28045996E+04  1.51942002E+04  1.80183008E+04  2.06975996E+04  2.35940996E+04 
 2.62733008E+04  2.90250000E+04  ) >                                            
TE                ( > 
 1.32412000E+05  1.22873000E+05  1.14001000E+05  1.05571000E+05  9.73640000E+04 
 8.84590000E+04  7.99340000E+04  7.19440000E+04  6.49690000E+04  5.92620000E+04 
 5.51960000E+04  5.14970000E+04  4.81510000E+04  4.53560000E+04  4.30190000E+04 
 4.09810000E+04  3.91090000E+04  3.69850000E+04  3.51950000E+04  3.33090000E+04 
 3.17630000E+04  3.06250000E+04  2.97380000E+04  2.87850000E+04  2.76220000E+04 
 2.65170000E+04  2.52860000E+04  2.41760000E+04  2.30650000E+04  2.08400000E+04 
 1.85160000E+04  1.59410000E+04  1.31220000E+04  1.06990000E+04  8.59300000E+03 
 7.34100000E+03  6.35500000E+03  5.64000000E+03  5.21900000E+03  4.95500000E+03 
 4.77200000E+03  4.66400000E+03  4.59800000E+03  4.55500000E+03  4.54200000E+03 
 4.55000000E+03  4.58100000E+03  4.62500000E+03  4.66100000E+03  4.70500000E+03 
 4.76800000E+03  4.84500000E+03  4.95300000E+03  5.09900000E+03  5.24000000E+03 
 5.35900000E+03  5.50800000E+03  5.66600000E+03  6.06200000E+03  6.23400000E+03 
 6.47900000E+03  6.69400000E+03  6.97500000E+03  7.20700000E+03  7.46100000E+03 
 7.73200000E+03  8.01100000E+03  8.30800000E+03  8.57000000E+03  8.82400000E+03 
 9.06100000E+03  9.29800000E+03  ) >                                            
> LEID       MODEL LEID   13 L He      ITER 99-09   2014-Mar-24                 
NE                ( > 
 1.68420590E+04  2.87997560E+04  4.60004340E+04  7.40667940E+04  1.21610516E+05 
 2.17968005E+05  4.06544628E+05  8.07953374E+05  1.57833680E+06  3.07752879E+06 
 5.24531914E+06  9.04867085E+06  1.53496737E+07  2.47162904E+07  3.76565201E+07 
 5.53743638E+07  8.02347875E+07  1.20037783E+08  1.63571713E+08  2.20063249E+08 
 2.78238308E+08  3.33327221E+08  3.83456549E+08  4.29485357E+08  4.85390486E+08 
 5.45193706E+08  6.23730794E+08  7.12246887E+08  8.19433211E+08  1.06275231E+09 
 1.41988215E+09  1.98793523E+09  3.29148845E+09  5.50494078E+09  1.33843735E+10 
 3.04587168E+10  3.36878879E+10  1.93635151E+10  1.29443527E+10  1.34031815E+10 
 1.59080319E+10  1.83101235E+10  2.28361744E+10  2.97450649E+10  4.16895004E+10 
 5.65101758E+10  8.01175343E+10  1.07052783E+11  1.31117375E+11  1.61938734E+11 
 2.15463636E+11  2.97287781E+11  4.42597552E+11  7.31524939E+11  1.10088085E+12 
 1.54297621E+12  2.31064965E+12  3.44997103E+12  8.84748749E+12  1.28928051E+13 
 2.10473633E+13  3.15065640E+13  5.15480751E+13  7.52974096E+13  1.11161895E+14 
 1.63941209E+14  2.38198174E+14  3.44788752E+14  4.67173958E+14  6.15872742E+14 
 7.83591500E+14  9.81878046E+14  ) >                                            
> LEID       MODEL LEID   13 L He      ITER 99-09   2014-Mar-24                 
ZME               ( > 
 1.11121707E-04  1.11121707E-04  1.11121707E-04  1.11121707E-04  1.11121707E-04 
 1.11121707E-04  1.11121707E-04  1.11121707E-04  1.11121707E-04  1.11121707E-04 
 1.11121707E-04  1.11121707E-04  1.11121707E-04  1.11121707E-04  1.11121707E-04 
 1.11121706E-04  1.11121705E-04  1.11121700E-04  1.11121689E-04  1.11121645E-04 
 1.11121509E-04  1.11121195E-04  1.11120580E-04  1.11119050E-04  1.11113720E-04 
 1.11097146E-04  1.11026496E-04  1.10763559E-04  1.09678664E-04  9.90947792E-05 
 9.46372923E-05  8.50830011E-05  7.40029905E-05  6.78631148E-05  6.39124680E-05 
 5.86257812E-05  2.11673794E-05  3.76613197E-06  2.18960810E-06  1.86212502E-06 
 1.72821447E-06  1.66640557E-06  1.63200933E-06  1.61301022E-06  1.59593259E-06 
 1.58190869E-06  1.56660477E-06  1.55904038E-06  1.55639183E-06  1.55569678E-06 
 1.55500411E-06  1.55575676E-06  1.55995466E-06  1.56604627E-06  1.57818326E-06 
 1.59026727E-06  1.60621135E-06  1.62590962E-06  1.67059731E-06  1.71003864E-06 
 1.77040565E-06  1.84441615E-06  1.98406926E-06  2.14960506E-06  2.39989771E-06 
 2.76980703E-06  3.29164687E-06  4.04716760E-06  4.92633005E-06  6.00496171E-06 
 7.25228734E-06  8.76211609E-06  ) >                                            
NC                ( > 
 3.22633226E+04  5.52475433E+04  8.83709451E+04  1.42543912E+05  2.34629186E+05 
 4.22360900E+05  7.93214431E+05  1.59070693E+06  3.13231552E+06  6.13472622E+06 
 1.04742232E+07  1.80849168E+07  3.06901095E+07  4.94255668E+07  7.53077135E+07 
 1.10744697E+08  1.60466562E+08  2.40073588E+08  3.27142164E+08  4.40125730E+08 
 5.56476173E+08  6.66654155E+08  7.66912901E+08  8.58970566E+08  9.70780862E+08 
 1.09038733E+09  1.24746154E+09  1.42449374E+09  1.63886640E+09  2.12550462E+09 
 2.83976431E+09  3.97587046E+09  6.58297690E+09  1.10098816E+10  2.67687469E+10 
 6.09174335E+10  6.73757757E+10  3.87270303E+10  2.58887055E+10  2.68063631E+10 
 3.18160638E+10  3.66202470E+10  4.56723488E+10  5.94901299E+10  8.33790008E+10 
 1.13020352E+11  1.60235069E+11  2.14105566E+11  2.62234751E+11  3.23877467E+11 
 4.30927271E+11  5.94575561E+11  8.85195104E+11  1.46304988E+12  2.20176170E+12 
 3.08595242E+12  4.62129930E+12  6.89994206E+12  1.76949750E+13  2.57856102E+13 
 4.20947267E+13  6.30131281E+13  1.03096150E+14  1.50594819E+14  2.22323791E+14 
 3.27882417E+14  4.76396348E+14  6.89577504E+14  9.34347917E+14  1.23174548E+15 
 1.56718300E+15  1.96375609E+15  ) >                                            
[ CENSUS data start ] > 
> LEID       MODEL LEID   13 L He      ITER 99-09   2014-Mar-24                 
HE            1   72
Z                 ( > 
-1.34498000E+07 -1.21944000E+07 -1.12022000E+07 -1.02707000E+07 -9.37975000E+06 
-8.42803000E+06 -7.51697000E+06 -6.61782000E+06 -5.83930000E+06 -5.12657000E+06 
-4.60024000E+06 -4.09435050E+06 -3.63687425E+06 -3.24977900E+06 -2.92602650E+06 
-2.64516100E+06 -2.38700375E+06 -2.12435750E+06 -1.93793938E+06 -1.77342962E+06 
-1.65317400E+06 -1.56464938E+06 -1.49935950E+06 -1.45315425E+06 -1.40835625E+06 
-1.36888500E+06 -1.32489688E+06 -1.28316725E+06 -1.24143762E+06 -1.17600188E+06 
-1.11081900E+06 -1.03895056E+06 -9.50368688E+05 -8.73719375E+05 -7.53134125E+05 
-6.45131875E+05 -5.34926062E+05 -4.39226438E+05 -3.58032750E+05 -2.89285000E+05 
-2.28503000E+05 -1.89761938E+05 -1.53873234E+05 -1.20708102E+05 -8.90504766E+04 
-6.69403828E+04 -4.78453047E+04 -3.62877578E+04 -2.96164629E+04 -2.41961484E+04 
-1.77903223E+04 -1.18772637E+04 -6.94971484E+03 -2.19222998E+03 -8.38047974E+02 
 3.45502014E+02  1.58172998E+03  2.50011011E+03  4.80000000E+03  5.80000000E+03 
 6.60000000E+03  7.30000000E+03  8.29053027E+03  9.32879980E+03  1.08495000E+04 
 1.28045996E+04  1.51942002E+04  1.80183008E+04  2.06975996E+04  2.35940996E+04 
 2.62733008E+04  2.90250000E+04  ) >                                            
FLVSL             ( > 
-6.46020529E+00 -6.11546074E+00 -5.79895305E+00 -5.47750554E+00 -5.14281320E+00 
-4.75922421E+00 -4.38105293E+00 -4.03529245E+00 -3.76342687E+00 -3.53788489E+00 
-3.36720051E+00 -3.19068074E+00 -3.01468585E+00 -2.85184516E+00 -2.70368791E+00 
-2.56497848E+00 -2.42914956E+00 -2.27060648E+00 -2.13450773E+00 -1.98795997E+00 
-1.86404315E+00 -1.76838601E+00 -1.69195611E+00 -1.61483319E+00 -1.52134934E+00 
-1.43087978E+00 -1.32704628E+00 -1.22750483E+00 -1.12072447E+00 -8.91834310E-01 
-5.50192436E-01 -1.35439654E-01 -1.06793800E-02 -1.86463057E-04 -1.13143823E-06 
-2.71479709E-08 -2.12789752E-10 -1.78169143E-12 -3.67408765E-14 -2.60368416E-15 
-2.89298240E-16 -1.44649120E-16  0.00000000E+00  0.00000000E+00  0.00000000E+00 
 0.00000000E+00  0.00000000E+00  0.00000000E+00  0.00000000E+00  0.00000000E+00 
 0.00000000E+00 -9.64327467E-17 -1.44649120E-16 -3.85730987E-16 -9.16111093E-16 
-2.02508768E-15 -7.13602325E-15 -2.06366078E-14 -1.99188589E-11 -2.01746949E-12 
-7.19759556E-12 -2.07367050E-11 -7.57687038E-11 -2.05201460E-10 -5.67742396E-10 
-1.56004698E-09 -4.11322335E-09 -1.07673703E-08 -2.38690749E-08 -4.94671813E-08 
-9.44799025E-08 -1.75277218E-07  ) >                                            
FIONL             ( > 
-1.78443372E+00 -1.60211190E+00 -1.41024347E+00 -1.20576438E+00 -9.81814208E-01 
-7.15348527E-01 -4.53077831E-01 -2.38700900E-01 -1.04732522E-01 -4.30878628E-02 
-2.04350383E-02 -9.41523867E-03 -4.49334584E-03 -2.53017040E-03 -1.82906776E-03 
-1.67262073E-03 -1.87360627E-03 -2.44737871E-03 -3.25042938E-03 -4.51191851E-03 
-5.99093028E-03 -7.47220457E-03 -8.92146504E-03 -1.06748647E-02 -1.32770038E-02 
-1.64098971E-02 -2.09498519E-02 -2.65138837E-02 -3.42018979E-02 -5.96240121E-02 
-1.43702261E-01 -5.71999793E-01 -1.61456702E+00 -3.36728474E+00 -5.58415403E+00 
-7.20404695E+00 -9.30983375E+00 -1.13869444E+01 -1.30721518E+01 -1.42144484E+01 
-1.51336966E+01 -1.56807978E+01 -1.61165038E+01 -1.61173945E+01 -1.67070200E+01 
-1.67715895E+01 -1.67334499E+01 -1.66139761E+01 -1.65218121E+01 -1.63750739E+01 
-1.61583940E+01 -1.58496270E+01 -1.54662214E+01 -1.50230640E+01 -1.46837347E+01 
-1.43395318E+01 -1.37829287E+01 -1.33233577E+01 -1.03385168E+01 -1.13329597E+01 
-1.07805945E+01 -1.03210410E+01 -9.75829466E+00 -9.32560380E+00 -8.88363297E+00 
-8.44464661E+00 -8.02360201E+00 -7.60567467E+00 -7.25994874E+00 -6.94346717E+00 
-6.66244492E+00 -6.39405893E+00  ) >                                            
[ CENSUS data end ] > 
[ KURUCZ - b data start ] > 
> LEID       MODEL LEID   13 L He      ITER 99-09   2014-Mar-24                 
HE1            1        72
 6.75002783E+13  4.33847656E+13  2.69932261E+13  1.60129826E+13  8.87472067E+12 
 4.18004881E+12  1.78184842E+12  6.96805167E+11  2.74630051E+11  1.17212114E+11 
 6.09559089E+10  3.21490890E+10  1.72846377E+10  9.86334592E+09  5.96570640E+09 
 3.73081707E+09  2.35238046E+09  1.37161587E+09  8.64835127E+08  5.25486869E+08 
 3.40374863E+08  2.40894981E+08  1.81535762E+08  1.34696748E+08  9.20624606E+07 
 6.21706097E+07  3.84523905E+07  2.38796959E+07  1.42542498E+07  4.52218818E+06 
 1.35366338E+06  4.45901808E+05  6.30866905E+04  1.16682967E+04  8.22862192E+02 
 4.11888583E+01  9.17152049E+00  5.35804151E+00  5.82502648E+00  3.91687023E+00 
 2.84256779E+00  2.10473779E+00  1.87117256E+00  7.89845379E-01  1.82300597E+00 
 1.74742614E+00  1.74372425E+00  1.81903220E+00  1.95755704E+00  2.03312421E+00 
 2.11012417E+00  1.99266171E+00  2.06797072E+00  2.45375796E+00  3.50786194E+00 
 3.92874704E+00  3.20620924E+00  3.29957852E+00  3.96331055E-02  1.02682602E+00 
 1.05549125E+00  1.05824098E+00  1.04950797E+00  1.04051250E+00  1.03352861E+00 
 1.02866611E+00  1.02453358E+00  1.02086068E+00  1.01806096E+00  1.01564977E+00 
 1.01367458E+00  1.01190387E+00  ) >                                            
HE1            2        72
 7.45863218E+06  7.45343842E+06  7.06988490E+06  6.54503957E+06  5.95044966E+06 
 5.27747750E+06  4.46359541E+06  3.68403809E+06  3.00846739E+06  2.56826505E+06 
 2.28786038E+06  2.05823421E+06  1.86454901E+06  1.70996352E+06  1.56912989E+06 
 1.44452098E+06  1.31391438E+06  1.14587575E+06  9.89797591E+05  8.21219171E+05 
 6.78501976E+05  5.79831317E+05  5.05710266E+05  4.34000793E+05  3.56139853E+05 
 2.90778079E+05  2.27146547E+05  1.79294742E+05  1.39504528E+05  7.96605402E+04 
 4.11105074E+04  1.97285823E+04  6.17916285E+03  1.66362900E+03  2.74287661E+02 
 5.33316917E+01  1.62182227E+01  7.78870320E+00  3.98650357E+00  2.25413761E+00 
 1.33680408E+00  1.01729792E+00  7.88776466E-01  5.51877589E-01  3.02228200E-01 
 3.68747247E-01  2.86146168E-01  3.52336841E-01  4.09133827E-01  5.80176382E-01 
 4.99108030E-01  3.97093806E-01  2.67943244E-01  3.46861298E-01  4.17941367E-01 
 6.88126541E-01  8.31518260E-01  1.17762708E+00  1.75006579E+00  1.05371574E+00 
 1.06354224E+00  1.06452545E+00  1.05526811E+00  1.04598597E+00  1.03859624E+00 
 1.03334142E+00  1.02868715E+00  1.02442211E+00  1.02112392E+00  1.01825466E+00 
 1.01590028E+00  1.01379242E+00  ) >                                            
HE1            3        72
 2.06406682E+04  1.56801026E+04  1.17120270E+04  8.66717374E+03  6.31248693E+03 
 4.40203727E+03  3.03900957E+03  2.12750475E+03  1.54214251E+03  1.23983499E+03 
 1.08254066E+03  9.88125304E+02  9.24208184E+02  8.86980961E+02  8.64184519E+02 
 8.56432625E+02  8.55425161E+02  8.55564743E+02  8.54846248E+02  8.51767580E+02 
 8.46304683E+02  8.36375043E+02  8.18215760E+02  7.85942573E+02  7.34888718E+02 
 6.85365577E+02  6.18902813E+02  5.54112078E+02  5.00713952E+02  3.58734305E+02 
 2.88443550E+02  2.64638163E+02  1.98193310E+02  5.55455221E+01  1.70961459E+01 
 8.26570754E+00  4.32071550E+00  3.43952968E+00  3.39207226E+00  2.83414899E+00 
 2.33474817E+00  1.22908488E+00  9.62840235E-01  1.63870146E+00  1.46101384E+00 
 1.45211785E+00  1.70167993E+00  1.57250730E+00  1.90602563E+00  1.78912823E+00 
 1.73281242E+00  1.67647988E+00  1.72102545E+00  1.94019122E+00  2.11132295E+00 
 2.73784980E+00  1.97151363E+00  2.02312733E+00  1.87084128E+00  1.05411167E+00 
 1.05940792E+00  1.06020269E+00  1.05261787E+00  1.04463404E+00  1.03793065E+00 
 1.03294826E+00  1.02844481E+00  1.02426560E+00  1.02101310E+00  1.01817373E+00 
 1.01583733E+00  1.01374293E+00  ) >                                            
HE1            4        72
 2.32109274E+05  2.34971638E+05  2.25696515E+05  2.11744585E+05  1.95336439E+05 
 1.76417128E+05  1.52285516E+05  1.28584743E+05  1.07400428E+05  9.36401108E+04 
 8.50793737E+04  7.81846797E+04  7.23071398E+04  6.75752855E+04  6.31341132E+04 
 5.92183492E+04  5.48939551E+04  4.90942378E+04  4.34827855E+04  3.72435094E+04 
 3.17028516E+04  2.78048145E+04  2.48073649E+04  2.17948735E+04  1.83912881E+04 
 1.54529425E+04  1.25075352E+04  1.02414298E+04  8.29687578E+03  5.17144277E+03 
 2.99283096E+03  1.68308816E+03  6.54229856E+02  2.23008370E+02  4.99745570E+01 
 1.26447710E+01  5.08555843E+00  3.17318219E+00  1.98882561E+00  1.29381577E+00 
 8.59773597E-01  6.90786382E-01  5.72700718E-01  4.14763124E-01  2.37582416E-01 
 3.00229551E-01  2.40853257E-01  3.08164230E-01  3.63795988E-01  5.27428324E-01 
 4.64005720E-01  3.78472187E-01  2.59246077E-01  3.38402360E-01  4.06191169E-01 
 6.66681343E-01  8.09267947E-01  1.14699491E+00  1.70746624E+00  1.04333143E+00 
 1.05055759E+00  1.05382374E+00  1.04988072E+00  1.04366592E+00  1.03767499E+00 
 1.03287408E+00  1.02844016E+00  1.02428255E+00  1.02103530E+00  1.01819771E+00 
 1.01585996E+00  1.01376448E+00  ) >                                            
HE1            5        72
 2.58332065E+03  1.84298277E+03  1.29376137E+03  8.81984690E+02  5.73191799E+02 
 3.33739355E+02  1.86152887E+02  1.02137999E+02  5.83775847E+01  3.88333713E+01 
 3.02115290E+01  2.75700168E+01  2.81077434E+01  3.10595614E+01  3.58916032E+01 
 4.26060479E+01  5.12119189E+01  6.36387691E+01  7.61070530E+01  8.99838734E+01 
 1.02559991E+02  1.10666219E+02  1.15056773E+02  1.16547651E+02  1.15099835E+02 
 1.12625427E+02  1.06629864E+02  9.90682639E+01  9.28699769E+01  7.05006114E+01 
 6.08345981E+01  6.06259546E+01  5.05340262E+01  1.56840360E+01  5.59464608E+00 
 3.12898616E+00  1.92363537E+00  1.75937641E+00  1.88526965E+00  1.61685996E+00 
 1.39306785E+00  7.59119074E-01  6.16314387E-01  1.07026935E+00  9.96902929E-01 
 1.00729986E+00  1.19255010E+00  1.12929232E+00  1.39898507E+00  1.33816524E+00 
 1.33317070E+00  1.32893578E+00  1.41857019E+00  1.67893764E+00  1.89354639E+00 
 2.53814769E+00  1.87968579E+00  1.98930635E+00  1.89436447E+00  1.04046771E+00 
 1.05127682E+00  1.05566038E+00  1.05102545E+00  1.04398435E+00  1.03762661E+00 
 1.03277883E+00  1.02834591E+00  1.02420569E+00  1.02097304E+00  1.01814582E+00 
 1.01581654E+00  1.01372712E+00  ) >                                            
[ KURUCZ - b data end ] > 
[ COOLING RATES data start ] > 
> LEID       MODEL LEID   13 L He      ITER 99-09   2014-Mar-24                 
N (  72 )  KOOLSUM (   0 ) > 
NE                ( > 
 1.68420590E+04  2.87997560E+04  4.60004340E+04  7.40667940E+04  1.21610516E+05 
 2.17968005E+05  4.06544628E+05  8.07953374E+05  1.57833680E+06  3.07752879E+06 
 5.24531914E+06  9.04867085E+06  1.53496737E+07  2.47162904E+07  3.76565201E+07 
 5.53743638E+07  8.02347875E+07  1.20037783E+08  1.63571713E+08  2.20063249E+08 
 2.78238308E+08  3.33327221E+08  3.83456549E+08  4.29485357E+08  4.85390486E+08 
 5.45193706E+08  6.23730794E+08  7.12246887E+08  8.19433211E+08  1.06275231E+09 
 1.41988215E+09  1.98793523E+09  3.29148845E+09  5.50494078E+09  1.33843735E+10 
 3.04587168E+10  3.36878879E+10  1.93635151E+10  1.29443527E+10  1.34031815E+10 
 1.59080319E+10  1.83101235E+10  2.28361744E+10  2.97450649E+10  4.16895004E+10 
 5.65101758E+10  8.01175343E+10  1.07052783E+11  1.31117375E+11  1.61938734E+11 
 2.15463636E+11  2.97287781E+11  4.42597552E+11  7.31524939E+11  1.10088085E+12 
 1.54297621E+12  2.31064965E+12  3.44997103E+12  8.84748749E+12  1.28928051E+13 
 2.10473633E+13  3.15065640E+13  5.15480751E+13  7.52974096E+13  1.11161895E+14 
 1.63941209E+14  2.38198174E+14  3.44788752E+14  4.67173958E+14  6.15872742E+14 
 7.83591500E+14  9.81878046E+14  ) >                                            
NH                ( > 
 1.39641703E+04  2.40031546E+04  3.85135179E+04  6.23079998E+04  1.02845634E+05 
 1.85612479E+05  3.49084149E+05  6.99979222E+05  1.37687928E+06  2.69540284E+06 
 4.60224429E+06  7.95478250E+06  1.35075537E+07  2.17541648E+07  3.31635373E+07 
 4.87423569E+07  7.06565892E+07  1.05761898E+08  1.44170807E+08  1.94075773E+08 
 2.45357316E+08  2.93890038E+08  3.37966759E+08  3.78637336E+08  4.28315719E+08 
 4.81448294E+08  5.52180308E+08  6.32188502E+08  7.30169158E+08  9.60258631E+08 
 1.32275392E+09  1.96123907E+09  3.35134604E+09  6.14957004E+09  1.68524667E+10 
 5.24446241E+10  2.93462994E+11  1.66426614E+12  8.04684541E+12  3.27383112E+13 
 1.18482446E+14  2.75422141E+14  6.05955428E+14  1.26188781E+15  2.53703649E+15 
 4.11723422E+15  6.21134573E+15  7.90692382E+15  9.05702860E+15  1.00723032E+16 
 1.13771182E+16  1.26605651E+16  1.36939129E+16  1.46211155E+16  1.46040832E+16 
 1.46012235E+16  1.45319372E+16  1.43593342E+16  1.39525854E+16  1.37861660E+16 
 1.34253402E+16  1.31234043E+16  1.27602931E+16  1.25099933E+16  1.23044852E+16 
 1.21343977E+16  1.20045797E+16  1.18849114E+16  1.17801042E+16  1.16905469E+16 
 1.15750710E+16  1.14381536E+16  ) >                                            
TE                ( > 
 1.32412000E+05  1.22873000E+05  1.14001000E+05  1.05571000E+05  9.73640000E+04 
 8.84590000E+04  7.99340000E+04  7.19440000E+04  6.49690000E+04  5.92620000E+04 
 5.51960000E+04  5.14970000E+04  4.81510000E+04  4.53560000E+04  4.30190000E+04 
 4.09810000E+04  3.91090000E+04  3.69850000E+04  3.51950000E+04  3.33090000E+04 
 3.17630000E+04  3.06250000E+04  2.97380000E+04  2.87850000E+04  2.76220000E+04 
 2.65170000E+04  2.52860000E+04  2.41760000E+04  2.30650000E+04  2.08400000E+04 
 1.85160000E+04  1.59410000E+04  1.31220000E+04  1.06990000E+04  8.59300000E+03 
 7.34100000E+03  6.35500000E+03  5.64000000E+03  5.21900000E+03  4.95500000E+03 
 4.77200000E+03  4.66400000E+03  4.59800000E+03  4.55500000E+03  4.54200000E+03 
 4.55000000E+03  4.58100000E+03  4.62500000E+03  4.66100000E+03  4.70500000E+03 
 4.76800000E+03  4.84500000E+03  4.95300000E+03  5.09900000E+03  5.24000000E+03 
 5.35900000E+03  5.50800000E+03  5.66600000E+03  6.06200000E+03  6.23400000E+03 
 6.47900000E+03  6.69400000E+03  6.97500000E+03  7.20700000E+03  7.46100000E+03 
 7.73200000E+03  8.01100000E+03  8.30800000E+03  8.57000000E+03  8.82400000E+03 
 9.06100000E+03  9.29800000E+03  ) >                                            
SUM               ( > 
-3.04730115E-17 -1.13384178E-16 -3.66864599E-16 -1.19618761E-15 -4.02478894E-15 
-1.58020800E-14 -5.84318395E-14 -1.70711932E-13 -1.85485432E-13  1.12248583E-12 
 6.78956367E-12  2.86411136E-11  1.01186441E-10  2.96821315E-10  7.49475125E-10 
 1.71350830E-09  3.77559790E-09  8.70853431E-09  1.61995556E-08  2.85006524E-08 
 4.37256333E-08  5.99532314E-08  7.59777793E-08  8.86015465E-08  1.00643390E-07 
 1.10232877E-07  1.20013291E-07  1.29263165E-07  1.38086376E-07  1.34249980E-07 
 7.41297112E-08  1.37222170E-08 -6.26026598E-09 -4.61629097E-11  1.85346402E-11 
 3.49012410E-12 -3.85573129E-13 -3.66646119E-14 -1.54567258E-14 -9.87111374E-15 
-1.38257524E-14 -1.40442883E-14 -1.49925950E-14 -6.04156547E-14 -4.81499016E-14 
-8.18613697E-14 -1.66957728E-13 -3.82694878E-13 -6.89290511E-13 -1.43417432E-12 
-3.31062396E-12 -9.35620208E-12 -2.83505484E-11 -9.81682285E-11 -3.01976049E-10 
-1.28928964E-09 -5.91356621E-09 -2.55027388E-08 -1.00050082E-05  2.42176763E-08 
 9.82646601E-08  3.93680547E-07  1.08514701E-06  1.12603324E-06 -3.36553025E-06 
-2.45824675E-05 -1.07544788E-04 -3.87436204E-04 -1.02435054E-03 -2.32039536E-03 
-4.47899997E-03 -7.74721239E-03  ) >                                            
SUMSM             ( > 
-3.04730115E-17 -1.13384178E-16 -3.66864599E-16 -1.19618761E-15 -4.02478894E-15 
-1.58020800E-14 -9.32570062E-14 -1.70711932E-13 -1.85485432E-13  1.12248583E-12 
 6.78956367E-12  2.86411136E-11  1.01186441E-10  2.96821315E-10  7.49475125E-10 
 1.71350830E-09  3.77559790E-09  8.70853431E-09  1.61995556E-08  2.85006524E-08 
 4.39286834E-08  5.99532314E-08  7.59777793E-08  8.86015465E-08  1.00452463E-07 
 1.10232877E-07  1.20013291E-07  1.29263165E-07  1.38086376E-07  1.34249980E-07 
 7.41297112E-08  1.40094421E-08 -6.26026598E-09 -3.12086567E-09  1.85346402E-11 
 9.23838384E-12 -5.78724980E-14 -3.66646119E-14 -1.54567258E-14 -1.36072164E-14 
-1.38257524E-14 -1.40442883E-14 -3.72299715E-14 -6.04156547E-14 -7.11385122E-14 
-8.18613697E-14 -1.66957728E-13 -3.82694878E-13 -6.89290511E-13 -1.43417432E-12 
-3.31062396E-12 -9.35620208E-12 -2.83505484E-11 -9.81682285E-11 -3.01976049E-10 
-1.28928964E-09 -4.01964140E-07 -5.00546087E-06 -9.60895761E-06 -4.95337176E-06 
-2.97785914E-07  3.93680547E-07  1.08514701E-06  1.12603324E-06 -3.36553025E-06 
-2.45824675E-05 -1.07544788E-04 -3.87436204E-04 -1.02435054E-03 -2.32039536E-03 
-4.47899997E-03 -7.74721239E-03  ) >                                            
[ COOLING RATES data end ] > 
