> from Overall Iteration 11 of 11                                Pandora 78.018
> Run Data:    72    5   10  0  0  H    1   2014-Mar-24 17:11:04    56740.71602
> LEID       MODEL LEID   5 L H        ITER 07-17   2014-Mar-24                 
> -------.---------.---------.---------.---------.---------.---------.---------.
> LEID       MODEL LEID   5 L H        ITER 07-17   2014-Mar-24                 
RHO          2  1 ( > 
 1.61879735E-04  1.47244402E-04  1.54021197E-04  4.26687549E-04  6.99353900E-04 
 9.68241317E-04  1.14707776E-03  1.10444658E-03  1.06181540E-03  1.07743083E-03 
 1.16351391E-03  1.24959699E-03  1.28945082E-03  1.16704359E-03  1.03894537E-03 
 9.10847145E-04  7.99931245E-04  6.88804635E-04  5.77678025E-04  4.84680109E-04 
 4.02346072E-04  3.46067619E-04  3.10424209E-04  2.86758772E-04  2.62952260E-04 
 2.39145747E-04  2.15242021E-04  1.96229051E-04  1.77216081E-04  1.37983288E-04 
 9.26081366E-05  4.72329847E-05  1.95655843E-05  5.69007485E-06 -2.37409473E-07 
-5.64986141E-07 -6.09285412E-07 -3.43248990E-07 -7.72125675E-08 -1.31247429E-08 
-9.61256092E-10 -5.79897800E-10 -5.33990286E-10 -5.99011448E-10 -6.75461154E-10 
-7.51910861E-10 -6.29049496E-10 -3.71256331E-10 -1.13463165E-10  1.16140261E-10 
 3.20987476E-10  5.25834691E-10  7.30681906E-10  9.35529121E-10  1.14633245E-09 
 1.36811708E-09  1.69138633E-09  2.93904886E-09  4.18671139E-09  5.43437393E-09 
 7.61094483E-09  1.00699563E-08  1.41170360E-08  1.82167856E-08  2.35768698E-08 
 3.04129398E-08  3.87320469E-08  4.90549884E-08  5.94018399E-08  7.05209013E-08 
 8.17064974E-08  9.35653210E-08  ) >                                            
RHWT         2  1 ( > 
 4.00000000E-01  4.00000000E-01  4.00000000E-01  4.00000000E-01  4.00000000E-01 
 4.00000000E-01  4.00000000E-01  4.00000000E-01  4.00000000E-01  4.00000000E-01 
 4.00000000E-01  4.00000000E-01  4.00000000E-01  4.00000000E-01  4.00000000E-01 
 4.00000000E-01  4.00000000E-01  4.00000000E-01  4.00000000E-01  4.00000000E-01 
 4.00000000E-01  4.00000000E-01  4.00000000E-01  4.00000000E-01  4.00000000E-01 
 4.00000000E-01  4.00000000E-01  4.00000000E-01  4.00000000E-01  4.00000000E-01 
 4.00000000E-01  4.00000000E-01  5.00000000E-01  4.00000000E-01  5.00000000E-01 
 5.00000000E-01  9.00000000E-01  4.00000000E-01  5.00000000E-01  7.00000000E-01 
 9.00000000E-01  9.00000000E-01  9.00000000E-01  9.00000000E-01  9.00000000E-01 
 9.00000000E-01  9.00000000E-01  9.00000000E-01  4.00000000E-01  4.00000000E-01 
 9.00000000E-01  9.00000000E-01  9.00000000E-01  9.00000000E-01  9.00000000E-01 
 9.00000000E-01  8.00000000E-01  5.00000000E-01  9.00000000E-01  5.00000000E-01 
 9.00000000E-01  9.00000000E-01  9.00000000E-01  9.00000000E-01  9.00000000E-01 
 9.00000000E-01  9.00000000E-01  9.00000000E-01  9.00000000E-01  9.00000000E-01 
 9.00000000E-01  9.00000000E-01  ) >                                            
JBAR         2  1 ( > 
 4.89097792E-09  4.61984771E-09  4.37395743E-09  4.14706168E-09  3.93366513E-09 
 3.71224231E-09  3.51309738E-09  3.34219049E-09  3.21218520E-09  3.13346009E-09 
 3.17338230E-09  3.54830088E-09  4.50502971E-09  6.19856257E-09  8.71030936E-09 
 1.22612553E-08  1.73257684E-08  2.55972308E-08  3.46966510E-08  4.63491723E-08 
 5.83144538E-08  6.97857856E-08  7.97755478E-08  8.74939038E-08  9.53649437E-08 
 1.02620012E-07  1.11225330E-07  1.19685864E-07  1.27937806E-07  1.40624942E-07 
 1.52733412E-07  1.58620299E-07  1.55088471E-07  1.04778802E-07  7.92426974E-08 
 4.65583598E-08  3.56798368E-09  2.98113447E-10  3.98292714E-11  1.14602826E-11 
 4.44046507E-12  2.44025613E-12  1.64823043E-12  1.26333919E-12  1.13356080E-12 
 1.16717401E-12  1.37637691E-12  1.74761654E-12  2.12734510E-12  2.67957293E-12 
 3.72007704E-12  5.49854556E-12  9.33101249E-12  1.88508047E-11  3.43853508E-11 
 5.67298701E-11  1.03041827E-10  1.86695874E-10  7.32980713E-10  1.26499315E-09 
 2.57925752E-09  4.63656809E-09  9.45235432E-09  1.63213488E-08  2.85462939E-08 
 4.97743373E-08  8.48247940E-08  1.43843540E-07  2.22346504E-07  3.30881590E-07 
 4.69927895E-07  6.55575865E-07  ) >                                            
CHI          2  1 ( > 
 4.89095641E-09  4.61978190E-09  4.37381082E-09  4.14671235E-09  3.93267500E-09 
 3.70935948E-09  3.50408052E-09  3.31543821E-09  3.13561781E-09  2.96185333E-09 
 2.79809296E-09  2.71689266E-09  2.75810562E-09  2.80933929E-09  2.70554453E-09 
 2.43149832E-09  2.00064352E-09  1.81106177E-09  1.76877631E-09  1.72553942E-09 
 1.84004360E-09  2.04713864E-09  2.43887581E-09  2.60904264E-09  2.53165368E-09 
 2.25350854E-09  1.89238072E-09  1.69968387E-09  1.21885660E-09  6.75415452E-10 
 3.78612184E-10  1.70883257E-10  2.28540805E-11  4.34505216E-12  5.47275560E-13 
 1.10756958E-13  8.38296275E-15  1.02728679E-16  1.93768122E-18  7.31191072E-20 
 7.80188738E-21  2.44199372E-21  1.21774175E-21  8.88597356E-22  8.88591783E-22 
 9.35655419E-22  9.29788994E-22  7.56923026E-22  3.60301262E-22 -1.97037560E-22 
-9.76029064E-22 -2.40384877E-21 -6.25156272E-21 -1.50272557E-20 -3.19242144E-20 
-6.46797839E-20 -1.47152870E-19 -3.58878709E-19 -2.91699634E-18 -6.35863992E-18 
-1.85957093E-17 -4.49580885E-17 -1.30502835E-16 -2.93070575E-16 -6.67563840E-16 
-1.50607365E-15 -3.27440111E-15 -7.03832000E-15 -1.31799680E-14 -2.32918134E-14 
-3.83332046E-14 -6.13410132E-14  ) >                                            
AW           2  1 ( > 
-9.99995605E-01 -9.99985763E-01 -9.99966506E-01 -9.99915843E-01 -9.99748563E-01 
-9.99224410E-01 -9.97437437E-01 -9.92006480E-01 -9.76187677E-01 -9.45296620E-01 
-8.81891091E-01 -7.66020915E-01 -6.12759771E-01 -4.53905718E-01 -3.11367316E-01 
-1.99076803E-01 -1.16217491E-01 -7.14071264E-02 -5.15548774E-02 -3.77202362E-02 
-3.19679523E-02 -2.96900336E-02 -3.08896418E-02 -3.01146670E-02 -2.68239036E-02 
-2.22101679E-02 -1.72383937E-02 -1.44111645E-02 -9.72816225E-03 -4.99491653E-03 
-2.63284849E-03 -1.14824377E-03 -1.81199953E-04 -4.23509418E-05 -8.30868223E-06 
-1.71055118E-06 -2.09087018E-07 -3.52177426E-08 -8.18071842E-09 -2.24853796E-09 
-7.95470643E-10 -4.20467795E-10 -2.04401746E-10 -1.03803103E-10 -6.33118196E-11 
-4.90586006E-11 -4.57882484E-11 -6.06899586E-11 -7.47759409E-11 -6.84463931E-11 
-5.78787406E-11 -5.93194002E-11 -6.04947955E-11 -1.31494701E-10 -2.17830229E-10 
-2.27938679E-10 -2.63316061E-10 -2.13228119E-10 -2.06701117E-10 -3.30416184E-10 
-4.01442546E-10 -3.73884676E-10 -3.11043577E-10 -2.61010995E-10 -1.92202204E-10 
-1.55730650E-10 -1.31173176E-10 -1.25962090E-10 -1.26808978E-10 -1.29728746E-10 
-1.36372224E-10  2.62199365E-17  ) >                                            
RHO          3  1 ( > 
 1.54774571E-02  2.29490367E-02 -4.08759928E-01 -8.40468893E-01 -8.36659833E-01 
-8.13612096E-01 -5.71090895E-01 -3.28569694E-01 -2.70528018E-01 -2.12486341E-01 
-1.55457396E-01 -1.01992046E-01 -5.38296723E-02 -5.66729834E-03  2.78443455E-02 
 3.20324294E-02  2.58141689E-02  1.84167318E-02  1.10192947E-02  6.70670912E-03 
 4.48260041E-03  2.83722410E-03  2.33650570E-03  2.09027077E-03  1.84403583E-03 
 1.48521746E-03  1.10231289E-03  7.19408324E-04  1.32667084E-03  1.93393336E-03 
 1.43088276E-03  7.77746488E-04  1.24610218E-04 -1.73930694E-05 -1.36720167E-05 
-9.95096389E-06 -6.22991112E-06 -2.50885834E-06 -3.21139505E-07 -1.48077169E-07 
-9.83438930E-08 -6.58086461E-08 -4.45234575E-08 -3.51169757E-08 -2.95591694E-08 
-2.40013631E-08 -1.85873294E-08 -1.34786076E-08 -8.36988581E-09 -2.24321812E-09 
 3.88344956E-09  1.02502130E-08  1.95934002E-08  2.89365874E-08  4.13665726E-08 
 5.53196703E-08  7.39526903E-08  1.21836082E-07  1.69719474E-07  2.17602866E-07 
 2.84641166E-07  3.61670389E-07  4.83031732E-07  6.04393076E-07  7.61453882E-07 
 9.59610595E-07  1.19917948E-06  1.49521284E-06  1.79157844E-06  2.11064241E-06 
 2.43278284E-06  2.77648647E-06  ) >                                            
RHWT         3  1 ( > 
 5.00000000E-01  5.00000000E-01  6.00000000E-01  6.00000000E-01  4.00000000E-01 
 4.00000000E-01  4.00000000E-01  4.00000000E-01  4.00000000E-01  4.00000000E-01 
 7.00000000E-01  9.00000000E-01  5.00000000E-01  5.00000000E-01  4.00000000E-01 
 9.00000000E-01  9.00000000E-01  6.00000000E-01  8.00000000E-01  8.00000000E-01 
 7.00000000E-01  9.00000000E-01  8.00000000E-01  8.00000000E-01  4.00000000E-01 
 6.00000000E-01  6.00000000E-01  7.00000000E-01  5.00000000E-01  6.00000000E-01 
 4.00000000E-01  4.00000000E-01  4.00000000E-01  4.00000000E-01  6.00000000E-01 
 7.00000000E-01  7.00000000E-01  5.00000000E-01  6.00000000E-01  9.00000000E-01 
 9.00000000E-01  9.00000000E-01  9.00000000E-01  9.00000000E-01  9.00000000E-01 
 9.00000000E-01  9.00000000E-01  9.00000000E-01  9.00000000E-01  9.00000000E-01 
 7.00000000E-01  9.00000000E-01  9.00000000E-01  9.00000000E-01  9.00000000E-01 
 9.00000000E-01  9.00000000E-01  7.00000000E-01  9.00000000E-01  7.00000000E-01 
 9.00000000E-01  5.00000000E-01  9.00000000E-01  9.00000000E-01  9.00000000E-01 
 9.00000000E-01  9.00000000E-01  9.00000000E-01  9.00000000E-01  9.00000000E-01 
 9.00000000E-01  9.00000000E-01  ) >                                            
JBAR         3  1 ( > 
 3.65951612E-11  3.54861346E-11  3.44492840E-11  3.34613594E-11  3.24993671E-11 
 3.14590614E-11  3.04726926E-11  2.95541610E-11  2.87236375E-11  2.78775691E-11 
 2.72864039E-11  2.77160512E-11  2.99940379E-11  3.45933200E-11  4.20883902E-11 
 5.38925041E-11  7.14545012E-11  9.87181889E-11  1.26934539E-10  1.59248885E-10 
 1.89566894E-10  2.16271963E-10  2.39195429E-10  2.57001173E-10  2.75379660E-10 
 2.89008468E-10  3.03989786E-10  3.23141493E-10  3.46391284E-10  4.01637579E-10 
 4.25092209E-10  3.32332782E-10  2.05388219E-10  8.89975896E-11  3.97066330E-10 
 4.39983089E-10  4.76458412E-11  4.57265725E-12  6.27175906E-13  1.82724067E-13 
 7.23051778E-14  4.02039282E-14  2.73381134E-14  2.09305494E-14  1.85956348E-14 
 1.90549445E-14  2.27333673E-14  2.92014143E-14  3.61362627E-14  4.70704319E-14 
 6.87238199E-14  1.08065717E-13  2.00027661E-13  4.38884366E-13  9.11609240E-13 
 1.63822859E-12  3.28944769E-12  6.62248708E-12  3.30172585E-11  6.22865844E-11 
 1.45397079E-10  2.91181731E-10  6.77656584E-10  1.29592640E-09  2.51546572E-09 
 4.86352445E-09  9.15064553E-09  1.71147681E-08  2.86802426E-08  4.59439322E-08 
 6.96342766E-08  1.03325484E-07  ) >                                            
CHI          3  1 ( > 
 3.65951313E-11  3.54863961E-11  3.44489772E-11  3.34606947E-11  3.24980167E-11 
 3.14553406E-11  3.04606356E-11  2.95161353E-11  2.86060021E-11  2.75906943E-11 
 2.66014438E-11  2.60989298E-11  2.65288814E-11  2.76276378E-11  2.89442900E-11 
 2.99552222E-11  2.87359455E-11  2.88260971E-11  2.82698633E-11  2.73360953E-11 
 2.82305137E-11  3.03740229E-11  3.49275169E-11  3.66994359E-11  3.51372193E-11 
 3.11202520E-11  2.60781812E-11  2.33469714E-11  1.72044706E-11  9.68836871E-12 
 5.12135172E-12  1.88368722E-12  2.25129339E-13  2.64619344E-14  2.79936691E-15 
 1.31960628E-15  3.73058202E-16  8.32957449E-18  2.33654031E-19  2.96802106E-20 
 7.48366502E-21  2.75533377E-21  1.25438031E-21  7.41420544E-22  5.58021988E-22 
 4.64003323E-22  4.29846448E-22  4.28258838E-22  3.20294281E-22  1.27069721E-22 
-2.11479383E-22 -1.03375532E-21 -3.84114394E-21 -1.23520101E-20 -3.64554394E-20 
-8.82887125E-20 -2.37896084E-19 -6.35518151E-19 -5.55997192E-18 -1.31071781E-17 
-4.10176173E-17 -1.04477484E-16 -3.25992130E-16 -7.81097377E-16 -1.91238181E-15 
-4.66239245E-15 -1.09659199E-14 -2.55772474E-14 -5.13612674E-14 -9.69363961E-14 
-1.69350312E-13 -2.86890828E-13  ) >                                            
AW           3  1 ( > 
-9.99999201E-01 -9.99997404E-01 -9.99993852E-01 -9.99984403E-01 -9.99952695E-01 
-9.99851277E-01 -9.99494782E-01 -9.98367490E-01 -9.94884469E-01 -9.87632998E-01 
-9.71013940E-01 -9.35733990E-01 -8.78027387E-01 -7.98501111E-01 -6.95723025E-01 
-5.69784010E-01 -4.17348631E-01 -3.01344373E-01 -2.30981103E-01 -1.76986343E-01 
-1.52767980E-01 -1.42816236E-01 -1.47916154E-01 -1.44475562E-01 -1.29960088E-01 
-1.09128506E-01 -8.62125387E-02 -7.27837401E-02 -4.99009395E-02 -2.63229421E-02 
-1.38431324E-02 -5.84289936E-03 -8.60983749E-04 -1.15939412E-04 -1.71706875E-05 
-6.17025825E-06 -1.17015127E-06 -2.13188762E-07 -4.95517245E-08 -1.40903632E-08 
-5.06699307E-09 -2.64553695E-09 -1.29329056E-09 -6.57210570E-10 -4.00420391E-10 
-3.09168249E-10 -2.87696535E-10 -3.80330134E-10 -4.67522009E-10 -4.29119626E-10 
-3.61688038E-10 -3.69447104E-10 -3.80225432E-10 -7.85407112E-10 -1.37161023E-09 
-1.42377560E-09 -1.62948263E-09 -1.35285683E-09 -1.31496783E-09 -2.01187556E-09 
-2.54120376E-09 -2.37561808E-09 -1.99578181E-09 -1.67604800E-09 -1.22447010E-09 
-9.91725855E-10 -8.35951422E-10 -8.00344639E-10 -8.06344075E-10 -8.20545505E-10 
-8.60708228E-10  6.82563618E-19  ) >                                            
RHO          3  2 ( > 
 1.85297069E-02  2.14210367E-01  4.12096762E-01  6.09983156E-01  6.73773112E-01 
 6.83023923E-01  6.79983801E-01  6.40550903E-01  6.01118004E-01  5.72422912E-01 
 5.52136392E-01  5.31849872E-01  4.97163337E-01  4.50911407E-01  4.04659477E-01 
 3.76804054E-01  3.48948631E-01  3.20507716E-01  2.92066802E-01  2.63566019E-01 
 2.35110795E-01  2.13455223E-01  1.99269896E-01  1.88828230E-01  1.78386564E-01 
 1.67886499E-01  1.57386435E-01  1.47306779E-01  1.37227122E-01  1.13694602E-01 
 9.01620809E-02  7.13676676E-02  5.74606666E-02  4.35536657E-02  2.28926881E-02 
 2.23171048E-03  9.95584053E-04  8.01104122E-04  6.06624191E-04  6.54018076E-04 
 7.01411962E-04  7.34738893E-04  7.51842764E-04  6.84044910E-04  6.16247056E-04 
 5.62685009E-04  5.27358255E-04  4.92031500E-04  4.56414534E-04  4.20797568E-04 
 3.85180602E-04  3.35283448E-04  2.85386294E-04  2.48559077E-04  2.11731860E-04 
 1.74322429E-04  1.36912998E-04  1.08417585E-04  8.14218966E-05  5.44262080E-05 
 3.14922677E-05  1.89676639E-05  1.05605271E-05  4.76282301E-06  1.99411106E-06 
 1.02546031E-06  5.58185188E-07  3.53884256E-07  2.57639042E-07  2.03998604E-07 
 1.50358166E-07  9.58614319E-08  ) >                                            
RHWT         3  2 ( > 
 9.00000000E-01  4.00000000E-01  4.00000000E-01  4.00000000E-01  4.00000000E-01 
 4.00000000E-01  4.00000000E-01  4.00000000E-01  4.00000000E-01  4.00000000E-01 
 5.00000000E-01  7.00000000E-01  6.00000000E-01  5.00000000E-01  6.00000000E-01 
 4.00000000E-01  6.00000000E-01  6.00000000E-01  6.00000000E-01  6.00000000E-01 
 6.00000000E-01  6.00000000E-01  6.00000000E-01  6.00000000E-01  6.00000000E-01 
 6.00000000E-01  5.00000000E-01  5.00000000E-01  4.00000000E-01  4.00000000E-01 
 4.00000000E-01  4.00000000E-01  4.00000000E-01  4.00000000E-01  5.00000000E-01 
 5.00000000E-01  4.00000000E-01  4.00000000E-01  7.00000000E-01  8.00000000E-01 
 8.00000000E-01  9.00000000E-01  7.00000000E-01  5.00000000E-01  4.00000000E-01 
 9.00000000E-01  4.00000000E-01  7.00000000E-01  5.00000000E-01  4.00000000E-01 
 4.00000000E-01  5.00000000E-01  4.00000000E-01  5.00000000E-01  5.00000000E-01 
 8.00000000E-01  9.00000000E-01  4.00000000E-01  7.00000000E-01  9.00000000E-01 
 7.00000000E-01  6.00000000E-01  8.00000000E-01  9.00000000E-01  9.00000000E-01 
 9.00000000E-01  9.00000000E-01  9.00000000E-01  9.00000000E-01  9.00000000E-01 
 9.00000000E-01  9.00000000E-01  ) >                                            
JBAR         3  2 ( > 
 3.40125377E-06  3.32629456E-06  3.25251055E-06  3.17841056E-06  3.10216822E-06 
 3.01439743E-06  2.92493345E-06  2.83399378E-06  2.74050958E-06  2.62025051E-06 
 2.48781133E-06  2.39093246E-06  2.36004238E-06  2.33710625E-06  2.26588595E-06 
 2.19359761E-06  2.12803084E-06  2.06906002E-06  2.02068467E-06  1.97119274E-06 
 1.92394623E-06  1.88813829E-06  1.86233754E-06  1.84316690E-06  1.82371476E-06 
 1.79970819E-06  1.77496835E-06  1.75331461E-06  1.73127296E-06  1.68299945E-06 
 1.60953762E-06  1.36109185E-06  9.71531392E-07  1.09557226E-06  2.92578473E-06 
 7.07216285E-06  1.08979968E-05  1.26232799E-05  1.32110609E-05  1.35652067E-05 
 1.38773550E-05  1.40483915E-05  1.41467738E-05  1.41380043E-05  1.39969213E-05 
 1.39314658E-05  1.41026951E-05  1.42633002E-05  1.45470464E-05  1.50008225E-05 
 1.57807590E-05  1.67872506E-05  1.83345888E-05  2.03733703E-05  2.27306354E-05 
 2.47919245E-05  2.74556116E-05  3.04344512E-05  3.92486297E-05  4.32541491E-05 
 4.93586284E-05  5.50450895E-05  6.31966992E-05  7.03328763E-05  7.84872327E-05 
 8.75642783E-05  9.73054426E-05  1.08093107E-04  1.17948077E-04  1.27788777E-04 
 1.37212080E-04  1.46856855E-04  ) >                                            
CHI          3  2 ( > 
 3.40125374E-06  3.32629446E-06  3.25251067E-06  3.17841065E-06  3.10216834E-06 
 3.01439786E-06  2.92493185E-06  2.83399127E-06  2.74050550E-06  2.62024497E-06 
 2.48780312E-06  2.39091843E-06  2.36001745E-06  2.33706266E-06  2.26580339E-06 
 2.19342697E-06  2.12762325E-06  2.06829243E-06  2.01932024E-06  1.96905124E-06 
 1.92108649E-06  1.88474047E-06  1.85879452E-06  1.83924741E-06  1.81910055E-06 
 1.79378307E-06  1.76724187E-06  1.74363266E-06  1.71422361E-06  1.65004902E-06 
 1.54305018E-06  1.22543145E-06  7.04030499E-07  3.58014131E-07  1.17486584E-07 
 9.09608061E-08  1.67613584E-07  3.57716146E-07  5.58784230E-07  5.97404850E-07 
 6.04818657E-07  5.86586269E-07  4.55660570E-07  3.16644786E-07  2.26640391E-07 
 1.77689608E-07  1.49311855E-07  1.64743967E-07  1.72276028E-07  1.38428511E-07 
 9.95822868E-08  8.23701021E-08  6.51580202E-08  8.03827747E-08  9.48061943E-08 
 7.91787581E-08  7.05926577E-08  4.56118829E-08  3.02890285E-08  3.47802348E-08 
 3.15578350E-08  2.17699357E-08  1.21325769E-08  7.12897338E-09  3.52325104E-09 
 1.90124110E-09  1.06814178E-09  6.76105191E-10  4.83846472E-10  3.57482481E-10 
 2.85858502E-10 -1.40787709E-11  ) >                                            
AW           3  2 ( > 
-9.99999992E-01 -9.99999982E-01 -9.99999974E-01 -9.99999961E-01 -9.99999935E-01 
-9.99999887E-01 -9.99999799E-01 -9.99999654E-01 -9.99999402E-01 -9.99999081E-01 
-9.99998494E-01 -9.99997235E-01 -9.99994806E-01 -9.99989733E-01 -9.99978336E-01 
-9.99951281E-01 -9.99875524E-01 -9.99747927E-01 -9.99522635E-01 -9.99200789E-01 
-9.98863412E-01 -9.98585624E-01 -9.98477148E-01 -9.98276160E-01 -9.97922178E-01 
-9.97261641E-01 -9.96329147E-01 -9.95290336E-01 -9.91498725E-01 -9.82611232E-01 
-9.62057861E-01 -9.07407083E-01 -7.48436841E-01 -3.64464008E-01 -5.30959788E-02 
-1.42378502E-02 -1.58157976E-02 -2.90232525E-02 -4.28887184E-02 -4.46475344E-02 
-4.42589910E-02 -4.24585359E-02 -3.29353974E-02 -2.30957692E-02 -1.67804797E-02 
-1.33097202E-02 -1.12199725E-02 -1.20350779E-02 -1.22793728E-02 -9.66840773E-03 
-6.70552729E-03 -5.19174025E-03 -3.82465578E-03 -3.93948710E-03 -4.39151859E-03 
-3.36733682E-03 -2.70604768E-03 -1.66762420E-03 -8.55967614E-04 -8.22154364E-04 
-6.71609128E-04 -4.14195853E-04 -2.02542663E-04 -1.06122412E-04 -4.68833325E-05 
-2.27378655E-05 -1.15353379E-05 -6.60870205E-06 -4.35982856E-06 -2.98024499E-06 
-2.23369372E-06  2.40784775E-17  ) >                                            
RHO          4  1 ( > 
-4.27320075E+00 -1.62861329E+00 -6.70506213E-01 -5.13873462E-01 -5.01273580E-01 
-4.88673698E-01 -4.76073816E-01 -4.70220295E-01 -4.64366774E-01 -3.84595027E-01 
-3.00907521E-01 -2.04082540E-01 -1.05798413E-01 -7.51428559E-03  5.28081078E-02 
 8.29199002E-02  8.12839837E-02  6.53521966E-02  4.94204095E-02  3.34886223E-02 
 1.86441163E-02  1.18169561E-02  1.01388844E-02  9.00398954E-03  7.86909468E-03 
 6.44997626E-03  4.92707183E-03  3.40416739E-03  3.58923735E-03  3.77430732E-03 
 3.72167433E-03  1.84539026E-03 -3.08938124E-05 -4.21263731E-05 -2.71154699E-05 
-1.21045667E-05 -7.93880096E-06 -3.77303518E-06 -1.06857038E-06 -6.33817333E-07 
-3.99454952E-07 -2.60687639E-07 -1.73846571E-07 -1.27764425E-07 -9.76974721E-08 
-6.87576281E-08 -4.03987542E-08 -1.84641902E-08  3.47037373E-09  2.79972098E-08 
 5.53380886E-08  8.93691977E-08  1.40605690E-07  2.04193733E-07  2.87460245E-07 
 3.74790187E-07  4.98297142E-07  8.33352717E-07  1.16840829E-06  1.50346387E-06 
 1.97161041E-06  2.51566756E-06  3.35386850E-06  4.19206944E-06  5.26914189E-06 
 6.61506640E-06  8.24244831E-06  1.01968390E-05  1.21512297E-05  1.42381754E-05 
 1.63293932E-05  1.85454687E-05  ) >                                            
RHWT         4  1 ( > 
 4.00000000E-01  4.00000000E-01  5.00000000E-01  5.00000000E-01  4.00000000E-01 
 4.00000000E-01  4.00000000E-01  4.00000000E-01  4.00000000E-01  4.00000000E-01 
 4.00000000E-01  5.00000000E-01  5.00000000E-01  7.00000000E-01  6.00000000E-01 
 6.00000000E-01  4.00000000E-01  6.00000000E-01  5.00000000E-01  5.00000000E-01 
 9.00000000E-01  9.00000000E-01  5.00000000E-01  7.00000000E-01  4.00000000E-01 
 5.00000000E-01  5.00000000E-01  7.00000000E-01  4.00000000E-01  8.00000000E-01 
 5.00000000E-01  4.00000000E-01  4.00000000E-01  4.00000000E-01  6.00000000E-01 
 4.00000000E-01  7.00000000E-01  7.00000000E-01  6.00000000E-01  9.00000000E-01 
 9.00000000E-01  9.00000000E-01  9.00000000E-01  9.00000000E-01  9.00000000E-01 
 9.00000000E-01  9.00000000E-01  9.00000000E-01  9.00000000E-01  9.00000000E-01 
 9.00000000E-01  9.00000000E-01  9.00000000E-01  9.00000000E-01  9.00000000E-01 
 9.00000000E-01  9.00000000E-01  7.00000000E-01  9.00000000E-01  7.00000000E-01 
 9.00000000E-01  4.00000000E-01  9.00000000E-01  9.00000000E-01  9.00000000E-01 
 9.00000000E-01  4.00000000E-01  9.00000000E-01  9.00000000E-01  9.00000000E-01 
 9.00000000E-01  9.00000000E-01  ) >                                            
JBAR         4  1 ( > 
 1.46033886E-11  1.44707245E-11  1.43398516E-11  1.42083132E-11  1.40730814E-11 
 1.39179350E-11  1.37612002E-11  1.36055621E-11  1.34553960E-11  1.32900873E-11 
 1.31600900E-11  1.32415575E-11  1.37494457E-11  1.48143747E-11  1.66218011E-11 
 1.96134871E-11  2.43207072E-11  3.19229358E-11  3.95000568E-11  4.75310906E-11 
 5.40497115E-11  5.93330440E-11  6.37044798E-11  6.69638746E-11  7.00722688E-11 
 7.19021670E-11  7.37142256E-11  7.64375120E-11  7.97395930E-11  8.64679802E-11 
 8.45190604E-11  6.10784651E-11  3.26527712E-11  1.05604912E-11  3.41546732E-11 
 5.19831310E-11  7.16075886E-12  7.47497329E-13  1.08300419E-13  3.26719042E-14 
 1.33529734E-14  7.59282231E-15  5.28507697E-15  4.15766221E-15  3.82507514E-15 
 4.05866683E-15  5.02270539E-15  6.61683950E-15  8.32052687E-15  1.10086777E-14 
 1.64283059E-14  2.65182248E-14  5.06187878E-14  1.15813914E-13  2.49543323E-13 
 4.62420072E-13  9.62926154E-13  2.00962564E-12  1.09183467E-11  2.13353059E-11 
 5.21339430E-11  1.08454465E-10  2.64457808E-10  5.24157381E-10  1.05519600E-09 
 2.11526599E-09  4.12004631E-09  7.97457019E-09  1.37463993E-08  2.25959743E-08 
 3.50352558E-08  5.31207525E-08  ) >                                            
CHI          4  1 ( > 
 1.46033881E-11  1.44707208E-11  1.43398339E-11  1.42082559E-11  1.40729399E-11 
 1.39175253E-11  1.37592047E-11  1.35995424E-11  1.34364222E-11  1.32417466E-11 
 1.30380616E-11  1.29351185E-11  1.30620673E-11  1.34058802E-11  1.39231813E-11 
 1.45849343E-11  1.48436517E-11  1.60217823E-11  1.65386331E-11  1.66405607E-11 
 1.71916825E-11  1.81266349E-11  2.01198970E-11  2.07764384E-11  1.98318333E-11 
 1.76303057E-11  1.48442061E-11  1.31392944E-11  9.54016768E-12  5.24872293E-12 
 2.66070172E-12  8.92172677E-13  1.10606838E-13  9.81962918E-15  7.36151413E-16 
 2.35375068E-16  9.45253240E-17  3.60629710E-18  1.33346122E-19  2.20623587E-20 
 5.53262946E-21  2.03967798E-21  9.39985690E-22  5.40069819E-22  3.78829754E-22 
 2.83315476E-22  2.07744359E-22  1.37193601E-22 -1.68627501E-23 -2.93499831E-22 
-8.90474650E-22 -2.33991650E-21 -7.05885314E-21 -2.33823041E-20 -7.07383812E-20 
-1.71402661E-19 -4.75287561E-19 -1.30883557E-18 -1.27157175E-17 -3.10726475E-17 
-1.02409525E-16 -2.71162359E-16 -8.85484343E-16 -2.19484009E-15 -5.55641948E-15 
-1.39873757E-14 -3.38848795E-14 -8.13021084E-14 -1.67010302E-13 -3.21685620E-13 
-5.72042840E-13 -9.85196072E-13  ) >                                            
AW           4  1 ( > 
-9.99999700E-01 -9.99999028E-01 -9.99997698E-01 -9.99994146E-01 -9.99982141E-01 
-9.99943406E-01 -9.99805490E-01 -9.99362328E-01 -9.97961899E-01 -9.94978943E-01 
-9.87889416E-01 -9.72138227E-01 -9.44786359E-01 -9.04098431E-01 -8.46010419E-01 
-7.64494810E-01 -6.43241898E-01 -5.33591399E-01 -4.46441104E-01 -3.70155190E-01 
-3.30760847E-01 -3.13593981E-01 -3.22396584E-01 -3.16202130E-01 -2.90192555E-01 
-2.49707957E-01 -2.03423795E-01 -1.74421285E-01 -1.22086731E-01 -6.65111755E-02 
-3.53100169E-02 -1.46589384E-02 -2.33094372E-03 -2.98225367E-04 -3.30310616E-05 
-1.31882047E-05 -2.91924278E-06 -5.94129131E-07 -1.39426248E-07 -4.01801218E-08 
-1.44562068E-08 -7.61084957E-09 -3.74310653E-09 -1.89749511E-09 -1.15482188E-09 
-8.91185130E-10 -8.27273530E-10 -1.09626118E-09 -1.34452473E-09 -1.23501658E-09 
-1.04319885E-09 -1.06281065E-09 -1.09515238E-09 -2.25872785E-09 -3.96236340E-09 
-4.11014402E-09 -4.70267380E-09 -3.91026969E-09 -3.79096730E-09 -5.79357140E-09 
-7.32124574E-09 -6.84372748E-09 -5.74967143E-09 -4.82843450E-09 -3.53842626E-09 
-2.86609717E-09 -2.41122370E-09 -2.30890301E-09 -2.32661858E-09 -2.36317232E-09 
-2.48979861E-09 -1.36085823E-17  ) >                                            
RHO          4  2 ( > 
 8.44601347E-01  8.45301818E-01  8.52394527E-01  8.59487237E-01  8.15416791E-01 
 7.71346345E-01  7.34759434E-01  7.20723867E-01  7.06688300E-01  6.97077256E-01 
 6.93213992E-01  6.89350728E-01  6.68121016E-01  6.19655157E-01  5.71189298E-01 
 5.21995711E-01  4.72802124E-01  4.18516034E-01  3.59745958E-01  2.96602181E-01 
 2.33458404E-01  1.75719495E-01  1.36720796E-01  1.04743757E-01  7.27667182E-02 
 4.05150170E-02  8.26331566E-03 -2.39883856E-02 -5.88586524E-02 -1.47773769E-01 
-2.36688887E-01 -3.05769649E-01 -1.71600996E-01 -3.74323430E-02 -2.14347849E-02 
-5.43722672E-03 -1.76751972E-03  3.16948100E-04  2.03641750E-03  3.09251314E-03 
 3.56874425E-03  3.59875000E-03  3.46689225E-03  2.98285495E-03  2.40231930E-03 
 1.82178366E-03  1.62080243E-03  1.41982121E-03  1.34718693E-03  1.27455266E-03 
 1.15681020E-03  1.03906774E-03  9.47442607E-04  8.62361061E-04  7.77279515E-04 
 6.65819559E-04  5.54359602E-04  4.97493471E-04  4.40627340E-04  3.22570551E-04 
 2.04513762E-04  1.35290872E-04  7.91159403E-05  3.57386903E-05  1.52580911E-05 
 7.83625914E-06  4.13324689E-06  2.48452895E-06  1.73334489E-06  1.34406370E-06 
 9.54782515E-07  5.65243291E-07  ) >                                            
RHWT         4  2 ( > 
 4.00000000E-01  4.00000000E-01  5.00000000E-01  6.00000000E-01  4.00000000E-01 
 4.00000000E-01  4.00000000E-01  4.00000000E-01  4.00000000E-01  4.00000000E-01 
 4.00000000E-01  4.00000000E-01  8.00000000E-01  4.00000000E-01  4.00000000E-01 
 4.00000000E-01  5.00000000E-01  4.00000000E-01  4.00000000E-01  6.00000000E-01 
 4.00000000E-01  4.00000000E-01  4.00000000E-01  4.00000000E-01  4.00000000E-01 
 4.00000000E-01  4.00000000E-01  4.00000000E-01  4.00000000E-01  4.00000000E-01 
 4.00000000E-01  8.00000000E-01  4.00000000E-01  4.00000000E-01  4.00000000E-01 
 4.00000000E-01  8.00000000E-01  5.00000000E-01  5.00000000E-01  4.00000000E-01 
 4.00000000E-01  4.00000000E-01  4.00000000E-01  9.00000000E-01  6.00000000E-01 
 7.00000000E-01  4.00000000E-01  7.00000000E-01  9.00000000E-01  9.00000000E-01 
 9.00000000E-01  9.00000000E-01  6.00000000E-01  5.00000000E-01  4.00000000E-01 
 9.00000000E-01  9.00000000E-01  4.00000000E-01  7.00000000E-01  9.00000000E-01 
 7.00000000E-01  8.00000000E-01  5.00000000E-01  9.00000000E-01  9.00000000E-01 
 9.00000000E-01  9.00000000E-01  9.00000000E-01  9.00000000E-01  9.00000000E-01 
 9.00000000E-01  9.00000000E-01  ) >                                            
JBAR         4  2 ( > 
 2.10531853E-06  2.06247736E-06  2.02015955E-06  1.97750439E-06  1.93344380E-06 
 1.88249209E-06  1.83028980E-06  1.77693113E-06  1.72174782E-06  1.65022611E-06 
 1.57070205E-06  1.51197847E-06  1.49314832E-06  1.47912972E-06  1.43540665E-06 
 1.39069752E-06  1.34981135E-06  1.31266272E-06  1.28183570E-06  1.24983763E-06 
 1.21881750E-06  1.19473873E-06  1.17691004E-06  1.16338884E-06  1.14939273E-06 
 1.13222661E-06  1.11385047E-06  1.09696435E-06  1.07908824E-06  1.03959088E-06 
 9.76432674E-07  7.75388860E-07  4.11343996E-07  3.63358914E-07  6.03475026E-07 
 1.79606754E-06  3.48318101E-06  4.38420533E-06  4.78539793E-06  5.06166343E-06 
 5.33401727E-06  5.51670344E-06  5.68365330E-06  5.83607123E-06  5.98379615E-06 
 6.16899870E-06  6.47508589E-06  6.71772445E-06  6.96089456E-06  7.28917188E-06 
 7.83503664E-06  8.55072044E-06  9.62573011E-06  1.11414987E-05  1.28811258E-05 
 1.44757985E-05  1.66058673E-05  1.90581801E-05  2.66998101E-05  3.04073484E-05 
 3.62490642E-05  4.18757471E-05  5.02099755E-05  5.77608435E-05  6.66529154E-05 
 7.68519947E-05  8.81171225E-05  1.00941243E-04  1.12947203E-04  1.25188388E-04 
 1.37128204E-04  1.49552942E-04  ) >                                            
CHI          4  2 ( > 
 2.10531855E-06  2.06247713E-06  2.02015921E-06  1.97750375E-06  1.93344318E-06 
 1.88249132E-06  1.83028870E-06  1.77692929E-06  1.72174482E-06  1.65022187E-06 
 1.57069595E-06  1.51196913E-06  1.49313473E-06  1.47911248E-06  1.43538337E-06 
 1.39066202E-06  1.34974438E-06  1.31255473E-06  1.28166440E-06  1.24958896E-06 
 1.21850686E-06  1.19438658E-06  1.17655511E-06  1.16300493E-06  1.14895011E-06 
 1.13166832E-06  1.11313773E-06  1.09608681E-06  1.07754695E-06  1.03671810E-06 
 9.70831598E-07  7.63684494E-07  3.85403197E-07  2.16712172E-07  1.59587112E-07 
 1.28947812E-07  2.89320826E-07  6.54498695E-07  1.03101804E-06  1.13051020E-06 
 1.17785553E-06  1.17310140E-06  9.58449709E-07  7.01754894E-07  5.31141091E-07 
 4.28387370E-07  3.72463629E-07  4.13494606E-07  4.36376625E-07  3.50475179E-07 
 2.48849292E-07  2.02176263E-07  1.55413006E-07  1.95937347E-07  2.35593446E-07 
 1.95599734E-07  1.76132243E-07  1.17590922E-07  9.73276449E-08  1.20406918E-07 
 1.16019555E-07  8.83048104E-08  5.64237116E-08  3.60382878E-08  1.90767061E-08 
 1.09132153E-08  6.44873891E-09  4.27100933E-09  3.16186643E-09  2.40645242E-09 
 1.96861531E-09 -8.45385269E-11  ) >                                            
AW           4  2 ( > 
-9.99999992E-01 -9.99999982E-01 -9.99999974E-01 -9.99999961E-01 -9.99999935E-01 
-9.99999888E-01 -9.99999802E-01 -9.99999663E-01 -9.99999433E-01 -9.99999168E-01 
-9.99998754E-01 -9.99998018E-01 -9.99996999E-01 -9.99995536E-01 -9.99993002E-01 
-9.99987731E-01 -9.99973872E-01 -9.99951986E-01 -9.99914011E-01 -9.99859485E-01 
-9.99802483E-01 -9.99755479E-01 -9.99737710E-01 -9.99703205E-01 -9.99641505E-01 
-9.99524886E-01 -9.99359065E-01 -9.99172434E-01 -9.98472205E-01 -9.96780795E-01 
-9.92624070E-01 -9.80304496E-01 -9.35789564E-01 -6.52381445E-01 -2.42108352E-01 
-7.90513283E-02 -8.63080894E-02 -1.52013351E-01 -2.17779561E-01 -2.25744161E-01 
-2.23437822E-01 -2.15259732E-01 -1.71282652E-01 -1.22657458E-01 -9.01682985E-02 
-7.09432235E-02 -5.89524066E-02 -6.27363938E-02 -6.36503235E-02 -4.92057974E-02 
-3.27995168E-02 -2.43073847E-02 -1.69430090E-02 -1.71674993E-02 -1.91573987E-02 
-1.41524921E-02 -1.11449976E-02 -6.97408428E-03 -3.96667897E-03 -3.92808313E-03 
-3.40155409E-03 -2.24184257E-03 -1.20108619E-03 -6.59641514E-04 -3.01463438E-04 
-1.49837802E-04 -7.73164092E-05 -4.47961255E-05 -2.97274333E-05 -2.03911042E-05 
-1.53107957E-05 -6.15676771E-18  ) >                                            
RHO          4  3 ( > 
 8.15713959E-01  8.15716222E-01  7.14680487E-01  6.13644751E-01  6.47736927E-01 
 7.00383225E-01  7.53029522E-01  7.92675998E-01  8.30707693E-01  8.43444179E-01 
 8.55289478E-01  8.62183999E-01  8.65276132E-01  8.57840336E-01  8.49793177E-01 
 8.38764804E-01  8.27981377E-01  8.15831311E-01  8.01600440E-01  7.86176727E-01 
 7.71647892E-01  7.59946293E-01  7.51453322E-01  7.45261623E-01  7.38708424E-01 
 7.31973666E-01  7.24524743E-01  7.17872010E-01  7.10964324E-01  6.93437229E-01 
 6.68562032E-01  6.43686834E-01  5.83672342E-01  4.22692495E-01  2.61712648E-01 
 1.35548615E-01  9.38458185E-03  4.66069981E-03  4.70124286E-03  4.74178591E-03 
 4.24944809E-03  3.75711026E-03  3.38157009E-03  3.04176334E-03  2.96971116E-03 
 2.89765898E-03  2.76758029E-03  2.63750160E-03  2.50742291E-03  2.36592753E-03 
 2.21017482E-03  2.05442212E-03  1.93408786E-03  1.91292116E-03  1.89175445E-03 
 1.66048035E-03  1.42544332E-03  1.01657049E-03  6.07697656E-04  2.16737398E-04 
 1.52943047E-04  8.91486968E-05  2.53543462E-05  9.35670681E-06  3.39365176E-06 
 1.32666835E-06  4.64416934E-07  1.36680752E-07  1.81085500E-08 -1.63519363E-08 
-4.64541764E-08 -7.65564165E-08  ) >                                            
RHWT         4  3 ( > 
 5.00000000E-01  5.00000000E-01  5.00000000E-01  5.00000000E-01  5.00000000E-01 
 7.00000000E-01  4.00000000E-01  4.00000000E-01  5.00000000E-01  5.00000000E-01 
 4.00000000E-01  5.00000000E-01  6.00000000E-01  6.00000000E-01  6.00000000E-01 
 6.00000000E-01  8.00000000E-01  8.00000000E-01  8.00000000E-01  6.00000000E-01 
 6.00000000E-01  6.00000000E-01  6.00000000E-01  6.00000000E-01  6.00000000E-01 
 6.00000000E-01  6.00000000E-01  8.00000000E-01  5.00000000E-01  4.00000000E-01 
 4.00000000E-01  8.00000000E-01  4.00000000E-01  6.00000000E-01  6.00000000E-01 
 8.00000000E-01  7.00000000E-01  5.00000000E-01  5.00000000E-01  5.00000000E-01 
 4.00000000E-01  4.00000000E-01  4.00000000E-01  5.00000000E-01  4.00000000E-01 
 5.00000000E-01  4.00000000E-01  9.00000000E-01  9.00000000E-01  9.00000000E-01 
 9.00000000E-01  9.00000000E-01  9.00000000E-01  9.00000000E-01  6.00000000E-01 
 9.00000000E-01  9.00000000E-01  5.00000000E-01  4.00000000E-01  8.00000000E-01 
 6.00000000E-01  8.00000000E-01  6.00000000E-01  9.00000000E-01  9.00000000E-01 
 9.00000000E-01  9.00000000E-01  9.00000000E-01  9.00000000E-01  9.00000000E-01 
 9.00000000E-01  9.00000000E-01  ) >                                            
JBAR         4  3 ( > 
 5.88951000E-06  5.82455553E-06  5.76027867E-06  5.69536491E-06  5.62817235E-06 
 5.55028117E-06  5.47025208E-06  5.38819609E-06  5.30304331E-06  5.19220082E-06 
 5.06825945E-06  4.97622235E-06  4.94662094E-06  4.92455945E-06  4.85552687E-06 
 4.78463409E-06  4.71952232E-06  4.66012134E-06  4.61062905E-06  4.55904227E-06 
 4.50880054E-06  4.46962242E-06  4.44049604E-06  4.41833539E-06  4.39532744E-06 
 4.36704452E-06  4.33662979E-06  4.30853462E-06  4.27864667E-06  4.21223628E-06 
 4.10469896E-06  3.75375486E-06  3.03860298E-06  2.88836944E-06  3.61283680E-06 
 6.40447689E-06  8.68508309E-06  9.70478899E-06  1.03243962E-05  1.07568764E-05 
 1.11859778E-05  1.14974383E-05  1.18306370E-05  1.22290531E-05  1.27576861E-05 
 1.33135805E-05  1.39346786E-05  1.43701012E-05  1.46609463E-05  1.49509298E-05 
 1.53689940E-05  1.58921032E-05  1.65234025E-05  1.74155169E-05  1.82879217E-05 
 1.90433598E-05  1.99892701E-05  2.09943179E-05  2.36374082E-05  2.47902587E-05 
 2.64847748E-05  2.80049698E-05  3.00107806E-05  3.16792830E-05  3.35104667E-05 
 3.54708120E-05  3.74987854E-05  3.96679742E-05  4.15899620E-05  4.34603169E-05 
 4.52112852E-05  4.69675184E-05  ) >                                            
CHI          4  3 ( > 
 5.88951012E-06  5.82455507E-06  5.76027840E-06  5.69536452E-06  5.62817162E-06 
 5.55027970E-06  5.47024898E-06  5.38818964E-06  5.30302764E-06  5.19217532E-06 
 5.06821811E-06  4.97615501E-06  4.94652190E-06  4.92443451E-06  4.85537307E-06 
 4.78444154E-06  4.71924995E-06  4.65978028E-06  4.61021055E-06  4.55853329E-06 
 4.50823679E-06  4.46902927E-06  4.43992452E-06  4.41773752E-06  4.39465200E-06 
 4.36620767E-06  4.33557182E-06  4.30724572E-06  4.27640565E-06  4.20801524E-06 
 4.09662998E-06  3.73557039E-06  2.97080036E-06  2.46660324E-06  1.46385097E-06 
 1.21886488E-06  1.52390526E-06  2.61399975E-06  3.64317385E-06  3.86065279E-06 
 3.94267650E-06  3.90985705E-06  3.30288148E-06  2.53895552E-06  2.02649305E-06 
 1.68990195E-06  1.49144076E-06  1.62026069E-06  1.66007189E-06  1.28850584E-06 
 8.59906313E-07  6.30259131E-07  4.33217196E-07  4.30721956E-07  4.67152384E-07 
 3.42565173E-07  2.71232257E-07  1.62816688E-07  1.10738131E-07  1.08266515E-07 
 8.36526820E-08  5.08933727E-08  2.43275406E-08  1.22427534E-08  5.18845967E-09 
 2.42822838E-09  1.19778562E-09  6.70567693E-10  4.35801432E-10  2.94754583E-10 
 2.18886707E-10  3.59532349E-12  ) >                                            
AW           4  3 ( > 
-9.99999992E-01 -9.99999982E-01 -9.99999974E-01 -9.99999961E-01 -9.99999935E-01 
-9.99999888E-01 -9.99999802E-01 -9.99999664E-01 -9.99999437E-01 -9.99999180E-01 
-9.99998790E-01 -9.99998129E-01 -9.99997320E-01 -9.99996411E-01 -9.99995275E-01 
-9.99993550E-01 -9.99990102E-01 -9.99986551E-01 -9.99982033E-01 -9.99976219E-01 
-9.99971534E-01 -9.99968266E-01 -9.99968134E-01 -9.99965649E-01 -9.99959972E-01 
-9.99948777E-01 -9.99932879E-01 -9.99915596E-01 -9.99848344E-01 -9.99692119E-01 
-9.99339276E-01 -9.98367832E-01 -9.92263957E-01 -8.98565579E-01 -5.57694599E-01 
-2.29939975E-01 -1.80101426E-01 -2.66707922E-01 -3.54329780E-01 -3.61081500E-01 
-3.54772375E-01 -3.42251606E-01 -2.81373733E-01 -2.09788176E-01 -1.60511246E-01 
-1.29269853E-01 -1.08847389E-01 -1.14915125E-01 -1.15211429E-01 -8.82317923E-02 
-5.79126910E-02 -4.16142139E-02 -2.80131548E-02 -2.60676775E-02 -2.73538036E-02 
-1.95983685E-02 -1.49656995E-02 -9.09319540E-03 -4.71576382E-03 -4.17504992E-03 
-3.24684787E-03 -1.88857972E-03 -8.35966550E-04 -3.95817568E-04 -1.58225372E-04 
-6.97840058E-05 -3.24064976E-05 -1.70412306E-05 -1.04966536E-05 -6.74170212E-06 
-4.79497115E-06 -9.35427126E-18  ) >                                            
RHO          5  1 ( > 
-1.40746346E+00 -1.84778779E+00 -1.76187089E+00 -1.67595399E+00 -1.51744700E+00 
-1.35894001E+00 -1.13560084E+00 -9.12261675E-01 -7.66593085E-01 -6.30635406E-01 
-4.94677726E-01 -3.47295184E-01 -1.99912642E-01 -6.08399369E-02  3.52508795E-02 
 9.73347465E-02  1.28191542E-01  1.23746968E-01  1.05283515E-01  7.67458797E-02 
 4.82082439E-02  3.13594333E-02  2.59496472E-02  2.27322459E-02  1.95148446E-02 
 1.50331962E-02  1.05515478E-02  8.69342337E-03  8.91561508E-03  9.13780679E-03 
 5.32629093E-03  1.51477507E-03 -1.42095834E-03 -1.23666293E-03 -6.30934257E-04 
-2.52055848E-05 -1.69682263E-05 -8.73086787E-06 -2.94380333E-06 -1.70425536E-06 
-1.04301674E-06 -6.56015972E-07 -3.95506946E-07 -2.25876004E-07 -8.55060104E-08 
 4.50020763E-08  1.75510163E-07  2.75675138E-07  3.75840113E-07  4.81978393E-07 
 6.24528738E-07  8.08665592E-07  1.08921940E-06  1.49041242E-06  2.02145829E-06 
 2.55250417E-06  3.32716521E-06  5.49780268E-06  7.66844015E-06  9.83907762E-06 
 1.29052111E-05  1.65410019E-05  2.19080379E-05  2.72750739E-05  3.40698266E-05 
 4.23810217E-05  5.23968707E-05  6.36642423E-05  7.50873940E-05  8.65105457E-05 
 9.79129982E-05  1.09841523E-04  ) >                                            
RHWT         5  1 ( > 
 6.00000000E-01  6.00000000E-01  4.00000000E-01  4.00000000E-01  5.00000000E-01 
 5.00000000E-01  6.00000000E-01  4.00000000E-01  4.00000000E-01  4.00000000E-01 
 4.00000000E-01  5.00000000E-01  5.00000000E-01  5.00000000E-01  4.00000000E-01 
 7.00000000E-01  4.00000000E-01  5.00000000E-01  5.00000000E-01  5.00000000E-01 
 9.00000000E-01  9.00000000E-01  5.00000000E-01  8.00000000E-01  4.00000000E-01 
 5.00000000E-01  5.00000000E-01  5.00000000E-01  5.00000000E-01  5.00000000E-01 
 4.00000000E-01  4.00000000E-01  4.00000000E-01  7.00000000E-01  6.00000000E-01 
 4.00000000E-01  5.00000000E-01  9.00000000E-01  5.00000000E-01  7.00000000E-01 
 9.00000000E-01  9.00000000E-01  9.00000000E-01  9.00000000E-01  4.00000000E-01 
 9.00000000E-01  9.00000000E-01  4.00000000E-01  9.00000000E-01  9.00000000E-01 
 9.00000000E-01  9.00000000E-01  9.00000000E-01  9.00000000E-01  9.00000000E-01 
 7.00000000E-01  9.00000000E-01  7.00000000E-01  9.00000000E-01  7.00000000E-01 
 6.00000000E-01  4.00000000E-01  9.00000000E-01  9.00000000E-01  9.00000000E-01 
 9.00000000E-01  4.00000000E-01  9.00000000E-01  4.00000000E-01  9.00000000E-01 
 9.00000000E-01  9.00000000E-01  ) >                                            
JBAR         5  1 ( > 
 1.18331671E-11  1.17801955E-11  1.17269093E-11  1.16722727E-11  1.16149246E-11 
 1.15475908E-11  1.14777910E-11  1.14065400E-11  1.13355220E-11  1.12534129E-11 
 1.11826668E-11  1.12091850E-11  1.14420985E-11  1.19468928E-11  1.28259046E-11 
 1.43332042E-11  1.68095799E-11  2.10338429E-11  2.54337069E-11  3.02449689E-11 
 3.40897434E-11  3.70565336E-11  3.93575976E-11  4.09720882E-11  4.23830137E-11 
 4.31091881E-11  4.37164544E-11  4.47144365E-11  4.59243915E-11  4.77075504E-11 
 4.45198226E-11  3.22764021E-11  1.94329104E-11  5.71541917E-12  1.30823801E-11 
 1.79821846E-11  2.67102870E-12  2.90348294E-13  4.26174033E-14  1.30451494E-14 
 5.45539651E-15  3.17307488E-15  2.27490744E-15  1.85685151E-15  1.78189661E-15 
 1.94524022E-15  2.45890730E-15  3.28794487E-15  4.17176573E-15  5.56578308E-15 
 8.40015368E-15  1.37356897E-14  2.66421705E-14  6.23208648E-14  1.36498395E-13 
 2.56628173E-13  5.43629230E-13  1.15349502E-12  6.52283689E-12  1.29618803E-11 
 3.23444073E-11  6.84829922E-11  1.70628025E-10  3.43814873E-10  7.03896328E-10 
 1.43481552E-09  2.83977697E-09  5.58434093E-09  9.75274729E-09  1.62235639E-08 
 2.54207589E-08  3.89297775E-08  ) >                                            
CHI          5  1 ( > 
 1.18331663E-11  1.17801937E-11  1.17269038E-11  1.16722587E-11  1.16148815E-11 
 1.15474520E-11  1.14771433E-11  1.14044549E-11  1.13286647E-11  1.12352878E-11 
 1.11350208E-11  1.10845925E-11  1.11527688E-11  1.13406048E-11  1.16422017E-11 
 1.20858012E-11  1.24323222E-11  1.35788613E-11  1.44424132E-11  1.52121189E-11 
 1.61636380E-11  1.71932703E-11  1.87783674E-11  1.93182273E-11  1.87045936E-11 
 1.70504568E-11  1.48526654E-11  1.33182381E-11  9.81212956E-12  5.51767659E-12 
 2.81558083E-12  9.69215018E-13  1.29568793E-13  1.16609398E-14  7.12004872E-16 
 2.04579097E-16  6.28876396E-17  2.90717181E-18  1.37767732E-19  2.33404781E-20 
 5.85377397E-21  2.13198458E-21  9.17894053E-22  4.27615301E-22  1.50692944E-22 
-8.29821721E-23 -4.26030637E-22 -9.18739719E-22 -1.55402698E-21 -2.66681209E-21 
-5.22588539E-21 -1.10749610E-20 -2.89539272E-20 -9.17028631E-20 -2.74781307E-19 
-6.52818407E-19 -1.80339603E-18 -4.98844381E-18 -4.99667379E-17 -1.23378333E-16 
-4.16934767E-16 -1.12319241E-15 -3.73634554E-15 -9.37460571E-15 -2.39778691E-14 
-6.08060691E-14 -1.47939844E-13 -3.55548254E-13 -7.29706390E-13 -1.40362575E-12 
-2.48920419E-12 -4.27669826E-12  ) >                                            
AW           5  1 ( > 
-9.99999849E-01 -9.99999515E-01 -9.99998857E-01 -9.99997095E-01 -9.99991122E-01 
-9.99971751E-01 -9.99902262E-01 -9.99676874E-01 -9.98955397E-01 -9.97399038E-01 
-9.93627453E-01 -9.85050503E-01 -9.69715685E-01 -9.46076758E-01 -9.10785083E-01 
-8.58210759E-01 -7.72361414E-01 -6.88481939E-01 -6.12195179E-01 -5.40094195E-01 
-4.99214241E-01 -4.80596410E-01 -4.90175530E-01 -4.83185775E-01 -4.53949151E-01 
-4.04065602E-01 -3.44238601E-01 -3.02894862E-01 -2.19484569E-01 -1.25483056E-01 
-6.77266073E-02 -2.80204670E-02 -4.76926823E-03 -6.09094037E-04 -6.07881422E-05 
-2.41536741E-05 -5.65973369E-06 -1.21378112E-06 -2.88774847E-07 -8.34097745E-08 
-3.00042087E-08 -1.57928820E-08 -7.83769850E-09 -3.99849522E-09 -2.42272035E-09 
-1.86811692E-09 -1.73976939E-09 -2.30257944E-09 -2.83038683E-09 -2.59505667E-09 
-2.19178981E-09 -2.23199645E-09 -2.29993708E-09 -4.73462982E-09 -8.31455569E-09 
-8.61907534E-09 -9.85695777E-09 -8.18059340E-09 -7.94208334E-09 -1.21323974E-08 
-1.53319821E-08 -1.43315386E-08 -1.20413210E-08 -1.01131463E-08 -7.41280346E-09 
-6.00604858E-09 -5.05454448E-09 -4.84227479E-09 -4.88156966E-09 -4.97109126E-09 
-5.22883786E-09  2.82375549E-18  ) >                                            
RHO          5  2 ( > 
 6.94377467E-01  7.38874029E-01  8.52136416E-01  9.65398803E-01  9.32377283E-01 
 8.71149228E-01  8.09921173E-01  7.68840793E-01  7.51201238E-01  7.48960431E-01 
 7.48137718E-01  7.47315004E-01  7.35971837E-01  6.91255493E-01  6.46207903E-01 
 5.97340843E-01  5.44814492E-01  4.79382539E-01  4.10114559E-01  3.33934257E-01 
 2.56785666E-01  1.79637076E-01  1.29494798E-01  8.38318239E-02  3.81688494E-02 
-9.86523864E-03 -6.13922814E-02 -1.12919324E-01 -1.66880305E-01 -3.15325462E-01 
-4.63770620E-01 -4.94232824E-01 -3.42591880E-01 -1.90950937E-01 -1.20599334E-01 
-5.02477305E-02 -1.48798287E-02 -2.45392016E-03  3.83574440E-05  2.53063504E-03 
 5.02291264E-03  6.81496279E-03  8.18892298E-03  7.14815361E-03  6.10738425E-03 
 5.34246902E-03  4.57755379E-03  3.61474234E-03  2.65193089E-03  2.41270804E-03 
 2.17348518E-03  1.93426233E-03  1.83078840E-03  1.72731447E-03  1.57476739E-03 
 1.37811576E-03  1.18146414E-03  1.01371742E-03  8.45970699E-04  6.76441014E-04 
 5.06911328E-04  3.58590597E-04  2.17946357E-04  1.00612295E-04  4.34075749E-05 
 2.27085479E-05  1.20316341E-05  7.17213820E-06  4.95825934E-06  3.81288330E-06 
 2.66750726E-06  1.51966799E-06  ) >                                            
RHWT         5  2 ( > 
 5.00000000E-01  4.00000000E-01  4.00000000E-01  6.00000000E-01  5.00000000E-01 
 4.00000000E-01  4.00000000E-01  4.00000000E-01  4.00000000E-01  4.00000000E-01 
 4.00000000E-01  4.00000000E-01  6.00000000E-01  4.00000000E-01  5.00000000E-01 
 5.00000000E-01  5.00000000E-01  6.00000000E-01  4.00000000E-01  5.00000000E-01 
 4.00000000E-01  4.00000000E-01  4.00000000E-01  4.00000000E-01  4.00000000E-01 
 4.00000000E-01  4.00000000E-01  4.00000000E-01  4.00000000E-01  4.00000000E-01 
 4.00000000E-01  5.00000000E-01  4.00000000E-01  4.00000000E-01  4.00000000E-01 
 5.00000000E-01  7.00000000E-01  8.00000000E-01  8.00000000E-01  8.00000000E-01 
 7.00000000E-01  7.00000000E-01  6.00000000E-01  4.00000000E-01  5.00000000E-01 
 8.00000000E-01  4.00000000E-01  5.00000000E-01  5.00000000E-01  9.00000000E-01 
 9.00000000E-01  9.00000000E-01  5.00000000E-01  5.00000000E-01  4.00000000E-01 
 8.00000000E-01  8.00000000E-01  4.00000000E-01  7.00000000E-01  4.00000000E-01 
 6.00000000E-01  8.00000000E-01  7.00000000E-01  9.00000000E-01  9.00000000E-01 
 9.00000000E-01  9.00000000E-01  9.00000000E-01  9.00000000E-01  9.00000000E-01 
 9.00000000E-01  9.00000000E-01  ) >                                            
JBAR         5  2 ( > 
 1.66266311E-06  1.63187845E-06  1.60142504E-06  1.57068101E-06  1.53887047E-06 
 1.50201251E-06  1.46416410E-06  1.42538112E-06  1.38516219E-06  1.33285574E-06 
 1.27443600E-06  1.23110338E-06  1.21717157E-06  1.20678759E-06  1.17432938E-06 
 1.14102380E-06  1.11045588E-06  1.08257983E-06  1.05936416E-06  1.03517507E-06 
 1.01163143E-06  9.93273561E-07  9.79622723E-07  9.69236569E-07  9.58453242E-07 
 9.45213830E-07  9.30970758E-07  9.17806633E-07  9.03801103E-07  8.72729452E-07 
 8.22516576E-07  6.60146561E-07  3.38781684E-07  2.69055266E-07  3.38642360E-07 
 8.43810673E-07  1.71404620E-06  2.22662344E-06  2.46590570E-06  2.64502044E-06 
 2.84647496E-06  3.00684341E-06  3.18565316E-06  3.39094682E-06  3.62989586E-06 
 3.85341100E-06  4.13543997E-06  4.35767997E-06  4.55810669E-06  4.81163861E-06 
 5.23092822E-06  5.78590192E-06  6.61483269E-06  7.83929117E-06  9.19290025E-06 
 1.04836571E-05  1.22326701E-05  1.42635526E-05  2.07976479E-05  2.40931160E-05 
 2.92874897E-05  3.44193166E-05  4.21381481E-05  4.92511719E-05  5.77547550E-05 
 6.76560550E-05  7.87525212E-05  9.15626202E-05  1.03706094E-04  1.16220330E-04 
 1.28542433E-04  1.41475080E-04  ) >                                            
CHI          5  2 ( > 
 1.66266308E-06  1.63187827E-06  1.60142435E-06  1.57067835E-06  1.53886913E-06 
 1.50201139E-06  1.46416292E-06  1.42537935E-06  1.38515931E-06  1.33285170E-06 
 1.27443013E-06  1.23109445E-06  1.21715897E-06  1.20677281E-06  1.17431180E-06 
 1.14100125E-06  1.11042111E-06  1.08253210E-06  1.05929760E-06  1.03508612E-06 
 1.01152712E-06  9.93159727E-07  9.79510862E-07  9.69117758E-07  9.58318470E-07 
 9.45046276E-07  9.30760310E-07  9.17551433E-07  9.03356891E-07  8.71927745E-07 
 8.21016774E-07  6.56928139E-07  3.30450626E-07  2.14937837E-07  1.68964890E-07 
 1.93531868E-07  3.71101995E-07  7.37281374E-07  1.08019542E-06  1.18648682E-06 
 1.26280295E-06  1.29469345E-06  1.15178443E-06  9.28392479E-07  7.63534157E-07 
 6.49048581E-07  5.81596460E-07  6.59195508E-07  7.01707801E-07  5.73897102E-07 
 4.17099074E-07  3.43572102E-07  2.65138664E-07  3.40401824E-07  4.08532980E-07 
 3.37388767E-07  3.00794844E-07  2.00438080E-07  1.65134202E-07  2.08586618E-07 
 2.16180212E-07  1.72248799E-07  1.18406079E-07  7.97609299E-08  4.43210320E-08 
 2.63959851E-08  1.61637125E-08  1.10516957E-08  8.37387758E-09  6.50197513E-09 
 5.40018352E-09 -2.15006829E-10  ) >                                            
AW           5  2 ( > 
-9.99999992E-01 -9.99999982E-01 -9.99999974E-01 -9.99999961E-01 -9.99999935E-01 
-9.99999888E-01 -9.99999802E-01 -9.99999664E-01 -9.99999436E-01 -9.99999177E-01 
-9.99998782E-01 -9.99998104E-01 -9.99997243E-01 -9.99996192E-01 -9.99994688E-01 
-9.99992007E-01 -9.99985690E-01 -9.99976958E-01 -9.99962761E-01 -9.99942582E-01 
-9.99922134E-01 -9.99905395E-01 -9.99899546E-01 -9.99887061E-01 -9.99864060E-01 
-9.99820161E-01 -9.99757546E-01 -9.99686986E-01 -9.99418838E-01 -9.98765627E-01 
-9.97129498E-01 -9.92111869E-01 -9.72834973E-01 -7.99436248E-01 -4.29933770E-01 
-1.92816997E-01 -2.07085501E-01 -3.30896650E-01 -4.38623951E-01 -4.50193803E-01 
-4.46702180E-01 -4.34521374E-01 -3.66782499E-01 -2.79852370E-01 -2.15537795E-01 
-1.72537429E-01 -1.45068367E-01 -1.53599091E-01 -1.55637422E-01 -1.21366319E-01 
-8.17094009E-02 -6.04559916E-02 -4.16544184E-02 -4.18391067E-02 -4.63106099E-02 
-3.34576745E-02 -2.56296257E-02 -1.57657458E-02 -8.94629058E-03 -8.94077062E-03 
-7.88900826E-03 -5.35912389E-03 -3.02245772E-03 -1.71991454E-03 -8.10771974E-04 
-4.12847553E-04 -2.17275144E-04 -1.27871765E-04 -8.57038830E-05 -5.92148553E-05 
-4.46782940E-05 -7.85867911E-18  ) >                                            
RHO          5  3 ( > 
 9.45816250E-01  8.73354454E-01  9.09138066E-01  9.44921677E-01  9.16497896E-01 
 8.86314483E-01  8.56710126E-01  8.62492537E-01  8.72226333E-01  8.81960128E-01 
 8.90069873E-01  8.96850074E-01  8.99617860E-01  8.94325768E-01  8.87402369E-01 
 8.76911972E-01  8.64459795E-01  8.50648309E-01  8.35445363E-01  8.19145963E-01 
 8.02527361E-01  7.88562508E-01  7.78921345E-01  7.70068269E-01  7.61227808E-01 
 7.52013963E-01  7.41319314E-01  7.31212847E-01  7.20861322E-01  6.87615726E-01 
 6.53967524E-01  6.20319322E-01  5.86671120E-01  3.89741123E-01  1.92811126E-01 
 8.18303605E-02  4.67975125E-02  2.16097513E-02  2.21843742E-02  2.27589971E-02 
 2.47299392E-02  2.72930603E-02  2.99909057E-02  3.26887511E-02  3.13850320E-02 
 2.73826283E-02  2.21176905E-02  1.68527527E-02  1.42497079E-02  1.16466631E-02 
 9.04361833E-03  6.60410158E-03  5.60023608E-03  4.95751283E-03  4.31478957E-03 
 3.67206632E-03  3.03021237E-03  2.27076185E-03  1.51131133E-03  7.86230767E-04 
 5.73095203E-04  3.59959638E-04  1.75625507E-04  7.44568691E-05  3.14297672E-05 
 1.57894460E-05  8.33859888E-06  4.95037772E-06  3.35184988E-06  2.40110635E-06 
 1.75475833E-06  1.10841032E-06  ) >                                            
RHWT         5  3 ( > 
 4.00000000E-01  4.00000000E-01  4.00000000E-01  5.00000000E-01  4.00000000E-01 
 4.00000000E-01  4.00000000E-01  4.00000000E-01  5.00000000E-01  4.00000000E-01 
 7.00000000E-01  4.00000000E-01  6.00000000E-01  5.00000000E-01  6.00000000E-01 
 6.00000000E-01  6.00000000E-01  5.00000000E-01  5.00000000E-01  5.00000000E-01 
 4.00000000E-01  4.00000000E-01  4.00000000E-01  6.00000000E-01  4.00000000E-01 
 4.00000000E-01  4.00000000E-01  4.00000000E-01  4.00000000E-01  4.00000000E-01 
 4.00000000E-01  4.00000000E-01  5.00000000E-01  6.00000000E-01  7.00000000E-01 
 9.00000000E-01  6.00000000E-01  6.00000000E-01  5.00000000E-01  5.00000000E-01 
 8.00000000E-01  5.00000000E-01  7.00000000E-01  5.00000000E-01  8.00000000E-01 
 7.00000000E-01  9.00000000E-01  9.00000000E-01  9.00000000E-01  9.00000000E-01 
 9.00000000E-01  9.00000000E-01  9.00000000E-01  9.00000000E-01  4.00000000E-01 
 9.00000000E-01  5.00000000E-01  4.00000000E-01  8.00000000E-01  8.00000000E-01 
 9.00000000E-01  7.00000000E-01  9.00000000E-01  9.00000000E-01  9.00000000E-01 
 9.00000000E-01  9.00000000E-01  9.00000000E-01  9.00000000E-01  9.00000000E-01 
 9.00000000E-01  9.00000000E-01  ) >                                            
JBAR         5  3 ( > 
 8.08848408E-06  8.02543822E-06  7.96267305E-06  7.89889946E-06  7.83247111E-06 
 7.75492590E-06  7.67463482E-06  7.59164352E-06  7.50478551E-06  7.39056170E-06 
 7.26121187E-06  7.16399153E-06  7.13250633E-06  7.10897147E-06  7.03491345E-06 
 6.95820313E-06  6.88713624E-06  6.82176246E-06  6.76687499E-06  6.70923138E-06 
 6.65264745E-06  6.60818372E-06  6.57491160E-06  6.54947098E-06  6.52293813E-06 
 6.49020700E-06  6.45477362E-06  6.42180326E-06  6.38649061E-06  6.30735595E-06 
 6.17688629E-06  5.73209332E-06  4.65102921E-06  4.29197369E-06  4.33205838E-06 
 5.82055641E-06  8.40917352E-06  9.83178263E-06  1.05427023E-05  1.10868693E-05 
 1.17237375E-05  1.22682101E-05  1.29359247E-05  1.38182602E-05  1.50291785E-05 
 1.61536941E-05  1.73369666E-05  1.81864640E-05  1.87539925E-05  1.92952247E-05 
 2.00718287E-05  2.10141559E-05  2.21641034E-05  2.38636604E-05  2.53050822E-05 
 2.66686589E-05  2.83750641E-05  3.01606993E-05  3.50657746E-05  3.72808188E-05 
 4.03923386E-05  4.32539069E-05  4.70788916E-05  5.02850539E-05  5.38266296E-05 
 5.76431692E-05  6.16164968E-05  6.58920724E-05  6.97004243E-05  7.34229124E-05 
 7.69212886E-05  8.04423149E-05  ) >                                            
CHI          5  3 ( > 
 8.08848296E-06  8.02543757E-06  7.96267167E-06  7.89889413E-06  7.83246708E-06 
 7.75492105E-06  7.67462782E-06  7.59163089E-06  7.50475608E-06  7.39051448E-06 
 7.26113446E-06  7.16386446E-06  7.13231845E-06  7.10873687E-06  7.03463319E-06 
 6.95787224E-06  6.88671562E-06  6.82130252E-06  6.76640530E-06  6.70875964E-06 
 6.65221908E-06  6.60779948E-06  6.57458274E-06  6.54915868E-06  6.52261273E-06 
 6.48983639E-06  6.45434032E-06  6.42131316E-06  6.38571017E-06  6.30606616E-06 
 6.17472995E-06  5.72737368E-06  4.63151215E-06  4.16396177E-06  3.52410673E-06 
 3.56511835E-06  4.78746593E-06  6.67331331E-06  7.98824998E-06  8.44512216E-06 
 8.86383224E-06  9.13620376E-06  8.91782581E-06  8.32962999E-06  7.94364597E-06 
 7.45442422E-06  7.20646468E-06  7.86486450E-06  8.15323786E-06  6.86372117E-06 
 5.10988517E-06  3.94607745E-06  2.75832888E-06  2.82095412E-06  3.05160868E-06 
 2.20584218E-06  1.69599952E-06  1.00903392E-06  6.00651744E-07  6.24976853E-07 
 5.51738921E-07  3.67804072E-07  1.97450695E-07  1.07745191E-07  4.85229132E-08 
 2.37068749E-08  1.20280859E-08  6.85985387E-09  4.50250481E-09  3.06661333E-09 
 2.28982258E-09 -8.91674530E-11  ) >                                            
AW           5  3 ( > 
-9.99999992E-01 -9.99999982E-01 -9.99999974E-01 -9.99999961E-01 -9.99999935E-01 
-9.99999888E-01 -9.99999802E-01 -9.99999664E-01 -9.99999438E-01 -9.99999182E-01 
-9.99998795E-01 -9.99998144E-01 -9.99997360E-01 -9.99996511E-01 -9.99995519E-01 
-9.99994147E-01 -9.99991721E-01 -9.99989927E-01 -9.99988561E-01 -9.99987256E-01 
-9.99987204E-01 -9.99987648E-01 -9.99988841E-01 -9.99988970E-01 -9.99988015E-01 
-9.99985750E-01 -9.99982495E-01 -9.99979288E-01 -9.99965480E-01 -9.99936243E-01 
-9.99874360E-01 -9.99701446E-01 -9.98626609E-01 -9.78214998E-01 -8.47346604E-01 
-6.42879769E-01 -5.87638544E-01 -6.84692210E-01 -7.62703583E-01 -7.67023321E-01 
-7.62100723E-01 -7.51621215E-01 -6.98809170E-01 -6.15799262E-01 -5.43479856E-01 
-4.76634669E-01 -4.28660165E-01 -4.42018284E-01 -4.42407804E-01 -3.63208258E-01 
-2.61183114E-01 -1.93137116E-01 -1.29124062E-01 -1.19482738E-01 -1.24746955E-01 
-8.60762971E-02 -6.26239907E-02 -3.66993433E-02 -1.85587337E-02 -1.73144596E-02 
-1.42169908E-02 -8.86049467E-03 -4.36890767E-03 -2.21698240E-03 -9.32866233E-04 
-4.27051373E-04 -2.03545336E-04 -1.09057077E-04 -6.79495120E-05 -4.40356210E-05 
-3.15231161E-05  8.77884280E-18  ) >                                            
RHO          5  4 ( > 
 9.18820558E-01  9.18778000E-01  9.19296989E-01  9.19815295E-01  9.19619227E-01 
 9.10258141E-01  8.79698304E-01  8.49138468E-01  8.36208047E-01  8.45349951E-01 
 8.54491855E-01  8.61921166E-01  8.67229130E-01  8.65733670E-01  8.61133989E-01 
 8.49073993E-01  8.37013998E-01  8.24481727E-01  8.11949456E-01  7.99767109E-01 
 7.87584763E-01  7.75749720E-01  7.68455324E-01  7.62174267E-01  7.55417185E-01 
 7.48869074E-01  7.40532140E-01  7.32750769E-01  7.20908532E-01  6.98363289E-01 
 6.75818046E-01  6.77186683E-01  6.78555320E-01  6.79438595E-01  4.04645602E-01 
 1.29852609E-01  2.24752728E-02  1.13095102E-02  2.11191504E-03 -1.13957737E-03 
-5.56064468E-04  9.79361384E-04  3.91234401E-03  6.84532664E-03  7.99937799E-03 
 6.87752448E-03  5.75567098E-03  5.19338780E-03  4.64983109E-03  4.10627438E-03 
 3.47044780E-03  2.83462123E-03  2.21130048E-03  1.87504378E-03  1.53878708E-03 
 1.20253038E-03  9.32417127E-04  6.62303869E-04  3.75349312E-04  8.83947541E-05 
 5.39274454E-05  3.13638257E-05  1.52505114E-05  5.59890563E-06  1.90344576E-06 
 6.47313127E-07  1.45704945E-07 -2.24308522E-08 -7.32285848E-08 -7.88030319E-08 
-8.43774789E-08 -9.58933668E-08  ) >                                            
RHWT         5  4 ( > 
 5.00000000E-01  5.00000000E-01  5.00000000E-01  5.00000000E-01  5.00000000E-01 
 5.00000000E-01  5.00000000E-01  4.00000000E-01  4.00000000E-01  4.00000000E-01 
 7.00000000E-01  7.00000000E-01  6.00000000E-01  6.00000000E-01  6.00000000E-01 
 5.00000000E-01  4.00000000E-01  4.00000000E-01  6.00000000E-01  6.00000000E-01 
 7.00000000E-01  6.00000000E-01  4.00000000E-01  4.00000000E-01  4.00000000E-01 
 4.00000000E-01  4.00000000E-01  4.00000000E-01  4.00000000E-01  5.00000000E-01 
 5.00000000E-01  5.00000000E-01  7.00000000E-01  4.00000000E-01  4.00000000E-01 
 9.00000000E-01  5.00000000E-01  5.00000000E-01  5.00000000E-01  9.00000000E-01 
 9.00000000E-01  7.00000000E-01  6.00000000E-01  9.00000000E-01  8.00000000E-01 
 8.00000000E-01  4.00000000E-01  9.00000000E-01  8.00000000E-01  5.00000000E-01 
 5.00000000E-01  7.00000000E-01  4.00000000E-01  8.00000000E-01  9.00000000E-01 
 7.00000000E-01  9.00000000E-01  4.00000000E-01  6.00000000E-01  6.00000000E-01 
 7.00000000E-01  7.00000000E-01  6.00000000E-01  9.00000000E-01  9.00000000E-01 
 9.00000000E-01  9.00000000E-01  9.00000000E-01  9.00000000E-01  9.00000000E-01 
 9.00000000E-01  7.00000000E-01  ) >                                            
JBAR         5  4 ( > 
 2.27834064E-06  2.26828125E-06  2.25829465E-06  2.24817738E-06  2.23767218E-06 
 2.22545363E-06  2.21285545E-06  2.19989301E-06  2.18639440E-06  2.16875365E-06 
 2.14893753E-06  2.13416458E-06  2.12940806E-06  2.12586422E-06  2.11473970E-06 
 2.10329105E-06  2.09275927E-06  2.08314708E-06  2.07513413E-06  2.06678073E-06 
 2.05863879E-06  2.05229697E-06  2.04759168E-06  2.04401580E-06  2.04030766E-06 
 2.03573620E-06  2.03083572E-06  2.02632824E-06  2.02154770E-06  2.01091264E-06 
 1.99374133E-06  1.93696009E-06  1.82389904E-06  1.81099316E-06  1.94280866E-06 
 2.65307351E-06  3.14795215E-06  3.35742599E-06  3.45767488E-06  3.54781812E-06 
 3.67834094E-06  3.80924273E-06  3.98653828E-06  4.22721898E-06  4.53468604E-06 
 4.77663304E-06  4.96606720E-06  5.11622865E-06  5.20624158E-06  5.29079588E-06 
 5.40890445E-06  5.54995070E-06  5.72753582E-06  5.98886785E-06  6.19021619E-06 
 6.37936103E-06  6.61427568E-06  6.85332766E-06  7.47247959E-06  7.76660764E-06 
 8.16744829E-06  8.52380078E-06  8.98927750E-06  9.37400204E-06  9.79447951E-06 
 1.02427633E-05  1.07045550E-05  1.11965143E-05  1.16308472E-05  1.20522282E-05 
 1.24456634E-05  1.28393407E-05  ) >                                            
CHI          5  4 ( > 
 2.27834070E-06  2.26828148E-06  2.25829494E-06  2.24817772E-06  2.23767320E-06 
 2.22546217E-06  2.21284968E-06  2.19988853E-06  2.18638858E-06  2.16874251E-06 
 2.14891990E-06  2.13413592E-06  2.12936520E-06  2.12580791E-06  2.11466907E-06 
 2.10320243E-06  2.09264129E-06  2.08300218E-06  2.07496631E-06  2.06658565E-06 
 2.05843487E-06  2.05209105E-06  2.04739962E-06  2.04382042E-06  2.04009208E-06 
 2.03547481E-06  2.03051371E-06  2.02594544E-06  2.02089924E-06  2.00979125E-06 
 1.99168608E-06  1.93238149E-06  1.80892067E-06  1.57925578E-06  1.11504150E-06 
 9.40790887E-07  9.87394394E-07  1.37033081E-06  1.73665553E-06  1.78408229E-06 
 1.80519492E-06  1.80166133E-06  1.59743582E-06  1.30183051E-06  1.08214634E-06 
 9.18681482E-07  8.05081993E-07  8.69238814E-07  8.85926668E-07  6.90459531E-07 
 4.64937220E-07  3.43748496E-07  2.38680201E-07  2.35590712E-07  2.62406898E-07 
 1.94244908E-07  1.52917341E-07  9.14532386E-08  4.29121222E-08  3.63850303E-08 
 2.90752015E-08  1.62816104E-08  7.16423466E-09  3.53994164E-09  1.47324044E-09 
 6.74083406E-10  3.24315385E-10  1.76712199E-10  1.12233696E-10  7.43615583E-11 
 5.42815449E-11  1.23089104E-12  ) >                                            
AW           5  4 ( > 
-9.99999992E-01 -9.99999982E-01 -9.99999974E-01 -9.99999961E-01 -9.99999935E-01 
-9.99999888E-01 -9.99999802E-01 -9.99999664E-01 -9.99999437E-01 -9.99999180E-01 
-9.99998791E-01 -9.99998132E-01 -9.99997330E-01 -9.99996438E-01 -9.99995351E-01 
-9.99993747E-01 -9.99990671E-01 -9.99987807E-01 -9.99984629E-01 -9.99980882E-01 
-9.99978492E-01 -9.99977174E-01 -9.99977883E-01 -9.99976843E-01 -9.99973653E-01 
-9.99967160E-01 -9.99957952E-01 -9.99948286E-01 -9.99909476E-01 -9.99824463E-01 
-9.99649470E-01 -9.99218837E-01 -9.97725791E-01 -9.67707325E-01 -7.54751034E-01 
-4.37740223E-01 -3.28088350E-01 -4.15184822E-01 -5.03877869E-01 -5.03113264E-01 
-4.91176962E-01 -4.74104932E-01 -4.03616993E-01 -3.13317434E-01 -2.46195096E-01 
-1.98927091E-01 -1.67006909E-01 -1.74247905E-01 -1.73929697E-01 -1.34061562E-01 
-8.91134682E-02 -6.45313332E-02 -4.37866460E-02 -4.12111390E-02 -4.38675415E-02 
-3.15987204E-02 -2.39343932E-02 -1.38531650E-02 -5.62573072E-03 -4.91421072E-03 
-3.57982001E-03 -1.94113906E-03 -8.12273061E-04 -3.83252067E-04 -1.52324032E-04 
-6.64597879E-05 -3.04433086E-05 -1.57606155E-05 -9.57655588E-06 -6.07645269E-06 
-4.27714310E-06 -1.75402197E-18  ) >                                            
NK                ( > 
 1.03979568E+04  1.78731527E+04  2.86778101E+04  4.63955709E+04  7.65805409E+04 
 1.38209987E+05  2.59933136E+05  5.21213316E+05  1.02523565E+06  2.00699709E+06 
 3.42677921E+06  5.92289363E+06  1.00566911E+07  1.61744910E+07  2.46685888E+07 
 3.61948886E+07  5.23535257E+07  7.79506542E+07  1.05534944E+08  1.40780255E+08 
 1.78031905E+08  2.13428747E+08  2.44514254E+08  2.70162972E+08  2.98695678E+08 
 3.30353173E+08  3.71227196E+08  4.14283290E+08  4.64812499E+08  5.81037399E+08 
 7.95220748E+08  1.17679471E+09  2.11016109E+09  3.84384636E+09  9.56809613E+09 
 2.14939186E+10  2.04005641E+10  1.48260852E+10  1.19411803E+10  1.29988917E+10 
 1.56043326E+10  1.77501257E+10  2.18092531E+10  2.76726696E+10  3.76032474E+10 
 4.99589075E+10  7.03455490E+10  9.46923078E+10  1.16984897E+11  1.46234933E+11 
 1.97746333E+11  2.77580229E+11  4.21248364E+11  7.08686809E+11  1.07793439E+12 
 1.51991660E+12  2.28757565E+12  3.42706447E+12  8.82523391E+12  1.28708086E+13 
 2.10262340E+13  3.14863395E+13  5.15292658E+13  7.52800181E+13  1.11146408E+14 
 1.63928368E+14  2.38188969E+14  3.44784807E+14  4.67176196E+14  6.15882702E+14 
 7.83610567E+14  9.81908428E+14  ) >                                            
ND           1    ( > 
 5.32052814E-04  1.70380119E-03  4.66691359E-03  1.27287287E-02  3.67209649E-02 
 1.26897516E-01  5.25905048E-01  1.90682950E+00  7.54271624E+00  2.91741071E+01 
 8.50188232E+01  2.50072227E+02  7.01482441E+02  1.74260733E+03  3.88625031E+03 
 7.95058764E+03  1.57127174E+04  3.28105502E+04  5.79737136E+04  1.01484372E+05 
 1.65178997E+05  2.39494153E+05  3.12536329E+05  3.79488901E+05  4.61064796E+05 
 5.74338258E+05  7.36495810E+05  9.07970258E+05  1.11707238E+06  1.77138323E+06 
 3.95640055E+06  9.46707099E+06  2.36031065E+07  3.38410806E+08  3.66897626E+09 
 2.65653693E+10  2.68612008E+11  1.64384028E+12  8.03786259E+12  3.27430574E+13 
 1.18489035E+14  2.75507058E+14  6.06055504E+14  1.26204427E+15  2.53710359E+15 
 4.11686396E+15  6.21000365E+15  7.90470674E+15  9.05424928E+15  1.00691869E+16 
 1.13737130E+16  1.26571458E+16  1.36910613E+16  1.46190968E+16  1.46028631E+16 
 1.46002887E+16  1.45309200E+16  1.43576967E+16  1.39462647E+16  1.37759610E+16 
 1.34071015E+16  1.30947557E+16  1.27116214E+16  1.24375691E+16  1.21961888E+16 
 1.19733095E+16  1.17692189E+16  1.15429350E+16  1.13157089E+16  1.10774109E+16 
 1.07941569E+16  1.04588738E+16  ) >                                            
ND           2    ( > 
 1.80093331E-11  5.43760034E-11  1.49069477E-10  4.23494901E-10  1.30576753E-09 
 4.90155505E-09  2.00119782E-08  9.11561987E-08  3.95415283E-07  1.69210386E-06 
 5.31806519E-06  1.75212273E-05  6.01667763E-05  2.06682142E-04  6.37805662E-04 
 1.84048991E-03  5.12674930E-03  1.56160200E-02  3.77587902E-02  8.78616677E-02 
 1.79702324E-01  3.10831527E-01  4.62773063E-01  6.15762406E-01  8.21069168E-01 
 1.09458760E+00  1.50648999E+00  2.00134018E+00  2.66019177E+00  4.65818396E+00 
 9.91095847E+00  2.41362801E+01  8.44284756E+01  4.90676314E+02  5.32047900E+03 
 2.30105196E+04  1.78581300E+04  8.99017872E+03  5.76909244E+03  6.76824755E+03 
 9.48506293E+03  1.21202549E+04  1.80115485E+04  2.87464798E+04  5.18817174E+04 
 8.67002907E+04  1.54216442E+05  2.49343674E+05  3.47742923E+05  4.87116539E+05 
 7.64095098E+05  1.25755972E+06  2.30854576E+06  4.98406470E+06  9.07873535E+06 
 1.49778591E+07  2.70786233E+07  4.84757599E+07  1.84769263E+08  3.15015518E+08 
 6.24895868E+08  1.09828819E+09  2.17340231E+09  3.67189378E+09  6.29755737E+09 
 1.07799769E+10  1.80579518E+10  3.00334015E+10  4.55103128E+10  6.62992182E+10 
 9.17523540E+10  1.24023728E+11  ) >                                            
ND           3    ( > 
 1.03914017E-13  3.71541004E-13  1.16044820E-12  3.69469902E-12  1.23143657E-11 
 5.01052777E-11  2.21088212E-10  1.07267983E-09  4.21443813E-09  1.62472028E-08 
 4.63077036E-08  1.45297084E-07  4.67556873E-07  1.42679684E-06  3.92946275E-06 
 1.03983841E-05  2.70265130E-05  7.61438194E-05  1.72668864E-04  3.78553137E-04 
 7.26801954E-04  1.20002034E-03  1.72977053E-03  2.24940288E-03  2.92986065E-03 
 3.80495441E-03  5.09638680E-03  6.61852301E-03  8.58755834E-03  1.42698000E-02 
 2.82716374E-02  5.71576218E-02  1.45832926E-01  1.40400036E+00  2.52486150E+01 
 2.60523829E+02  3.10059149E+02  1.94489543E+02  1.21104578E+02  1.45818914E+02 
 2.08992009E+02  2.70303474E+02  4.04464974E+02  6.45095684E+02  1.15267548E+03 
 1.91719358E+03  3.45128875E+03  5.64334685E+03  8.02445769E+03  1.15884505E+04 
 1.91114536E+04  3.34668685E+04  6.69569832E+04  1.60393249E+05  3.25433298E+05 
 5.84706503E+05  1.16845270E+06  2.31353928E+06  1.12978501E+07  2.11736319E+07 
 4.77278338E+07  9.32039474E+07  2.10589558E+08  3.94040414E+08  7.50009767E+08 
 1.42360527E+09  2.63283524E+09  4.82960564E+09  7.93394332E+09  1.24420244E+10 
 1.83753882E+10  2.64190506E+10  ) >                                            
ND           4    ( > 
 4.35725465E-14  1.44899460E-13  4.23107325E-13  1.19847720E-12  2.99388174E-12 
 8.56000296E-12  6.66825195E-11  4.51727036E-10  2.46713249E-09  1.00917059E-08 
 3.06303708E-08  9.92058255E-08  3.19129655E-07  9.34463655E-07  2.48254230E-06 
 6.19425755E-06  1.53826727E-05  4.06704407E-05  8.72457050E-05  1.80004094E-04 
 3.27519879E-04  5.17485525E-04  7.22827007E-04  9.19479188E-04  1.17009297E-03 
 1.48223038E-03  1.93283852E-03  2.45004465E-03  3.11266157E-03  4.91036639E-03 
 9.04633084E-03  1.68114039E-02  3.54120058E-02  1.76488501E-01  4.14811802E+00 
 4.70380891E+01  7.09280526E+01  4.51817768E+01  3.17883233E+01  3.95321336E+01 
 5.84700737E+01  7.73211109E+01  1.18422792E+02  1.94060403E+02  3.59060288E+02 
 6.18384732E+02  1.15751597E+03  1.93595612E+03  2.79716579E+03  4.10351154E+03 
 6.91717081E+03  1.24219385E+04  2.56599667E+04  6.39897151E+04  1.34958035E+05 
 2.50059051E+05  5.18274734E+05  1.06447476E+06  5.65150057E+06  1.09741056E+07 
 2.59296253E+07  5.26052464E+07  1.24535056E+08  2.41507401E+08  4.76749610E+08 
 9.38237236E+08  1.79632053E+09  3.41003204E+09  5.76244083E+09  9.27269530E+09 
 1.40097879E+10  2.05820024E+10  ) >                                            
ND           5    ( > 
 1.03931857E-13  1.54777859E-13  8.03516540E-13  3.35080144E-12  8.30444898E-12 
 2.35977732E-11  1.16091032E-10  6.26616918E-10  2.63275525E-09  1.08780539E-08 
 3.36972011E-08  1.10904863E-07  3.59307312E-07  1.04848570E-06  2.75671527E-06 
 6.74306012E-06  1.62715311E-05  4.19129674E-05  8.75825360E-05  1.76549340E-04 
 3.13405536E-04  4.85447280E-04  6.67998072E-04  8.40396380E-04  1.05661299E-03 
 1.32131091E-03  1.69844934E-03  2.12249984E-03  2.66594187E-03  4.08048431E-03 
 7.24102031E-03  1.33009506E-02  2.87593119E-02  1.36257623E-01  2.29241185E+00 
 2.44138029E+01  3.90582129E+01  2.53031004E+01  1.83363180E+01  2.31287668E+01 
 3.49651382E+01  4.72503617E+01  7.44577037E+01  1.26449715E+02  2.42798253E+02 
 4.31586178E+02  8.22739613E+02  1.40004788E+03  2.04024384E+03  3.01910219E+03 
 5.14689165E+03  9.37235676E+03  1.96531045E+04  5.00182189E+04  1.07424080E+05 
 2.01944894E+05  4.25788294E+05  8.89692410E+05  4.92141804E+06  9.70378433E+06 
 2.34087157E+07  4.83384013E+07  1.16926798E+08  2.30528100E+08  4.62805894E+08 
 9.26146614E+08  1.80179539E+09  3.47509589E+09  5.94966029E+09  9.68886811E+09 
 1.47934917E+10  2.19515638E+10  ) >                                            
BD           1    ( > 
 1.30960652E+11  1.15674860E+11  9.97309010E+10  8.31388942E+10  6.90537166E+10 
 5.44384729E+10  4.62713779E+10  2.93026070E+10  2.08331894E+10  1.47145951E+10 
 1.09332489E+10  7.92497226E+09  5.64360881E+09  4.07396058E+09  2.97570049E+09 
 2.20745444E+09  1.62958119E+09  1.14401129E+09  8.47674788E+08  6.18690379E+08 
 4.57970002E+08  3.58615597E+08  2.98348953E+08  2.59110965E+08  2.22958796E+08 
 1.86332197E+08  1.50119838E+08  1.23247349E+08  9.93727341E+07  6.01441899E+07 
 2.35104013E+07  4.75692135E+06  1.55840493E+05  1.08163303E+04  1.52762318E+02 
 8.03663224E+00  4.49822062E+00  3.24010875E+00  3.17175516E+00  2.28698816E+00 
 1.65175051E+00  1.31654836E+00  1.14241019E+00  1.02593254E+00  9.76170460E-01 
 9.37392715E-01  9.04613923E-01  9.01031875E-01  8.97986918E-01  9.00209665E-01 
 8.97917753E-01  8.94173422E-01  9.00230051E-01  8.99102073E-01  9.40012868E-01 
 9.59999807E-01  9.79690019E-01  1.00378991E+00  1.00775346E+00  1.00175368E+00 
 1.00877513E+00  1.00926473E+00  1.00602053E+00  1.00358855E+00  1.00217853E+00 
 1.00145112E+00  1.00098917E+00  1.00068370E+00  1.00050582E+00  1.00038342E+00 
 1.00030233E+00  1.00024122E+00  ) >                                            
BD           2    ( > 
 2.70896540E+03  2.41814675E+03  2.24904908E+03  2.12168190E+03  2.07009925E+03 
 2.00347054E+03  1.93491241E+03  1.81451428E+03  1.68796210E+03  1.57197935E+03 
 1.45931305E+03  1.38212245E+03  1.41345750E+03  1.63695489E+03  1.91046353E+03 
 2.28307206E+03  2.71614769E+03  3.27038670E+03  3.84074930E+03  4.41113021E+03 
 4.92473017E+03  5.32957176E+03  5.61786495E+03  5.79582934E+03  5.96773660E+03 
 6.01233997E+03  5.98635821E+03  5.95189821E+03  5.86434505E+03  5.48111081E+03 
 4.20536839E+03  2.57519289E+03  9.41745070E+02  4.31051966E+02  1.70121886E+02 
 5.42473046E+01  1.93843195E+01  8.27237820E+00  4.55828040E+00  2.88753207E+00 
 1.96153927E+00  1.52625995E+00  1.28085250E+00  1.12407727E+00  1.03434762E+00 
 9.77109282E-01  9.32447567E-01  9.22638811E-01  9.18794449E-01  9.14949715E-01 
 9.08972496E-01  9.02315809E-01  9.05053467E-01  9.22045688E-01  9.41359815E-01 
 9.60675645E-01  9.79897081E-01  9.99119242E-01  1.00567828E+00  1.00684627E+00 
 1.00803812E+00  1.00932397E+00  1.00603299E+00  1.00359274E+00  1.00217561E+00 
 1.00144401E+00  1.00097897E+00  1.00067143E+00  1.00049225E+00  1.00036900E+00 
 1.00028737E+00  1.00022587E+00  ) >                                            
BD           3    ( > 
 8.19751020E+00  8.77737664E+00  9.43077135E+00  1.01248712E+01  1.08671469E+01 
 1.16614384E+01  1.24977624E+01  1.28695781E+01  1.12039920E+01  9.71026370E+00 
 8.40063918E+00  7.79632488E+00  7.69575828E+00  8.13835925E+00  8.70550462E+00 
 9.77795066E+00  1.11268825E+01  1.27690532E+01  1.44517241E+01  1.61344673E+01 
 1.74904805E+01  1.85670750E+01  1.93202953E+01  1.97733336E+01  2.02088233E+01 
 2.02759705E+01  2.01670134E+01  2.00293669E+01  1.97085048E+01  1.86002704E+01 
 1.51924780E+01  9.45040307E+00  3.70111342E+00  4.70391206E+00  5.70458766E+00 
 6.66556477E+00  5.40713072E+00  4.14432792E+00  2.90171592E+00  2.31933180E+00 
 1.89911744E+00  1.66357026E+00  1.50230504E+00  1.37818330E+00  1.27295056E+00 
 1.18674177E+00  1.10939529E+00  1.06075300E+00  1.03830371E+00  1.02009558E+00 
 1.00188454E+00  9.83646515E-01  9.74289747E-01  9.70255428E-01  9.82863571E-01 
 9.95473602E-01  1.00480606E+00  1.01413937E+00  1.01581146E+00  1.01179501E+00 
 1.00778991E+00  1.00575494E+00  1.00315434E+00  1.00170059E+00  1.00093633E+00 
 1.00058113E+00  1.00036981E+00  1.00023910E+00  1.00016692E+00  1.00011928E+00 
 1.00008915E+00  1.00006713E+00  ) >                                            
BD           4    ( > 
 2.04881536E+00  2.04955703E+00  2.06879413E+00  1.98663906E+00  1.60796585E+00 
 1.22215343E+00  2.33387917E+00  3.39155277E+00  4.15169285E+00  3.86148798E+00 
 3.59161764E+00  3.47523609E+00  3.46491199E+00  3.54999463E+00  3.69740722E+00 
 3.94958062E+00  4.33178353E+00  4.71424830E+00  5.09557937E+00  5.41256842E+00 
 5.62670810E+00  5.77065219E+00  5.85846019E+00  5.89588841E+00  5.92029036E+00 
 5.83885556E+00  5.70590903E+00  5.57334951E+00  5.41276357E+00  4.95631193E+00 
 3.94495789E+00  2.42074455E+00  8.95312111E-01  7.05779570E-01  1.38814616E+00 
 2.07139337E+00  2.44226683E+00  2.16047675E+00  1.87835224E+00  1.66689583E+00 
 1.49191239E+00  1.38690815E+00  1.31211621E+00  1.25637513E+00  1.20743773E+00 
 1.16212351E+00  1.11681324E+00  1.07498672E+00  1.05558589E+00  1.03741780E+00 
 1.01924675E+00  1.00031311E+00  9.88275091E-01  9.80123675E-01  9.91106108E-01 
 1.00209047E+00  1.00922285E+00  1.01635610E+00  1.01312234E+00  1.00968166E+00 
 1.00624744E+00  1.00434368E+00  1.00223219E+00  1.00114798E+00  1.00060787E+00 
 1.00036749E+00  1.00022856E+00  1.00014470E+00  1.00009932E+00  1.00006985E+00 
 1.00005150E+00  1.00003825E+00  ) >                                            
BD           5    ( > 
 3.21265278E+00  1.44221948E+00  2.59398506E+00  3.67640943E+00  2.96053470E+00 
 2.24457588E+00  2.71853898E+00  3.16327917E+00  2.99472645E+00  2.82840009E+00 
 2.69679498E+00  2.66391665E+00  2.68778216E+00  2.75655495E+00  2.85368242E+00 
 3.00028761E+00  3.21035653E+00  3.42043719E+00  3.61726460E+00  3.77310272E+00 
 3.84780434E+00  3.88575067E+00  3.89849389E+00  3.88969137E+00  3.86891094E+00 
 3.78023104E+00  3.65696516E+00  3.53386439E+00  3.40566954E+00  3.05626194E+00 
 2.39454179E+00  1.50064945E+00  6.06282201E-01  4.93999382E-01  7.68557422E-01 
 1.15461775E+00  1.53913661E+00  1.46917434E+00  1.37437674E+00  1.27916303E+00 
 1.20177052E+00  1.16149392E+00  1.14283504E+00  1.14236002E+00  1.14186451E+00 
 1.13275450E+00  1.10280158E+00  1.07208600E+00  1.05550800E+00  1.03892967E+00 
 1.02205868E+00  1.00516110E+00  9.92095658E-01  9.83751676E-01  9.94196730E-01 
 1.00464373E+00  1.01100178E+00  1.01736073E+00  1.01422681E+00  1.00991551E+00 
 1.00568357E+00  1.00386840E+00  1.00194042E+00  1.00098214E+00  1.00051423E+00 
 1.00030821E+00  1.00019020E+00  1.00011954E+00  1.00008156E+00  1.00005706E+00 
 1.00004186E+00  1.00003095E+00  ) >                                            
USE ( INPUT ) > 
