> from Overall Iteration 11 of 11                                Pandora 78.018
> Run Data:    72    5   10  0  0  H    1   2014-Mar-24 17:11:04    56740.71602
> LEID       MODEL LEID   5 L H        ITER 07-17   2014-Mar-24                 
> -------.---------.---------.---------.---------.---------.---------.---------.
N (  72 ) > 
Z                 ( > 
-1.34498000E+07 -1.21944000E+07 -1.12022000E+07 -1.02707000E+07 -9.37975000E+06 
-8.42803000E+06 -7.51697000E+06 -6.61782000E+06 -5.83930000E+06 -5.12657000E+06 
-4.60024000E+06 -4.09435050E+06 -3.63687425E+06 -3.24977900E+06 -2.92602650E+06 
-2.64516100E+06 -2.38700375E+06 -2.12435750E+06 -1.93793938E+06 -1.77342962E+06 
-1.65317400E+06 -1.56464938E+06 -1.49935950E+06 -1.45315425E+06 -1.40835625E+06 
-1.36888500E+06 -1.32489688E+06 -1.28316725E+06 -1.24143762E+06 -1.17600188E+06 
-1.11081900E+06 -1.03895056E+06 -9.50368688E+05 -8.73719375E+05 -7.53134125E+05 
-6.45131875E+05 -5.34926062E+05 -4.39226438E+05 -3.58032750E+05 -2.89285000E+05 
-2.28503000E+05 -1.89761938E+05 -1.53873234E+05 -1.20708102E+05 -8.90504766E+04 
-6.69403828E+04 -4.78453047E+04 -3.62877578E+04 -2.96164629E+04 -2.41961484E+04 
-1.77903223E+04 -1.18772637E+04 -6.94971484E+03 -2.19222998E+03 -8.38047974E+02 
 3.45502014E+02  1.58172998E+03  2.50011011E+03  4.80000000E+03  5.80000000E+03 
 6.60000000E+03  7.30000000E+03  8.29053027E+03  9.32879980E+03  1.08495000E+04 
 1.28045996E+04  1.51942002E+04  1.80183008E+04  2.06975996E+04  2.35940996E+04 
 2.62733008E+04  2.90250000E+04  ) >                                            
TE                ( > 
 1.32412000E+05  1.22873000E+05  1.14001000E+05  1.05571000E+05  9.73640000E+04 
 8.84590000E+04  7.99340000E+04  7.19440000E+04  6.49690000E+04  5.92620000E+04 
 5.51960000E+04  5.14970000E+04  4.81520000E+04  4.54070000E+04  4.30320000E+04 
 4.10490000E+04  3.92260000E+04  3.72280000E+04  3.55840000E+04  3.38660000E+04 
 3.21850000E+04  3.09470000E+04  3.01210000E+04  2.95150000E+04  2.88920000E+04 
 2.80760000E+04  2.71670000E+04  2.64580000E+04  2.57490000E+04  2.39980000E+04 
 2.09300000E+04  1.75480000E+04  1.34210000E+04  1.01960000E+04  7.92300000E+03 
 6.85900000E+03  6.10900000E+03  5.54400000E+03  5.19000000E+03  4.94800000E+03 
 4.77100000E+03  4.66300000E+03  4.59800000E+03  4.55500000E+03  4.54200000E+03 
 4.55000000E+03  4.58100000E+03  4.62500000E+03  4.66100000E+03  4.70500000E+03 
 4.76800000E+03  4.84500000E+03  4.95300000E+03  5.09900000E+03  5.24000000E+03 
 5.35900000E+03  5.50800000E+03  5.66600000E+03  6.06200000E+03  6.23400000E+03 
 6.47900000E+03  6.69400000E+03  6.97500000E+03  7.20700000E+03  7.46100000E+03 
 7.73200000E+03  8.01100000E+03  8.30800000E+03  8.57000000E+03  8.82400000E+03 
 9.06100000E+03  9.29800000E+03  ) >                                            
> LEID       MODEL LEID   5 L H        ITER 07-17   2014-Mar-24                 
MASS              ( > 
 8.74802921E-09  1.39467461E-08  2.07450191E-08  3.10370253E-08  4.71297386E-08 
 7.68738616E-08  1.29400185E-07  2.30373158E-07  4.04004512E-07  7.16053283E-07 
 1.13526136E-06  1.82785858E-06  2.89986537E-06  4.39662394E-06  6.35377765E-06 
 8.89214040E-06  1.22896624E-05  1.73642965E-05  2.24670765E-05  2.85161055E-05 
 3.42531625E-05  3.94565824E-05  4.39531720E-05  4.75326597E-05  5.13687277E-05 
 5.51043237E-05  5.97506705E-05  6.46877358E-05  7.02121894E-05  8.04488353E-05 
 9.37842077E-05  1.14890734E-04  1.57475713E-04  2.27017857E-04  5.06389428E-04 
 1.36343037E-03  5.63341838E-03  2.79190794E-02  1.26062594E-01  4.88609413E-01 
 1.70408140E+00  3.87213106E+00  8.39879733E+00  1.73261268E+01  3.47331912E+01 
 5.64631741E+01  8.57572886E+01  1.10213057E+02  1.27225545E+02  1.42823052E+02 
 1.63486460E+02  1.84870624E+02  2.04424487E+02  2.24711278E+02  2.30668648E+02 
 2.35871774E+02  2.41294983E+02  2.45288890E+02  2.55088044E+02  2.59263425E+02 
 2.62540098E+02  2.65336729E+02  2.69192747E+02  2.73139601E+02  2.78817062E+02 
 2.86006141E+02  2.94686980E+02  3.04841448E+02  3.14383905E+02  3.24617857E+02 
 3.34002625E+02  3.43535659E+02  ) >                                            
PGS               ( > 
 4.80739961E-07  7.66430704E-07  1.14002360E-06  1.70561140E-06  2.58997178E-06 
 4.22453291E-06  7.11106905E-06  1.26599467E-05  2.22016993E-05  3.93500547E-05 
 6.23872520E-05  1.00448300E-04  1.59359455E-04  2.41612456E-04  3.49166052E-04 
 4.88659461E-04  6.75367182E-04  9.54239065E-04  1.23465769E-03  1.56707656E-03 
 1.88235128E-03  2.16830048E-03  2.41540646E-03  2.61211394E-03  2.82292155E-03 
 3.02820782E-03  3.28354357E-03  3.55485549E-03  3.85844679E-03  4.42099232E-03 
 5.15382555E-03  6.31371546E-03  8.65393408E-03  1.24755592E-02  2.78281689E-02 
 7.49260715E-02  3.09579366E-01  1.53426753E+00  6.92765479E+00  2.68510844E+01 
 9.36462379E+01  2.12789429E+02  4.61548242E+02  9.52141485E+02  1.90873083E+03 
 3.10288220E+03  4.71271353E+03  6.05665796E+03  6.99156370E+03  7.84871046E+03 
 8.98424923E+03  1.01593964E+04  1.12339611E+04  1.23488032E+04  1.26761850E+04 
 1.29621181E+04  1.32601456E+04  1.34796271E+04  1.40181307E+04  1.42475849E+04 
 1.44276515E+04  1.45813378E+04  1.47932417E+04  1.50101375E+04  1.53221372E+04 
 1.57172065E+04  1.61942540E+04  1.67522836E+04  1.72766806E+04  1.78390781E+04 
 1.83548095E+04  1.88786886E+04  ) >                                            
PTO               ( > 
 4.80739961E-07  7.66430704E-07  1.14002360E-06  1.70561140E-06  2.58997178E-06 
 4.22453291E-06  7.11106905E-06  1.26599467E-05  2.22016993E-05  3.93500547E-05 
 6.23872520E-05  1.00448300E-04  1.59359455E-04  2.41612456E-04  3.49166052E-04 
 4.88659461E-04  6.75367182E-04  9.54239065E-04  1.23465769E-03  1.56707656E-03 
 1.88235128E-03  2.16830048E-03  2.41540646E-03  2.61211394E-03  2.82292155E-03 
 3.02820782E-03  3.28354357E-03  3.55485549E-03  3.85844679E-03  4.42099232E-03 
 5.15382555E-03  6.31371546E-03  8.65393408E-03  1.24755592E-02  2.78281689E-02 
 7.49260715E-02  3.09579366E-01  1.53426753E+00  6.92765479E+00  2.68510844E+01 
 9.36462379E+01  2.12789429E+02  4.61548242E+02  9.52141485E+02  1.90873083E+03 
 3.10288220E+03  4.71271353E+03  6.05665796E+03  6.99156370E+03  7.84871046E+03 
 8.98424923E+03  1.01593964E+04  1.12339611E+04  1.23488032E+04  1.26761850E+04 
 1.29621181E+04  1.32601456E+04  1.34796271E+04  1.40181307E+04  1.42475849E+04 
 1.44276515E+04  1.45813378E+04  1.47932417E+04  1.50101375E+04  1.53221372E+04 
 1.57172065E+04  1.61942540E+04  1.67522836E+04  1.72766806E+04  1.78390781E+04 
 1.83548095E+04  1.88786886E+04  ) >                                            
TE                ( > 
 1.32412000E+05  1.22873000E+05  1.14001000E+05  1.05571000E+05  9.73640000E+04 
 8.84590000E+04  7.99340000E+04  7.19440000E+04  6.49690000E+04  5.92620000E+04 
 5.51960000E+04  5.14970000E+04  4.81520000E+04  4.54070000E+04  4.30320000E+04 
 4.10490000E+04  3.92260000E+04  3.72280000E+04  3.55840000E+04  3.38660000E+04 
 3.21850000E+04  3.09470000E+04  3.01210000E+04  2.95150000E+04  2.88920000E+04 
 2.80760000E+04  2.71670000E+04  2.64580000E+04  2.57490000E+04  2.39980000E+04 
 2.09300000E+04  1.75480000E+04  1.34210000E+04  1.01960000E+04  7.92300000E+03 
 6.85900000E+03  6.10900000E+03  5.54400000E+03  5.19000000E+03  4.94800000E+03 
 4.77100000E+03  4.66300000E+03  4.59800000E+03  4.55500000E+03  4.54200000E+03 
 4.55000000E+03  4.58100000E+03  4.62500000E+03  4.66100000E+03  4.70500000E+03 
 4.76800000E+03  4.84500000E+03  4.95300000E+03  5.09900000E+03  5.24000000E+03 
 5.35900000E+03  5.50800000E+03  5.66600000E+03  6.06200000E+03  6.23400000E+03 
 6.47900000E+03  6.69400000E+03  6.97500000E+03  7.20700000E+03  7.46100000E+03 
 7.73200000E+03  8.01100000E+03  8.30800000E+03  8.57000000E+03  8.82400000E+03 
 9.06100000E+03  9.29800000E+03  ) >                                            
DENS              ( > 
 3.12946386E-20  5.37926716E-20  8.63113607E-20  1.39636370E-19  2.30483874E-19 
 4.15969733E-19  7.82319999E-19  1.56869676E-18  3.08566521E-18  6.04052887E-18 
 1.03138024E-17  1.78268322E-17  3.02696438E-17  4.86854644E-17  7.42565258E-17 
 1.08959359E-16  1.57615225E-16  2.34706131E-16  3.17802052E-16  4.24010501E-16 
 5.36318158E-16  6.43075379E-16  7.36852984E-16  8.14249209E-16  9.00369354E-16 
 9.95989550E-16  1.11949578E-15  1.24959740E-15  1.40230404E-15  1.75407435E-15 
 2.40527629E-15  3.57028145E-15  6.42197111E-15  1.25873032E-14  3.98395135E-14 
 1.44643676E-13  8.69838590E-13  4.99207332E-12  2.42274256E-11  9.85857076E-11 
 3.56664283E-10  8.29258022E-10  1.82418188E-09  3.79881556E-09  7.63755203E-09 
 1.23946152E-08  1.86987764E-08  2.38031835E-08  2.72654853E-08  3.03218911E-08 
 3.42499361E-08  3.81136541E-08  4.12244678E-08  4.40157398E-08  4.39644652E-08 
 4.39558561E-08  4.37472751E-08  4.32276674E-08  4.20031825E-08  4.15021905E-08 
 4.04159539E-08  3.95070013E-08  3.84138875E-08  3.76603841E-08  3.70417256E-08 
 3.65297018E-08  3.61389107E-08  3.57786819E-08  3.54631939E-08  3.51936202E-08 
 3.48460237E-08  3.44338843E-08  ) >                                            
TAU5000           ( > 
 0.00000000E+00  1.52943453E-09  3.52144181E-09  6.53025254E-09  1.12180446E-08 
 1.98204798E-08  3.47980046E-08  6.29376477E-08  1.10036541E-07  1.93065411E-07 
 3.03482632E-07  4.85122953E-07  7.65680538E-07  1.15695142E-06  1.66830562E-06 
 2.33121655E-06  3.21824961E-06  4.54272952E-06  5.87381289E-06  7.45061097E-06 
 8.94439205E-06  1.02966571E-05  1.14631658E-05  1.23894522E-05  1.33793143E-05 
 1.43397744E-05  1.55284158E-05  1.67823025E-05  1.81709845E-05  2.06853900E-05 
 2.38157589E-05  2.85502191E-05  3.79683358E-05  5.28332112E-05  1.03974297E-04 
 2.17395944E-04  3.95203325E-04  5.45628358E-04  7.03731142E-04  1.03050287E-03 
 2.03975375E-03  3.85537616E-03  7.83804565E-03  1.66825754E-02  3.74976410E-02 
 6.99658492E-02  1.25961486E-01  1.85590037E-01  2.35788353E-01  2.89865069E-01 
 3.77164448E-01  4.92075119E-01  6.31515434E-01  8.38965653E-01  9.26603384E-01 
 1.02926766E+00  1.17255069E+00  1.31834395E+00  1.94631293E+00  2.38972467E+00 
 2.88571633E+00  3.49841498E+00  4.73972666E+00  6.58216293E+00  1.03205339E+01 
 1.71397144E+01  2.91173689E+01  4.97855057E+01  7.79354250E+01  1.20164160E+02 
 1.73278676E+02  2.45863789E+02  ) >                                            
[ FONTENLA data start ] > 
> LEID       MODEL LEID   5 L H        ITER 07-17   2014-Mar-24                 
LEID      model as of 2014-Mar-24 (PANDORA program version  78.018)
              Height     Temperature              ne              nH              vt              vp         bHminus        Velocity
   1 -1.34498000E+07  1.32412000E+05  1.38248883E+04  1.03979574E+04  3.00000000E+01  0.00000000E+00  1.05022715E+03  0.00000000E+00
   2 -1.21944000E+07  1.22873000E+05  2.37408813E+04  1.78731544E+04  3.00000000E+01  0.00000000E+00  1.00842953E+03  0.00000000E+00
   3 -1.12022000E+07  1.14001000E+05  3.80332610E+04  2.86778148E+04  3.00000000E+01  0.00000000E+00  9.65429068E+02  0.00000000E+00
   4 -1.02707000E+07  1.05571000E+05  6.13691129E+04  4.63955837E+04  3.00000000E+01  0.00000000E+00  9.20336522E+02  0.00000000E+00
   5 -9.37975000E+06  9.73640000E+04  1.00815652E+05  7.65805776E+04  3.00000000E+01  0.00000000E+00  8.71899792E+02  0.00000000E+00
   6 -8.42803000E+06  8.84590000E+04  1.80126580E+05  1.38210114E+05  3.00000000E+01  0.00000000E+00  8.13538571E+02  0.00000000E+00
   7 -7.51697000E+06  7.99340000E+04  3.32568860E+05  2.59933662E+05  3.00000000E+01  0.00000000E+00  7.51182063E+02  0.00000000E+00
   8 -6.61782000E+06  7.19440000E+04  6.49362417E+05  5.21215223E+05  2.98355169E+01  0.00000000E+00  6.86181560E+02  0.00000000E+00
   9 -5.83930000E+06  6.49690000E+04  1.24537004E+06  1.02524320E+06  2.94205776E+01  0.00000000E+00  6.23652631E+02  0.00000000E+00
  10 -5.12657000E+06  5.92620000E+04  2.40195556E+06  2.00702627E+06  2.72805732E+01  0.00000000E+00  5.68147314E+02  0.00000000E+00
  11 -4.60024000E+06  5.51960000E+04  4.07616397E+06  3.42686423E+06  2.61104953E+01  0.00000000E+00  5.26109606E+02  0.00000000E+00
  12 -4.09435050E+06  5.14970000E+04  7.02317999E+06  5.92314370E+06  2.65650087E+01  0.00000000E+00  4.86041080E+02  0.00000000E+00
  13 -3.63687425E+06  4.81520000E+04  1.19069901E+07  1.00573926E+07  2.69895817E+01  0.00000000E+00  4.48330625E+02  0.00000000E+00
  14 -3.24977900E+06  4.54070000E+04  1.91369913E+07  1.61762336E+07  2.61244263E+01  0.00000000E+00  4.16377718E+02  0.00000000E+00
  15 -2.92602650E+06  4.30320000E+04  2.91759382E+07  2.46724751E+07  2.53559202E+01  0.00000000E+00  3.88046644E+02  0.00000000E+00
  16 -2.64516100E+06  4.10490000E+04  4.27976835E+07  3.62028391E+07  2.47970700E+01  0.00000000E+00  3.63946877E+02  0.00000000E+00
  17 -2.38700375E+06  3.92260000E+04  6.18884689E+07  5.23692385E+07  2.43984427E+01  0.00000000E+00  3.41474561E+02  0.00000000E+00
  18 -2.12435750E+06  3.72280000E+04  9.21137857E+07  7.79834647E+07  2.39685072E+01  0.00000000E+00  3.16549878E+02  0.00000000E+00
  19 -1.93793938E+06  3.55840000E+04  1.24651805E+08  1.05592918E+08  2.36408657E+01  0.00000000E+00  2.95859305E+02  0.00000000E+00
  20 -1.77342962E+06  3.38660000E+04  1.66166725E+08  1.40881739E+08  2.33270275E+01  0.00000000E+00  2.74118792E+02  0.00000000E+00
  21 -1.65317400E+06  3.21850000E+04  2.09861762E+08  1.78197084E+08  2.30706013E+01  0.00000000E+00  2.52793025E+02  0.00000000E+00
  22 -1.56464938E+06  3.09470000E+04  2.51184710E+08  2.13668241E+08  2.28720782E+01  0.00000000E+00  2.37095810E+02  0.00000000E+00
  23 -1.49935950E+06  3.01210000E+04  2.87145896E+08  2.44826790E+08  2.27229772E+01  0.00000000E+00  2.26644887E+02  0.00000000E+00
  24 -1.45315425E+06  2.95150000E+04  3.16496708E+08  2.70542462E+08  2.26134513E+01  0.00000000E+00  2.18996459E+02  0.00000000E+00
  25 -1.40835625E+06  2.88920000E+04  3.48843028E+08  2.99156743E+08  2.25030914E+01  0.00000000E+00  2.11155663E+02  0.00000000E+00
  26 -1.36888500E+06  2.80760000E+04  3.84260167E+08  3.30927512E+08  2.23849960E+01  0.00000000E+00  2.00929335E+02  0.00000000E+00
  27 -1.32489688E+06  2.71670000E+04  4.29249380E+08  3.71963694E+08  2.22463033E+01  0.00000000E+00  1.89608793E+02  0.00000000E+00
  28 -1.28316725E+06  2.64580000E+04  4.75126711E+08  4.15191262E+08  2.21141974E+01  0.00000000E+00  1.80842308E+02  0.00000000E+00
  29 -1.24143762E+06  2.57490000E+04  5.26455289E+08  4.65929574E+08  2.19739282E+01  0.00000000E+00  1.72141771E+02  0.00000000E+00
  30 -1.17600188E+06  2.39980000E+04  6.35212705E+08  5.82808787E+08  2.16965583E+01  0.00000000E+00  1.51002680E+02  0.00000000E+00
  31 -1.11081900E+06  2.09300000E+04  8.24780894E+08  7.99177158E+08  2.12939420E+01  0.00000000E+00  1.15577687E+02  0.00000000E+00
  32 -1.03895056E+06  1.75480000E+04  1.18282851E+09  1.18626180E+09  1.85590386E+01  0.00000000E+00  7.99357042E+01  0.00000000E+00
  33 -9.50368688E+05  1.34210000E+04  2.11061930E+09  2.13376428E+09  1.01692121E+01  0.00000000E+00  4.33497954E+01  0.00000000E+00
  34 -8.73719375E+05  1.01960000E+04  3.84399130E+09  4.18225765E+09  5.30000000E+00  0.00000000E+00  2.16459764E+01  0.00000000E+00
  35 -7.53134125E+05  7.92300000E+03  9.56986817E+09  1.32370777E+10  5.30000000E+00  0.00000000E+00  1.06623080E+01  0.00000000E+00
  36 -6.45131875E+05  6.85900000E+03  2.14994016E+10  4.80593112E+10  5.30000000E+00  0.00000000E+00  6.85436009E+00  0.00000000E+00
  37 -5.34926062E+05  6.10900000E+03  2.04095296E+10  2.89012591E+11  5.30000000E+00  0.00000000E+00  4.69886705E+00  0.00000000E+00
  38 -4.39226438E+05  5.54400000E+03  1.48331207E+10  1.65866640E+12  5.30000000E+00  0.00000000E+00  3.36259159E+00  0.00000000E+00
  39 -3.58032750E+05  5.19000000E+03  1.19581333E+10  8.04980500E+12  5.30000000E+00  0.00000000E+00  2.62592369E+00  0.00000000E+00
  40 -2.89285000E+05  4.94800000E+03  1.30587033E+10  3.27560896E+13  5.30000000E+00  0.00000000E+00  2.11793802E+00  0.00000000E+00
  41 -2.28503000E+05  4.77100000E+03  1.58076063E+10  1.18505283E+14  5.30000000E+00  0.00000000E+00  1.68044537E+00  0.00000000E+00
  42 -1.89761938E+05  4.66300000E+03  1.82079321E+10  2.75529290E+14  5.30000000E+00  0.00000000E+00  1.40514567E+00  0.00000000E+00
  43 -1.53873234E+05  4.59800000E+03  2.27983481E+10  6.06102717E+14  5.30000000E+00  0.00000000E+00  1.21984968E+00  0.00000000E+00
  44 -1.20708102E+05  4.55500000E+03  2.97121146E+10  1.26219455E+15  5.23641472E+00  0.00000000E+00  1.10847877E+00  0.00000000E+00
  45 -8.90504766E+04  4.54200000E+03  4.16570991E+10  2.53765322E+15  5.04570472E+00  0.00000000E+00  1.04970146E+00  0.00000000E+00
  46 -6.69403828E+04  4.55000000E+03  5.64688222E+10  4.11823516E+15  5.00000000E+00  0.00000000E+00  1.02563663E+00  0.00000000E+00
  47 -4.78453047E+04  4.58100000E+03  8.00788674E+10  6.21285589E+15  5.00000000E+00  0.00000000E+00  1.01282695E+00  0.00000000E+00
  48 -3.62877578E+04  4.62500000E+03  1.07030469E+11  7.90884633E+15  5.00000000E+00  0.00000000E+00  1.00783447E+00  0.00000000E+00
  49 -2.96164629E+04  4.66100000E+03  1.31107578E+11  9.05923082E+15  5.00000000E+00  0.00000000E+00  1.00546018E+00  0.00000000E+00
  50 -2.41961484E+04  4.70500000E+03  1.61956193E+11  1.00747523E+16  5.00000000E+00  0.00000000E+00  1.00400042E+00  0.00000000E+00
  51 -1.77903223E+04  4.76800000E+03  2.15516088E+11  1.13798846E+16  5.00000000E+00  0.00000000E+00  1.00224326E+00  0.00000000E+00
  52 -1.18772637E+04  4.84500000E+03  2.97382754E+11  1.26636436E+16  5.00000000E+00  0.00000000E+00  1.00055886E+00  0.00000000E+00
  53 -6.94971484E+03  4.95300000E+03  4.42718080E+11  1.36972427E+16  5.00000000E+00  0.00000000E+00  9.99517352E-01  0.00000000E+00
  54 -2.19222998E+03  5.09900000E+03  7.31722588E+11  1.46246708E+16  5.00000000E+00  0.00000000E+00  9.97632365E-01  0.00000000E+00
  55 -8.38047974E+02  5.24000000E+03  1.10110669E+12  1.46076343E+16  5.00000000E+00  0.00000000E+00  9.99453936E-01  0.00000000E+00
  56  3.45502014E+02  5.35900000E+03  1.54325598E+12  1.46047738E+16  5.00000000E+00  0.00000000E+00  1.00016603E+00  0.00000000E+00
  57  1.58172998E+03  5.50800000E+03  2.31102838E+12  1.45354707E+16  5.00000000E+00  0.00000000E+00  1.00092005E+00  0.00000000E+00
  58  2.50011011E+03  5.66600000E+03  3.45050959E+12  1.43628258E+16  5.00000000E+00  0.00000000E+00  1.00255059E+00  0.00000000E+00
  59  4.80000000E+03  6.06200000E+03  8.84863889E+12  1.39559784E+16  5.00000000E+00  0.00000000E+00  1.00271091E+00  0.00000000E+00
  60  5.80000000E+03  6.23400000E+03  1.28944226E+13  1.37895188E+16  5.00000000E+00  0.00000000E+00  1.00069485E+00  0.00000000E+00
  61  6.60000000E+03  6.47900000E+03  2.10498235E+13  1.34286058E+16  5.00000000E+00  0.00000000E+00  1.00258414E+00  0.00000000E+00
  62  7.30000000E+03  6.69400000E+03  3.15098825E+13  1.31265972E+16  5.00000000E+00  0.00000000E+00  1.00306158E+00  0.00000000E+00
  63  8.29053027E+03  6.97500000E+03  5.15533690E+13  1.27633992E+16  5.00000000E+00  0.00000000E+00  1.00278630E+00  0.00000000E+00
  64  9.32879980E+03  7.20700000E+03  7.53049833E+13  1.25130401E+16  5.00000000E+00  0.00000000E+00  1.00204616E+00  0.00000000E+00
  65  1.08495000E+04  7.46100000E+03  1.11172886E+14  1.23074847E+16  5.00000000E+00  0.00000000E+00  1.00151307E+00  0.00000000E+00
  66  1.28045996E+04  7.73200000E+03  1.63957140E+14  1.21373596E+16  5.00000000E+00  0.00000000E+00  1.00147578E+00  0.00000000E+00
  67  1.51942002E+04  8.01100000E+03  2.38220806E+14  1.20075154E+16  5.00000000E+00  0.00000000E+00  1.00149459E+00  0.00000000E+00
  68  1.80183008E+04  8.30800000E+03  3.44820282E+14  1.18878257E+16  5.00000000E+00  0.00000000E+00  1.00158372E+00  0.00000000E+00
  69  2.06975996E+04  8.57000000E+03  4.67214263E+14  1.17830016E+16  5.00000000E+00  0.00000000E+00  1.00165218E+00  0.00000000E+00
  70  2.35940996E+04  8.82400000E+03  6.15920970E+14  1.16934331E+16  5.00000000E+00  0.00000000E+00  1.00165859E+00  0.00000000E+00
  71  2.62733008E+04  9.06100000E+03  7.83643989E+14  1.15779407E+16  5.00000000E+00  0.00000000E+00  1.00166056E+00  0.00000000E+00
  72  2.90250000E+04  9.29800000E+03  9.81927546E+14  1.14410032E+16  5.00000000E+00  0.00000000E+00  1.00160286E+00  0.00000000E+00
[ FONTENLA data end ] > 
[ CENSUS data start ] > 
> LEID       MODEL LEID   5 L H        ITER 07-17   2014-Mar-24                 
H             1   72
Z                 ( > 
-1.34498000E+07 -1.21944000E+07 -1.12022000E+07 -1.02707000E+07 -9.37975000E+06 
-8.42803000E+06 -7.51697000E+06 -6.61782000E+06 -5.83930000E+06 -5.12657000E+06 
-4.60024000E+06 -4.09435050E+06 -3.63687425E+06 -3.24977900E+06 -2.92602650E+06 
-2.64516100E+06 -2.38700375E+06 -2.12435750E+06 -1.93793938E+06 -1.77342962E+06 
-1.65317400E+06 -1.56464938E+06 -1.49935950E+06 -1.45315425E+06 -1.40835625E+06 
-1.36888500E+06 -1.32489688E+06 -1.28316725E+06 -1.24143762E+06 -1.17600188E+06 
-1.11081900E+06 -1.03895056E+06 -9.50368688E+05 -8.73719375E+05 -7.53134125E+05 
-6.45131875E+05 -5.34926062E+05 -4.39226438E+05 -3.58032750E+05 -2.89285000E+05 
-2.28503000E+05 -1.89761938E+05 -1.53873234E+05 -1.20708102E+05 -8.90504766E+04 
-6.69403828E+04 -4.78453047E+04 -3.62877578E+04 -2.96164629E+04 -2.41961484E+04 
-1.77903223E+04 -1.18772637E+04 -6.94971484E+03 -2.19222998E+03 -8.38047974E+02 
 3.45502014E+02  1.58172998E+03  2.50011011E+03  4.80000000E+03  5.80000000E+03 
 6.60000000E+03  7.30000000E+03  8.29053027E+03  9.32879980E+03  1.08495000E+04 
 1.28045996E+04  1.51942002E+04  1.80183008E+04  2.06975996E+04  2.35940996E+04 
 2.62733008E+04  2.90250000E+04  ) >                                            
FLVSL             ( > 
-7.29038064E+00 -7.02056033E+00 -6.78807472E+00 -6.56126453E+00 -6.31886521E+00 
-6.03675371E+00 -5.69240182E+00 -5.43637980E+00 -5.13301968E+00 -4.83728536E+00 
-4.60511061E+00 -4.37421382E+00 -4.15619899E+00 -3.96740608E+00 -3.80240681E+00 
-3.65806694E+00 -3.52254491E+00 -3.37570473E+00 -3.26011495E+00 -3.14216174E+00 
-3.03263953E+00 -2.95013762E+00 -2.89364864E+00 -2.85272051E+00 -2.81181470E+00 
-2.76023646E+00 -2.70299386E+00 -2.65981786E+00 -2.61985043E+00 -2.51656907E+00 
-2.30420233E+00 -2.09700159E+00 -1.95590493E+00 -1.09177855E+00 -5.57357137E-01 
-2.57509810E-01 -3.17991380E-02 -3.89979468E-03 -6.44761161E-04 -1.72809193E-04 
-5.95460532E-05 -3.50429406E-05 -3.38303573E-05 -5.17117414E-05 -9.40734322E-05 
-1.44624917E-04 -1.99424830E-04 -2.27374157E-04 -2.38877714E-04 -2.39976357E-04 
-2.35591500E-04 -2.22898572E-04 -1.96035683E-04 -1.65555652E-04 -1.41871461E-04 
-1.33389794E-04 -1.35984613E-04 -1.55113427E-04 -3.02374380E-04 -4.27189271E-04 
-6.95987568E-04 -1.05468260E-03 -1.76525636E-03 -2.62708904E-03 -3.94475232E-03 
-5.90931352E-03 -8.70433309E-03 -1.27841944E-02 -1.75711009E-02 -2.34991710E-02 
-3.04360047E-02 -3.89698845E-02  ) >                                            
FIONL             ( > 
-2.22537745E-08 -4.14213267E-08 -7.07472605E-08 -1.19266875E-07 -2.08410315E-07 
-3.99053207E-07 -8.81826059E-07 -1.59002994E-06 -3.19717366E-06 -6.31687253E-06 
-1.07814977E-05 -1.83476171E-05 -3.03110151E-05 -4.68167906E-05 -6.84560328E-05 
-9.54476171E-05 -1.30408112E-04 -1.82882024E-04 -2.38664972E-04 -3.13169276E-04 
-4.03038266E-04 -4.87405440E-04 -5.55153676E-04 -6.10054718E-04 -6.70354840E-04 
-7.54962328E-04 -8.61432188E-04 -9.51573084E-04 -1.04341117E-03 -1.32396670E-03 
-2.16103627E-03 -3.48758938E-03 -4.83385996E-03 -3.66612659E-02 -1.40924204E-01 
-3.49401998E-01 -1.15117153E+00 -2.04869181E+00 -2.82875254E+00 -3.40141498E+00 
-3.88052358E+00 -4.19099734E+00 -4.44393593E+00 -4.65910642E+00 -4.82923612E+00 
-4.91612638E+00 -4.94608205E+00 -4.92182510E+00 -4.88898743E+00 -4.83820829E+00 
-4.76005309E+00 -4.65919253E+00 -4.51211503E+00 -4.31464982E+00 -4.13200430E+00 
-3.98269086E+00 -3.80306853E+00 -3.62233179E+00 -3.19904111E+00 -3.02995145E+00 
-2.80527972E+00 -2.62004407E+00 -2.39392615E+00 -2.22069691E+00 -2.04428767E+00 
-1.86948391E+00 -1.70254531E+00 -1.53756811E+00 -1.40178902E+00 -1.27845781E+00 
-1.16954480E+00 -1.06640685E+00  ) >                                            
[ CENSUS data end ] > 
[ KURUCZ - MODEL data start ] > 
> LEID       MODEL LEID   5 L H        ITER 07-17   2014-Mar-24                 
        72
      mass          Te          p(gas)          Ne                   v(broad)      v(flow)
 8.748029E-09    132412.0  4.807400E-07  1.382489E+04  0.0  0.0  3.000000E+06  0.000000E+00      1
 1.394675E-08    122873.0  7.664307E-07  2.374088E+04  0.0  0.0  3.000000E+06  0.000000E+00      2
 2.074502E-08    114001.0  1.140024E-06  3.803326E+04  0.0  0.0  3.000000E+06  0.000000E+00      3
 3.103703E-08    105571.0  1.705611E-06  6.136911E+04  0.0  0.0  3.000000E+06  0.000000E+00      4
 4.712974E-08     97364.0  2.589972E-06  1.008157E+05  0.0  0.0  3.000000E+06  0.000000E+00      5
 7.687386E-08     88459.0  4.224533E-06  1.801266E+05  0.0  0.0  3.000000E+06  0.000000E+00      6
 1.294002E-07     79934.0  7.111069E-06  3.325689E+05  0.0  0.0  3.000000E+06  0.000000E+00      7
 2.303732E-07     71944.0  1.265995E-05  6.493624E+05  0.0  0.0  2.983552E+06  0.000000E+00      8
 4.040045E-07     64969.0  2.220170E-05  1.245370E+06  0.0  0.0  2.942058E+06  0.000000E+00      9
 7.160533E-07     59262.0  3.935005E-05  2.401956E+06  0.0  0.0  2.728057E+06  0.000000E+00     10
 1.135261E-06     55196.0  6.238725E-05  4.076164E+06  0.0  0.0  2.611050E+06  0.000000E+00     11
 1.827859E-06     51497.0  1.004483E-04  7.023180E+06  0.0  0.0  2.656501E+06  0.000000E+00     12
 2.899865E-06     48152.0  1.593595E-04  1.190699E+07  0.0  0.0  2.698958E+06  0.000000E+00     13
 4.396624E-06     45407.0  2.416125E-04  1.913699E+07  0.0  0.0  2.612443E+06  0.000000E+00     14
 6.353778E-06     43032.0  3.491661E-04  2.917594E+07  0.0  0.0  2.535592E+06  0.000000E+00     15
 8.892140E-06     41049.0  4.886595E-04  4.279768E+07  0.0  0.0  2.479707E+06  0.000000E+00     16
 1.228966E-05     39226.0  6.753672E-04  6.188847E+07  0.0  0.0  2.439844E+06  0.000000E+00     17
 1.736430E-05     37228.0  9.542391E-04  9.211379E+07  0.0  0.0  2.396851E+06  0.000000E+00     18
 2.246708E-05     35584.0  1.234658E-03  1.246518E+08  0.0  0.0  2.364087E+06  0.000000E+00     19
 2.851611E-05     33866.0  1.567077E-03  1.661667E+08  0.0  0.0  2.332703E+06  0.000000E+00     20
 3.425316E-05     32185.0  1.882351E-03  2.098618E+08  0.0  0.0  2.307060E+06  0.000000E+00     21
 3.945658E-05     30947.0  2.168300E-03  2.511847E+08  0.0  0.0  2.287208E+06  0.000000E+00     22
 4.395317E-05     30121.0  2.415406E-03  2.871459E+08  0.0  0.0  2.272298E+06  0.000000E+00     23
 4.753266E-05     29515.0  2.612114E-03  3.164967E+08  0.0  0.0  2.261345E+06  0.000000E+00     24
 5.136873E-05     28892.0  2.822922E-03  3.488430E+08  0.0  0.0  2.250309E+06  0.000000E+00     25
 5.510432E-05     28076.0  3.028208E-03  3.842602E+08  0.0  0.0  2.238500E+06  0.000000E+00     26
 5.975067E-05     27167.0  3.283544E-03  4.292494E+08  0.0  0.0  2.224630E+06  0.000000E+00     27
 6.468774E-05     26458.0  3.554855E-03  4.751267E+08  0.0  0.0  2.211420E+06  0.000000E+00     28
 7.021219E-05     25749.0  3.858447E-03  5.264553E+08  0.0  0.0  2.197393E+06  0.000000E+00     29
 8.044884E-05     23998.0  4.420992E-03  6.352127E+08  0.0  0.0  2.169656E+06  0.000000E+00     30
 9.378421E-05     20930.0  5.153826E-03  8.247809E+08  0.0  0.0  2.129394E+06  0.000000E+00     31
 1.148907E-04     17548.0  6.313715E-03  1.182829E+09  0.0  0.0  1.855904E+06  0.000000E+00     32
 1.574757E-04     13421.0  8.653934E-03  2.110619E+09  0.0  0.0  1.016921E+06  0.000000E+00     33
 2.270179E-04     10196.0  1.247556E-02  3.843991E+09  0.0  0.0  5.300000E+05  0.000000E+00     34
 5.063894E-04      7923.0  2.782817E-02  9.569868E+09  0.0  0.0  5.300000E+05  0.000000E+00     35
 1.363430E-03      6859.0  7.492607E-02  2.149940E+10  0.0  0.0  5.300000E+05  0.000000E+00     36
 5.633418E-03      6109.0  3.095794E-01  2.040953E+10  0.0  0.0  5.300000E+05  0.000000E+00     37
 2.791908E-02      5544.0  1.534268E+00  1.483312E+10  0.0  0.0  5.300000E+05  0.000000E+00     38
 1.260626E-01      5190.0  6.927655E+00  1.195813E+10  0.0  0.0  5.300000E+05  0.000000E+00     39
 4.886094E-01      4948.0  2.685108E+01  1.305870E+10  0.0  0.0  5.300000E+05  0.000000E+00     40
 1.704081E+00      4771.0  9.364624E+01  1.580761E+10  0.0  0.0  5.300000E+05  0.000000E+00     41
 3.872131E+00      4663.0  2.127894E+02  1.820793E+10  0.0  0.0  5.300000E+05  0.000000E+00     42
 8.398797E+00      4598.0  4.615482E+02  2.279835E+10  0.0  0.0  5.300000E+05  0.000000E+00     43
 1.732613E+01      4555.0  9.521415E+02  2.971211E+10  0.0  0.0  5.236415E+05  0.000000E+00     44
 3.473319E+01      4542.0  1.908731E+03  4.165710E+10  0.0  0.0  5.045705E+05  0.000000E+00     45
 5.646317E+01      4550.0  3.102882E+03  5.646882E+10  0.0  0.0  5.000000E+05  0.000000E+00     46
 8.575729E+01      4581.0  4.712714E+03  8.007887E+10  0.0  0.0  5.000000E+05  0.000000E+00     47
 1.102131E+02      4625.0  6.056658E+03  1.070305E+11  0.0  0.0  5.000000E+05  0.000000E+00     48
 1.272255E+02      4661.0  6.991564E+03  1.311076E+11  0.0  0.0  5.000000E+05  0.000000E+00     49
 1.428231E+02      4705.0  7.848710E+03  1.619562E+11  0.0  0.0  5.000000E+05  0.000000E+00     50
 1.634865E+02      4768.0  8.984249E+03  2.155161E+11  0.0  0.0  5.000000E+05  0.000000E+00     51
 1.848706E+02      4845.0  1.015940E+04  2.973828E+11  0.0  0.0  5.000000E+05  0.000000E+00     52
 2.044245E+02      4953.0  1.123396E+04  4.427181E+11  0.0  0.0  5.000000E+05  0.000000E+00     53
 2.247113E+02      5099.0  1.234880E+04  7.317226E+11  0.0  0.0  5.000000E+05  0.000000E+00     54
 2.306686E+02      5240.0  1.267619E+04  1.101107E+12  0.0  0.0  5.000000E+05  0.000000E+00     55
 2.358718E+02      5359.0  1.296212E+04  1.543256E+12  0.0  0.0  5.000000E+05  0.000000E+00     56
 2.412950E+02      5508.0  1.326015E+04  2.311028E+12  0.0  0.0  5.000000E+05  0.000000E+00     57
 2.452889E+02      5666.0  1.347963E+04  3.450510E+12  0.0  0.0  5.000000E+05  0.000000E+00     58
 2.550880E+02      6062.0  1.401813E+04  8.848639E+12  0.0  0.0  5.000000E+05  0.000000E+00     59
 2.592634E+02      6234.0  1.424758E+04  1.289442E+13  0.0  0.0  5.000000E+05  0.000000E+00     60
 2.625401E+02      6479.0  1.442765E+04  2.104982E+13  0.0  0.0  5.000000E+05  0.000000E+00     61
 2.653367E+02      6694.0  1.458134E+04  3.150988E+13  0.0  0.0  5.000000E+05  0.000000E+00     62
 2.691927E+02      6975.0  1.479324E+04  5.155337E+13  0.0  0.0  5.000000E+05  0.000000E+00     63
 2.731396E+02      7207.0  1.501014E+04  7.530498E+13  0.0  0.0  5.000000E+05  0.000000E+00     64
 2.788171E+02      7461.0  1.532214E+04  1.111729E+14  0.0  0.0  5.000000E+05  0.000000E+00     65
 2.860061E+02      7732.0  1.571721E+04  1.639571E+14  0.0  0.0  5.000000E+05  0.000000E+00     66
 2.946870E+02      8011.0  1.619425E+04  2.382208E+14  0.0  0.0  5.000000E+05  0.000000E+00     67
 3.048414E+02      8308.0  1.675228E+04  3.448203E+14  0.0  0.0  5.000000E+05  0.000000E+00     68
 3.143839E+02      8570.0  1.727668E+04  4.672143E+14  0.0  0.0  5.000000E+05  0.000000E+00     69
 3.246179E+02      8824.0  1.783908E+04  6.159210E+14  0.0  0.0  5.000000E+05  0.000000E+00     70
 3.340026E+02      9061.0  1.835481E+04  7.836440E+14  0.0  0.0  5.000000E+05  0.000000E+00     71
 3.435357E+02      9298.0  1.887869E+04  9.819275E+14  0.0  0.0  5.000000E+05  0.000000E+00     72
[ KURUCZ - MODEL data end ] > 
[ KURUCZ - b data start ] > 
> LEID       MODEL LEID   5 L H        ITER 07-17   2014-Mar-24                 
HMINUS         1        72
 1.05022715E+03  1.00842953E+03  9.65429068E+02  9.20336522E+02  8.71899792E+02 
 8.13538571E+02  7.51182063E+02  6.86181560E+02  6.23652631E+02  5.68147314E+02 
 5.26109606E+02  4.86041080E+02  4.48330625E+02  4.16377718E+02  3.88046644E+02 
 3.63946877E+02  3.41474561E+02  3.16549878E+02  2.95859305E+02  2.74118792E+02 
 2.52793025E+02  2.37095810E+02  2.26644887E+02  2.18996459E+02  2.11155663E+02 
 2.00929335E+02  1.89608793E+02  1.80842308E+02  1.72141771E+02  1.51002680E+02 
 1.15577687E+02  7.99357042E+01  4.33497954E+01  2.16459764E+01  1.06623080E+01 
 6.85436009E+00  4.69886705E+00  3.36259159E+00  2.62592369E+00  2.11793802E+00 
 1.68044537E+00  1.40514567E+00  1.21984968E+00  1.10847877E+00  1.04970146E+00 
 1.02563663E+00  1.01282695E+00  1.00783447E+00  1.00546018E+00  1.00400042E+00 
 1.00224326E+00  1.00055886E+00  9.99517352E-01  9.97632365E-01  9.99453936E-01 
 1.00016603E+00  1.00092005E+00  1.00255059E+00  1.00271091E+00  1.00069485E+00 
 1.00258414E+00  1.00306158E+00  1.00278630E+00  1.00204616E+00  1.00151307E+00 
 1.00147578E+00  1.00149459E+00  1.00158372E+00  1.00165218E+00  1.00165859E+00 
 1.00166056E+00  1.00160286E+00  ) >                                            
H1             1        72
 1.30960652E+11  1.15674860E+11  9.97309010E+10  8.31388942E+10  6.90537166E+10 
 5.44384729E+10  4.62713779E+10  2.93026070E+10  2.08331894E+10  1.47145951E+10 
 1.09332489E+10  7.92497226E+09  5.64360881E+09  4.07396058E+09  2.97570049E+09 
 2.20745444E+09  1.62958119E+09  1.14401129E+09  8.47674788E+08  6.18690379E+08 
 4.57970002E+08  3.58615597E+08  2.98348953E+08  2.59110965E+08  2.22958796E+08 
 1.86332197E+08  1.50119838E+08  1.23247349E+08  9.93727341E+07  6.01441899E+07 
 2.35104013E+07  4.75692135E+06  1.55840493E+05  1.08163303E+04  1.52762318E+02 
 8.03663224E+00  4.49822062E+00  3.24010875E+00  3.17175516E+00  2.28698816E+00 
 1.65175051E+00  1.31654836E+00  1.14241019E+00  1.02593254E+00  9.76170460E-01 
 9.37392715E-01  9.04613923E-01  9.01031875E-01  8.97986918E-01  9.00209665E-01 
 8.97917753E-01  8.94173422E-01  9.00230051E-01  8.99102073E-01  9.40012868E-01 
 9.59999807E-01  9.79690019E-01  1.00378991E+00  1.00775346E+00  1.00175368E+00 
 1.00877513E+00  1.00926473E+00  1.00602053E+00  1.00358855E+00  1.00217853E+00 
 1.00145112E+00  1.00098917E+00  1.00068370E+00  1.00050582E+00  1.00038342E+00 
 1.00030233E+00  1.00024122E+00  ) >                                            
H1             2        72
 2.70896540E+03  2.41814675E+03  2.24904908E+03  2.12168190E+03  2.07009925E+03 
 2.00347054E+03  1.93491241E+03  1.81451428E+03  1.68796210E+03  1.57197935E+03 
 1.45931305E+03  1.38212245E+03  1.41345750E+03  1.63695489E+03  1.91046353E+03 
 2.28307206E+03  2.71614769E+03  3.27038670E+03  3.84074930E+03  4.41113021E+03 
 4.92473017E+03  5.32957176E+03  5.61786495E+03  5.79582934E+03  5.96773660E+03 
 6.01233997E+03  5.98635821E+03  5.95189821E+03  5.86434505E+03  5.48111081E+03 
 4.20536839E+03  2.57519289E+03  9.41745070E+02  4.31051966E+02  1.70121886E+02 
 5.42473046E+01  1.93843195E+01  8.27237820E+00  4.55828040E+00  2.88753207E+00 
 1.96153927E+00  1.52625995E+00  1.28085250E+00  1.12407727E+00  1.03434762E+00 
 9.77109282E-01  9.32447567E-01  9.22638811E-01  9.18794449E-01  9.14949715E-01 
 9.08972496E-01  9.02315809E-01  9.05053467E-01  9.22045688E-01  9.41359815E-01 
 9.60675645E-01  9.79897081E-01  9.99119242E-01  1.00567828E+00  1.00684627E+00 
 1.00803812E+00  1.00932397E+00  1.00603299E+00  1.00359274E+00  1.00217561E+00 
 1.00144401E+00  1.00097897E+00  1.00067143E+00  1.00049225E+00  1.00036900E+00 
 1.00028737E+00  1.00022587E+00  ) >                                            
H1             3        72
 8.19751020E+00  8.77737664E+00  9.43077135E+00  1.01248712E+01  1.08671469E+01 
 1.16614384E+01  1.24977624E+01  1.28695781E+01  1.12039920E+01  9.71026370E+00 
 8.40063918E+00  7.79632488E+00  7.69575828E+00  8.13835925E+00  8.70550462E+00 
 9.77795066E+00  1.11268825E+01  1.27690532E+01  1.44517241E+01  1.61344673E+01 
 1.74904805E+01  1.85670750E+01  1.93202953E+01  1.97733336E+01  2.02088233E+01 
 2.02759705E+01  2.01670134E+01  2.00293669E+01  1.97085048E+01  1.86002704E+01 
 1.51924780E+01  9.45040307E+00  3.70111342E+00  4.70391206E+00  5.70458766E+00 
 6.66556477E+00  5.40713072E+00  4.14432792E+00  2.90171592E+00  2.31933180E+00 
 1.89911744E+00  1.66357026E+00  1.50230504E+00  1.37818330E+00  1.27295056E+00 
 1.18674177E+00  1.10939529E+00  1.06075300E+00  1.03830371E+00  1.02009558E+00 
 1.00188454E+00  9.83646515E-01  9.74289747E-01  9.70255428E-01  9.82863571E-01 
 9.95473602E-01  1.00480606E+00  1.01413937E+00  1.01581146E+00  1.01179501E+00 
 1.00778991E+00  1.00575494E+00  1.00315434E+00  1.00170059E+00  1.00093633E+00 
 1.00058113E+00  1.00036981E+00  1.00023910E+00  1.00016692E+00  1.00011928E+00 
 1.00008915E+00  1.00006713E+00  ) >                                            
H1             4        72
 2.04881536E+00  2.04955703E+00  2.06879413E+00  1.98663906E+00  1.60796585E+00 
 1.22215343E+00  2.33387917E+00  3.39155277E+00  4.15169285E+00  3.86148798E+00 
 3.59161764E+00  3.47523609E+00  3.46491199E+00  3.54999463E+00  3.69740722E+00 
 3.94958062E+00  4.33178353E+00  4.71424830E+00  5.09557937E+00  5.41256842E+00 
 5.62670810E+00  5.77065219E+00  5.85846019E+00  5.89588841E+00  5.92029036E+00 
 5.83885556E+00  5.70590903E+00  5.57334951E+00  5.41276357E+00  4.95631193E+00 
 3.94495789E+00  2.42074455E+00  8.95312111E-01  7.05779570E-01  1.38814616E+00 
 2.07139337E+00  2.44226683E+00  2.16047675E+00  1.87835224E+00  1.66689583E+00 
 1.49191239E+00  1.38690815E+00  1.31211621E+00  1.25637513E+00  1.20743773E+00 
 1.16212351E+00  1.11681324E+00  1.07498672E+00  1.05558589E+00  1.03741780E+00 
 1.01924675E+00  1.00031311E+00  9.88275091E-01  9.80123675E-01  9.91106108E-01 
 1.00209047E+00  1.00922285E+00  1.01635610E+00  1.01312234E+00  1.00968166E+00 
 1.00624744E+00  1.00434368E+00  1.00223219E+00  1.00114798E+00  1.00060787E+00 
 1.00036749E+00  1.00022856E+00  1.00014470E+00  1.00009932E+00  1.00006985E+00 
 1.00005150E+00  1.00003825E+00  ) >                                            
H1             5        72
 3.21265278E+00  1.44221948E+00  2.59398506E+00  3.67640943E+00  2.96053470E+00 
 2.24457588E+00  2.71853898E+00  3.16327917E+00  2.99472645E+00  2.82840009E+00 
 2.69679498E+00  2.66391665E+00  2.68778216E+00  2.75655495E+00  2.85368242E+00 
 3.00028761E+00  3.21035653E+00  3.42043719E+00  3.61726460E+00  3.77310272E+00 
 3.84780434E+00  3.88575067E+00  3.89849389E+00  3.88969137E+00  3.86891094E+00 
 3.78023104E+00  3.65696516E+00  3.53386439E+00  3.40566954E+00  3.05626194E+00 
 2.39454179E+00  1.50064945E+00  6.06282201E-01  4.93999382E-01  7.68557422E-01 
 1.15461775E+00  1.53913661E+00  1.46917434E+00  1.37437674E+00  1.27916303E+00 
 1.20177052E+00  1.16149392E+00  1.14283504E+00  1.14236002E+00  1.14186451E+00 
 1.13275450E+00  1.10280158E+00  1.07208600E+00  1.05550800E+00  1.03892967E+00 
 1.02205868E+00  1.00516110E+00  9.92095658E-01  9.83751676E-01  9.94196730E-01 
 1.00464373E+00  1.01100178E+00  1.01736073E+00  1.01422681E+00  1.00991551E+00 
 1.00568357E+00  1.00386840E+00  1.00194042E+00  1.00098214E+00  1.00051423E+00 
 1.00030821E+00  1.00019020E+00  1.00011954E+00  1.00008156E+00  1.00005706E+00 
 1.00004186E+00  1.00003095E+00  ) >                                            
[ KURUCZ - b data end ] > 
