> from Overall Iteration 11 of 11                                Pandora 78.018
> Run Data:    72    5    5  0  0  CA   2   2014-Mar-25 11:24:17    56741.47520
> LEID       MODEL LEID   5 L CA-II    ITER 05-15   2014-Mar-24                 
> -------.---------.---------.---------.---------.---------.---------.---------.
> LEID       MODEL LEID   5 L CA-II    ITER 05-15   2014-Mar-24                 
RHO          4  1 ( > 
-1.61708360E-03 -1.61466098E-03 -1.61036326E-03 -1.60627232E-03 -1.60523325E-03 
-1.60573382E-03 -1.60304281E-03 -1.59001762E-03 -1.56459257E-03 -1.51657804E-03 
-1.49260086E-03 -1.45561974E-03 -1.35961543E-03 -1.19853592E-03 -9.95285566E-04 
-7.23745206E-04 -3.41335735E-04  1.37197122E-04  8.74874094E-04  1.74295864E-03 
 2.67811926E-03  3.64240837E-03  4.54755447E-03  5.39470305E-03  6.36150944E-03 
 7.44021578E-03  8.81234898E-03  1.04462258E-02  1.24430048E-02  1.61538990E-02 
 2.30459958E-02  3.97967250E-02  1.25726468E-01  1.80046734E-01  1.87394596E-01 
 1.58689831E-01  3.96830945E-02  3.15584057E-03  2.11329972E-04  8.22842663E-06 
 1.62302909E-05  1.45580486E-05  1.20899623E-05  6.37660631E-06  6.01268025E-07 
-3.88842291E-06 -7.99962558E-06 -1.01228380E-05 -1.18333788E-05 -1.26323120E-05 
-1.47581739E-05 -1.85576704E-05 -2.11203537E-05 -3.49890161E-05 -2.14950658E-05 
-1.95853161E-05 -1.82852555E-05 -9.04345285E-06 -3.63617451E-06 -1.40336211E-05 
-1.80415205E-07  4.25146429E-06  7.20595547E-06  6.04483461E-06  3.35715206E-06 
 2.97784646E-06  2.67492455E-06  2.98652037E-06  3.73302056E-06  3.81487978E-06 
 4.60640608E-06  4.98442463E-06  ) >                                            
RHWT         4  1 ( > 
 5.00000000E-01  5.00000000E-01  5.00000000E-01  5.00000000E-01  5.00000000E-01 
 5.00000000E-01  5.00000000E-01  5.00000000E-01  5.00000000E-01  5.00000000E-01 
 5.00000000E-01  5.00000000E-01  5.00000000E-01  5.00000000E-01  5.00000000E-01 
 5.00000000E-01  5.00000000E-01  5.00000000E-01  5.00000000E-01  5.00000000E-01 
 5.00000000E-01  5.00000000E-01  5.00000000E-01  5.00000000E-01  5.00000000E-01 
 5.00000000E-01  5.00000000E-01  5.00000000E-01  5.00000000E-01  5.00000000E-01 
 5.00000000E-01  5.00000000E-01  5.00000000E-01  1.00000000E+00  1.00000000E+00 
 1.00000000E+00  8.00000000E-01  5.00000000E-01  5.00000000E-01  5.00000000E-01 
 1.00000000E+00  5.00000000E-01  5.00000000E-01  5.00000000E-01  5.00000000E-01 
 6.00000000E-01  5.00000000E-01  5.00000000E-01  5.00000000E-01  5.00000000E-01 
 7.00000000E-01  1.00000000E+00  1.00000000E+00  1.00000000E+00  1.00000000E+00 
 1.00000000E+00  1.00000000E+00  8.00000000E-01  6.00000000E-01  1.00000000E+00 
 1.00000000E+00  1.00000000E+00  1.00000000E+00  1.00000000E+00  1.00000000E+00 
 1.00000000E+00  1.00000000E+00  1.00000000E+00  1.00000000E+00  1.00000000E+00 
 1.00000000E+00  1.00000000E+00  ) >                                            
JBAR         4  1 ( > 
 3.85309448E-07  4.00843643E-07  4.13889595E-07  4.26756794E-07  4.39681464E-07 
 4.54225608E-07  4.68924364E-07  4.84239474E-07  4.98495502E-07  5.12711185E-07 
 5.23023245E-07  5.33187338E-07  5.41244927E-07  5.44354027E-07  5.44088303E-07 
 5.38637147E-07  5.28329460E-07  5.05967493E-07  4.80321867E-07  4.48033378E-07 
 4.17910920E-07  3.88762192E-07  3.65571809E-07  3.46377717E-07  3.29552439E-07 
 3.11806353E-07  2.93627581E-07  2.74855301E-07  2.55433131E-07  2.29221469E-07 
 1.84728987E-07  1.25241925E-07  4.27879948E-08  2.49847557E-08  2.30484359E-08 
 2.82668599E-08  5.51355936E-08  9.03520815E-08  1.68391544E-07  3.79743888E-07 
 7.85537013E-07  1.10502437E-06  1.42102048E-06  1.69464552E-06  1.94351861E-06 
 2.11787487E-06  2.32446274E-06  2.53660710E-06  2.70958851E-06  2.91491768E-06 
 3.23221040E-06  3.65398072E-06  4.28761276E-06  5.30479271E-06  6.34284298E-06 
 7.37976193E-06  8.84946122E-06  1.06096640E-05  1.61180877E-05  1.90264164E-05 
 2.37095076E-05  2.83955722E-05  3.53559462E-05  4.18376707E-05  4.97132388E-05 
 5.90273708E-05  6.96104779E-05  8.19890745E-05  9.38601005E-05  1.06214818E-04 
 1.18486654E-04  1.31468403E-04  ) >                                            
CHI          4  1 ( > 
 3.85309447E-07  4.00843640E-07  4.13889590E-07  4.26756790E-07  4.39681454E-07 
 4.54225586E-07  4.68924309E-07  4.84239401E-07  4.98495343E-07  5.12710889E-07 
 5.23022635E-07  5.33186646E-07  5.41243771E-07  5.44352198E-07  5.44085299E-07 
 5.38634390E-07  5.28325096E-07  5.05961747E-07  4.80314306E-07  4.48026734E-07 
 4.17903140E-07  3.88752889E-07  3.65561004E-07  3.46368720E-07  3.29541213E-07 
 3.11790583E-07  2.93603738E-07  2.74836369E-07  2.55395300E-07  2.29141513E-07 
 1.84513822E-07  1.24979097E-07  4.24722753E-08  2.42943203E-08  1.95794966E-08 
 1.20598831E-08  5.26402923E-09  1.55108790E-09  5.60348190E-10  2.93686239E-10 
 2.38744601E-10  2.21773191E-10  1.89312247E-10  1.63271443E-10  1.55614472E-10 
 1.61131426E-10  1.87052525E-10  2.47257105E-10  3.03447934E-10  3.16660847E-10 
 3.33823361E-10  3.99469741E-10  4.84349609E-10  9.19966239E-10  1.35826942E-09 
 1.59436727E-09  2.03285454E-09  1.94903095E-09  2.73816856E-09  4.59536817E-09 
 6.11214172E-09  6.59908462E-09  6.78924907E-09  6.59299376E-09  5.66560239E-09 
 5.26440633E-09  5.11100621E-09  5.65427575E-09  6.39953846E-09  7.33274914E-09 
 8.48906834E-09 -6.55297611E-10  ) >                                            
AW           4  1 ( > 
-9.99999998E-01 -9.99999994E-01 -9.99999989E-01 -9.99999989E-01 -9.99999978E-01 
-9.99999952E-01 -9.99999882E-01 -9.99999848E-01 -9.99999682E-01 -9.99999422E-01 
-9.99998832E-01 -9.99998700E-01 -9.99997861E-01 -9.99996636E-01 -9.99994475E-01 
-9.99994880E-01 -9.99991737E-01 -9.99988649E-01 -9.99984274E-01 -9.99985197E-01 
-9.99981436E-01 -9.99976162E-01 -9.99970582E-01 -9.99974168E-01 -9.99966159E-01 
-9.99949807E-01 -9.99919527E-01 -9.99931852E-01 -9.99853760E-01 -9.99656876E-01 
-9.98862281E-01 -9.97985360E-01 -9.93550450E-01 -9.77342399E-01 -8.77697609E-01 
-5.17633302E-01 -1.31379506E-01 -2.02737196E-02 -3.53989520E-03 -7.82103074E-04 
-3.20142652E-04 -2.15045822E-04 -1.44960650E-04 -1.02392233E-04 -8.05901183E-05 
-7.22035767E-05 -7.24902628E-05 -8.73635843E-05 -1.00163193E-04 -9.60061980E-05 
-8.85241574E-05 -9.07689317E-05 -9.18468999E-05 -1.38438765E-04 -1.92651591E-04 
-1.96464811E-04 -2.11433993E-04 -1.74661605E-04 -1.66246211E-04 -2.27495441E-04 
-2.57612490E-04 -2.36648844E-04 -1.99230236E-04 -1.63628988E-04 -1.17322436E-04 
-9.21634324E-05 -7.60976720E-05 -7.19500853E-05 -7.19144367E-05 -7.28515856E-05 
-7.62518526E-05  1.03508316E-17  ) >                                            
RHO          4  2 ( > 
 2.21907589E-02  2.21536831E-02  2.20912073E-02  2.20256958E-02  2.20055170E-02 
 2.20084276E-02  2.19781768E-02  2.18275820E-02  2.15252148E-02  2.09567151E-02 
 2.07265095E-02  2.03930164E-02  1.93814066E-02  1.76148286E-02  1.54172187E-02 
 1.24886386E-02  8.30120375E-03  3.81709523E-03 -4.08196315E-03 -1.33064604E-02 
-2.31950619E-02 -3.33438354E-02 -4.28456426E-02 -5.19041507E-02 -6.24587887E-02 
-7.42462537E-02 -8.93254082E-02 -1.07388766E-01 -1.29596242E-01 -1.72092265E-01 
-2.51318804E-01 -4.45094217E-01 -1.42382360E+00 -1.95266204E+00 -1.82112008E+00 
-1.35117369E+00 -2.61665913E-01  1.03791752E-02  8.97532236E-03  3.66405724E-03 
 1.30439299E-03  6.98371999E-04  4.05520144E-04  2.56043906E-04  1.72750335E-04 
 1.34934356E-04  1.04227448E-04  8.34766529E-05  6.91483183E-05  5.80040333E-05 
 3.89787854E-05  1.21939484E-05 -8.13941565E-06 -9.03218365E-05 -1.29250294E-05 
-1.32113274E-05 -2.14024481E-05  3.73237003E-05  3.26261370E-05 -5.03973633E-05 
 2.95415246E-05  4.41362554E-05  5.22100527E-05  4.14266952E-05  2.75059613E-05 
 2.67383776E-05  2.73626232E-05  3.19691559E-05  3.80360569E-05  4.10730295E-05 
 4.61488878E-05  4.80172907E-05  ) >                                            
RHWT         4  2 ( > 
 5.00000000E-01  5.00000000E-01  5.00000000E-01  5.00000000E-01  5.00000000E-01 
 5.00000000E-01  5.00000000E-01  5.00000000E-01  5.00000000E-01  5.00000000E-01 
 5.00000000E-01  5.00000000E-01  5.00000000E-01  5.00000000E-01  5.00000000E-01 
 5.00000000E-01  5.00000000E-01  5.00000000E-01  5.00000000E-01  5.00000000E-01 
 5.00000000E-01  5.00000000E-01  5.00000000E-01  5.00000000E-01  5.00000000E-01 
 5.00000000E-01  5.00000000E-01  5.00000000E-01  5.00000000E-01  5.00000000E-01 
 5.00000000E-01  5.00000000E-01  8.00000000E-01  1.00000000E+00  1.00000000E+00 
 1.00000000E+00  1.00000000E+00  7.00000000E-01  8.00000000E-01  8.00000000E-01 
 6.00000000E-01  8.00000000E-01  5.00000000E-01  5.00000000E-01  1.00000000E+00 
 5.00000000E-01  6.00000000E-01  5.00000000E-01  1.00000000E+00  1.00000000E+00 
 1.00000000E+00  1.00000000E+00  1.00000000E+00  1.00000000E+00  1.00000000E+00 
 1.00000000E+00  1.00000000E+00  1.00000000E+00  1.00000000E+00  1.00000000E+00 
 1.00000000E+00  1.00000000E+00  1.00000000E+00  1.00000000E+00  1.00000000E+00 
 1.00000000E+00  1.00000000E+00  1.00000000E+00  9.00000000E-01  1.00000000E+00 
 1.00000000E+00  1.00000000E+00  ) >                                            
JBAR         4  2 ( > 
 4.17569867E-06  4.36499062E-06  4.52619286E-06  4.68807286E-06  4.85235792E-06 
 5.03845108E-06  5.22887117E-06  5.43445231E-06  5.63619742E-06  5.84598586E-06 
 5.98913316E-06  6.12432670E-06  6.25730399E-06  6.37157456E-06  6.45817718E-06 
 6.51034400E-06  6.52756901E-06  6.46343131E-06  6.35147497E-06  6.14154060E-06 
 5.90140396E-06  5.65042935E-06  5.41656218E-06  5.21636124E-06  5.03772568E-06 
 4.84060213E-06  4.62389339E-06  4.39314000E-06  4.15068172E-06  3.81154685E-06 
 3.22552820E-06  2.35581575E-06  8.20681905E-07  2.56566811E-07  1.56876455E-07 
 1.61071198E-07  1.80812762E-07  2.93079123E-07  6.93473363E-07  1.91612104E-06 
 4.68391227E-06  7.30560090E-06  1.00468952E-05  1.25148760E-05  1.45012106E-05 
 1.56539730E-05  1.66897232E-05  1.75039902E-05  1.81113214E-05  1.87512053E-05 
 1.97071186E-05  2.09065422E-05  2.25147501E-05  2.49592908E-05  2.69939804E-05 
 2.89871241E-05  3.16031046E-05  3.44464239E-05  4.21939662E-05  4.57802184E-05 
 5.10050105E-05  5.57773934E-05  6.22374329E-05  6.77480143E-05  7.39487996E-05 
 8.07422683E-05  8.79162356E-05  9.57383147E-05  1.02785678E-04  1.09740760E-04 
 1.16331776E-04  1.23015362E-04  ) >                                            
CHI          4  2 ( > 
 4.17569866E-06  4.36499059E-06  4.52619281E-06  4.68807282E-06  4.85235783E-06 
 5.03845089E-06  5.22887074E-06  5.43445174E-06  5.63619632E-06  5.84598399E-06 
 5.98912964E-06  6.12432258E-06  6.25729741E-06  6.37156458E-06  6.45816141E-06 
 6.51032875E-06  6.52754535E-06  6.46340073E-06  6.35143578E-06  6.14150780E-06 
 5.90137244E-06  5.65039983E-06  5.41653455E-06  5.21634199E-06  5.03770542E-06 
 4.84057820E-06  4.62386245E-06  4.39311817E-06  4.15064801E-06  3.81149688E-06 
 3.22545188E-06  2.35574214E-06  8.20623843E-07  2.56474059E-07  1.56384509E-07 
 1.56751995E-07  1.39732531E-07  1.05074742E-07  7.53605479E-08  5.11048498E-08 
 4.70335162E-08  4.51771466E-08  3.56688408E-08  2.68062935E-08  2.15247355E-08 
 2.03828228E-08  2.20671238E-08  2.92121483E-08  3.53805676E-08  3.41399062E-08 
 3.17205146E-08  3.38140707E-08  3.55509002E-08  6.28812512E-08  9.23944898E-08 
 9.62135410E-08  1.08718561E-07  8.84838980E-08  8.80615707E-08  1.34027654E-07 
 1.57144918E-07  1.45223395E-07  1.20755277E-07  1.00421183E-07  7.31977720E-08 
 5.84880159E-08  4.87526255E-08  4.60857201E-08  4.56596801E-08  4.59967051E-08 
 4.75583314E-08 -5.90714803E-09  ) >                                            
AW           4  2 ( > 
-9.99999998E-01 -9.99999995E-01 -9.99999990E-01 -9.99999990E-01 -9.99999982E-01 
-9.99999964E-01 -9.99999919E-01 -9.99999899E-01 -9.99999809E-01 -9.99999688E-01 
-9.99999425E-01 -9.99999342E-01 -9.99998970E-01 -9.99998462E-01 -9.99997599E-01 
-9.99997689E-01 -9.99996409E-01 -9.99995288E-01 -9.99993808E-01 -9.99994591E-01 
-9.99994539E-01 -9.99994607E-01 -9.99994683E-01 -9.99996121E-01 -9.99995731E-01 
-9.99994695E-01 -9.99992717E-01 -9.99994504E-01 -9.99990835E-01 -9.99984647E-01 
-9.99970423E-01 -9.99954889E-01 -9.99828527E-01 -9.98932537E-01 -9.91153304E-01 
-9.36952133E-01 -7.13352404E-01 -3.65185122E-01 -1.16674727E-01 -3.02375094E-02 
-1.13325008E-02 -6.87763842E-03 -3.95387573E-03 -2.39720318E-03 -1.65686247E-03 
-1.43695181E-03 -1.42631726E-03 -1.75222422E-03 -2.02251766E-03 -1.87857639E-03 
-1.64851282E-03 -1.62956606E-03 -1.57087831E-03 -2.42925820E-03 -3.40990046E-03 
-3.30601454E-03 -3.41879399E-03 -2.60596757E-03 -2.11962353E-03 -2.87738267E-03 
-3.11042072E-03 -2.64764597E-03 -1.99234426E-03 -1.52364022E-03 -1.01732269E-03 
-7.51098162E-04 -5.81882401E-04 -5.13325518E-04 -4.82241366E-04 -4.60195476E-04 
-4.54946365E-04  6.30799271E-19  ) >                                            
RHO          5  1 ( > 
 8.99584107E-04  9.14646055E-04  9.23840241E-04  9.33551736E-04  9.41628523E-04 
 9.59088411E-04  9.81900463E-04  9.13978371E-04  9.77872261E-04  1.04612785E-03 
 1.14844377E-03  1.23508478E-03  1.37952437E-03  1.55396011E-03  1.78311961E-03 
 2.07596719E-03  2.49862016E-03  3.15533245E-03  3.91752228E-03  4.95534899E-03 
 6.08134108E-03  7.26364299E-03  8.39578283E-03  9.41508084E-03  1.05306977E-02 
 1.17599130E-02  1.33176146E-02  1.51185277E-02  1.72979392E-02  2.12115949E-02 
 2.84667087E-02  4.51732138E-02  1.21031972E-01  1.79320585E-01  1.96599892E-01 
 1.55052191E-01  2.93602598E-02  2.22990467E-03  1.91953947E-04  5.46027690E-05 
 3.64798260E-05  2.20268713E-05  1.24706396E-05  5.18064592E-06  2.39137549E-07 
-2.96833653E-06 -5.86110166E-06 -7.28633597E-06 -8.50883157E-06 -9.04138654E-06 
-1.06029539E-05 -1.34517179E-05 -1.53300136E-05 -2.57490823E-05 -1.56170651E-05 
-1.42851572E-05 -1.33638202E-05 -6.60448828E-06 -2.67163023E-06 -9.96890523E-06 
-2.60591192E-08  3.21122800E-06  5.29316160E-06  4.41589949E-06  2.49639699E-06 
 2.19720208E-06  1.96097796E-06  2.14051103E-06  2.61269234E-06  2.64129043E-06 
 3.15312565E-06  3.31041511E-06  ) >                                            
RHWT         5  1 ( > 
 5.00000000E-01  5.00000000E-01  5.00000000E-01  5.00000000E-01  5.00000000E-01 
 5.00000000E-01  5.00000000E-01  5.00000000E-01  5.00000000E-01  5.00000000E-01 
 5.00000000E-01  5.00000000E-01  5.00000000E-01  5.00000000E-01  5.00000000E-01 
 5.00000000E-01  5.00000000E-01  5.00000000E-01  5.00000000E-01  5.00000000E-01 
 5.00000000E-01  5.00000000E-01  5.00000000E-01  5.00000000E-01  5.00000000E-01 
 5.00000000E-01  5.00000000E-01  5.00000000E-01  5.00000000E-01  5.00000000E-01 
 5.00000000E-01  6.00000000E-01  1.00000000E+00  1.00000000E+00  1.00000000E+00 
 1.00000000E+00  5.00000000E-01  1.00000000E+00  1.00000000E+00  1.00000000E+00 
 1.00000000E+00  5.00000000E-01  5.00000000E-01  5.00000000E-01  5.00000000E-01 
 1.00000000E+00  5.00000000E-01  5.00000000E-01  5.00000000E-01  7.00000000E-01 
 1.00000000E+00  1.00000000E+00  1.00000000E+00  1.00000000E+00  1.00000000E+00 
 1.00000000E+00  1.00000000E+00  1.00000000E+00  1.00000000E+00  1.00000000E+00 
 1.00000000E+00  1.00000000E+00  1.00000000E+00  1.00000000E+00  1.00000000E+00 
 1.00000000E+00  1.00000000E+00  1.00000000E+00  9.00000000E-01  1.00000000E+00 
 1.00000000E+00  1.00000000E+00  ) >                                            
JBAR         5  1 ( > 
 3.34262321E-07  3.48346756E-07  3.60221459E-07  3.71978397E-07  3.83826723E-07 
 3.97216203E-07  4.10815049E-07  4.25119031E-07  4.38834811E-07  4.52919167E-07 
 4.62670575E-07  4.72164071E-07  4.80610195E-07  4.85854726E-07  4.88460363E-07 
 4.87216379E-07  4.82328791E-07  4.68715677E-07  4.51042775E-07  4.26897500E-07 
 4.03100297E-07  3.79038796E-07  3.59411134E-07  3.42884644E-07  3.28227529E-07 
 3.12571596E-07  2.96405411E-07  2.79732249E-07  2.62058738E-07  2.38010635E-07 
 1.96700024E-07  1.40194907E-07  5.80402297E-08  3.73765142E-08  3.58027687E-08 
 4.89025165E-08  1.08264055E-07  1.72796801E-07  2.91209606E-07  5.87305346E-07 
 1.06660787E-06  1.34983000E-06  1.56354633E-06  1.72046335E-06  1.88612420E-06 
 2.02722221E-06  2.21699008E-06  2.42153169E-06  2.58818866E-06  2.78733726E-06 
 3.09293258E-06  3.49793494E-06  4.11171737E-06  5.08997286E-06  6.11476573E-06 
 7.12844885E-06  8.56559991E-06  1.02925783E-05  1.56962833E-05  1.85527287E-05 
 2.31669612E-05  2.77894351E-05  3.46663673E-05  4.10802829E-05  4.88844934E-05 
 5.81276015E-05  6.86444121E-05  8.09617831E-05  9.27880982E-05  1.05108735E-04 
 1.17357811E-04  1.30326064E-04  ) >                                            
CHI          5  1 ( > 
 3.34262320E-07  3.48346754E-07  3.60221454E-07  3.71978392E-07  3.83826713E-07 
 3.97216180E-07  4.10814985E-07  4.25118945E-07  4.38834618E-07  4.52918789E-07 
 4.62669771E-07  4.72163165E-07  4.80608652E-07  4.85852236E-07  4.88456193E-07 
 4.87212560E-07  4.82322626E-07  4.68707343E-07  4.51031518E-07  4.26887292E-07 
 4.03087701E-07  3.79022997E-07  3.59392176E-07  3.42868517E-07  3.28207039E-07 
 3.12542324E-07  2.96360493E-07  2.79696444E-07  2.61986007E-07  2.37853799E-07 
 1.96263978E-07  1.39627086E-07  5.72209877E-08  3.54645343E-08  2.71669688E-08 
 1.49680617E-08  5.34421738E-09  1.55785721E-09  5.22667828E-10  2.48815143E-10 
 1.91176059E-10  1.71792144E-10  1.40367502E-10  1.15715539E-10  1.06877038E-10 
 1.09034865E-10  1.25978182E-10  1.66660267E-10  2.04857098E-10  2.13883967E-10 
 2.25754684E-10  2.70879095E-10  3.29400748E-10  6.29295333E-10  9.29130529E-10 
 1.09278228E-09  1.39439736E-09  1.33628540E-09  1.87646789E-09  3.13868602E-09 
 4.15864140E-09  4.48001554E-09  4.60575422E-09  4.46537188E-09  3.82499090E-09 
 3.54135555E-09  3.41230278E-09  3.76168985E-09  4.24653812E-09  4.84562606E-09 
 5.59068164E-09 -4.31434798E-10  ) >                                            
AW           5  1 ( > 
-9.99999997E-01 -9.99999994E-01 -9.99999988E-01 -9.99999987E-01 -9.99999974E-01 
-9.99999941E-01 -9.99999846E-01 -9.99999800E-01 -9.99999560E-01 -9.99999168E-01 
-9.99998265E-01 -9.99998084E-01 -9.99996798E-01 -9.99994886E-01 -9.99991485E-01 
-9.99992184E-01 -9.99987258E-01 -9.99982288E-01 -9.99975157E-01 -9.99976220E-01 
-9.99968962E-01 -9.99958648E-01 -9.99947726E-01 -9.99953437E-01 -9.99938266E-01 
-9.99907503E-01 -9.99850558E-01 -9.99874008E-01 -9.99727408E-01 -9.99355365E-01 
-9.97847291E-01 -9.96133958E-01 -9.87593748E-01 -9.58018489E-01 -8.06216032E-01 
-4.13690337E-01 -7.72816765E-02 -1.12245570E-02 -1.98642600E-03 -4.78235141E-04 
-2.15698907E-04 -1.49172038E-04 -1.01974366E-04 -7.21226459E-05 -5.68422377E-05 
-5.08198437E-05 -5.09831402E-05 -6.15511780E-05 -7.06467824E-05 -6.76944000E-05 
-6.23882692E-05 -6.39890417E-05 -6.47839067E-05 -9.78884211E-05 -1.36333979E-04 
-1.39015781E-04 -1.49428746E-04 -1.23226365E-04 -1.16877238E-04 -1.59209298E-04 
-1.79481364E-04 -1.64423615E-04 -1.38151901E-04 -1.13114084E-04 -8.07416867E-05 
-6.31208885E-05 -5.16707211E-05 -4.86029486E-05 -4.83785515E-05 -4.87422472E-05 
-5.07908924E-05  8.07892720E-19  ) >                                            
RHO          5  2 ( > 
-1.17008015E-01 -1.16957103E-01 -1.16706832E-01 -1.16477985E-01 -1.16379812E-01 
-1.16576255E-01 -1.16818219E-01 -1.14991496E-01 -1.14775532E-01 -1.13771804E-01 
-1.15671067E-01 -1.17419610E-01 -1.18414820E-01 -1.17898626E-01 -1.18131332E-01 
-1.18695813E-01 -1.20966721E-01 -1.24811022E-01 -1.31992054E-01 -1.45866456E-01 
-1.62139800E-01 -1.81228997E-01 -2.00921493E-01 -2.18260568E-01 -2.36400953E-01 
-2.56676638E-01 -2.83025027E-01 -3.12766892E-01 -3.49165414E-01 -4.13930621E-01 
-5.47342092E-01 -8.70224916E-01 -2.69034079E+00 -4.65698356E+00 -4.63663889E+00 
-3.35516935E+00 -9.07139708E-01 -1.36864360E-01  3.41388191E-02  2.40596563E-02 
 8.53246787E-03  3.67226711E-03  1.53121345E-03  6.54507109E-04  3.16946642E-04 
 2.13617876E-04  1.59780745E-04  1.36966739E-04  1.13491052E-04  1.03426003E-04 
 6.83730266E-05  4.11865650E-06 -3.02205952E-05 -3.27555104E-04 -1.43982128E-05 
-5.20278810E-05 -1.15193246E-04  9.25498948E-05  8.51520396E-05 -2.21249709E-04 
 8.23676314E-05  1.38697455E-04  1.80371766E-04  1.47732917E-04  9.86761657E-05 
 9.64817577E-05  9.82779036E-05  1.13221730E-04  1.31872855E-04  1.38114021E-04 
 1.49663402E-04  1.47542819E-04  ) >                                            
RHWT         5  2 ( > 
 7.00000000E-01  7.00000000E-01  7.00000000E-01  7.00000000E-01  7.00000000E-01 
 7.00000000E-01  7.00000000E-01  1.00000000E+00  1.00000000E+00  7.00000000E-01 
 8.00000000E-01  8.00000000E-01  8.00000000E-01  8.00000000E-01  8.00000000E-01 
 8.00000000E-01  8.00000000E-01  8.00000000E-01  8.00000000E-01  8.00000000E-01 
 8.00000000E-01  9.00000000E-01  9.00000000E-01  1.00000000E+00  1.00000000E+00 
 1.00000000E+00  1.00000000E+00  1.00000000E+00  1.00000000E+00  1.00000000E+00 
 9.00000000E-01  1.00000000E+00  1.00000000E+00  8.00000000E-01  5.00000000E-01 
 6.00000000E-01  6.00000000E-01  5.00000000E-01  1.00000000E+00  1.00000000E+00 
 5.00000000E-01  1.00000000E+00  5.00000000E-01  5.00000000E-01  5.00000000E-01 
 5.00000000E-01  5.00000000E-01  5.00000000E-01  5.00000000E-01  7.00000000E-01 
 1.00000000E+00  1.00000000E+00  1.00000000E+00  1.00000000E+00  8.00000000E-01 
 1.00000000E+00  1.00000000E+00  1.00000000E+00  1.00000000E+00  1.00000000E+00 
 1.00000000E+00  1.00000000E+00  1.00000000E+00  1.00000000E+00  1.00000000E+00 
 1.00000000E+00  1.00000000E+00  9.00000000E-01  1.00000000E+00  1.00000000E+00 
 1.00000000E+00  1.00000000E+00  ) >                                            
JBAR         5  2 ( > 
 4.33656358E-06  4.53946425E-06  4.71197627E-06  4.88582949E-06  5.06400240E-06 
 5.26751259E-06  5.47605395E-06  5.69969471E-06  5.92031468E-06  6.14871792E-06 
 6.31214574E-06  6.47096969E-06  6.62513942E-06  6.76233827E-06  6.87779574E-06 
 6.96733627E-06  7.03219245E-06  7.04129618E-06  7.00423627E-06  6.89152611E-06 
 6.72990776E-06  6.55261232E-06  6.37749864E-06  6.21664614E-06  6.06838065E-06 
 5.89815298E-06  5.71178159E-06  5.50547332E-06  5.28233752E-06  4.95792330E-06 
 4.40852373E-06  3.54063055E-06  1.74262187E-06  7.59993342E-07  5.08858888E-07 
 5.28730750E-07  5.45016452E-07  6.61526489E-07  1.20187972E-06  2.97729531E-06 
 6.46644732E-06  9.09522024E-06  1.12483164E-05  1.29176382E-05  1.43878928E-05 
 1.53875585E-05  1.63757918E-05  1.71962871E-05  1.78040468E-05  1.84527740E-05 
 1.94061883E-05  2.05941105E-05  2.22151676E-05  2.46405091E-05  2.67682773E-05 
 2.87994786E-05  3.14599758E-05  3.43581685E-05  4.22299977E-05  4.58810713E-05 
 5.11993657E-05  5.60639863E-05  6.26563013E-05  6.82885373E-05  7.46336385E-05 
 8.15899348E-05  8.89424529E-05  9.69653900E-05  1.04198833E-04  1.11343022E-04 
 1.18116695E-04  1.24990226E-04  ) >                                            
CHI          5  2 ( > 
 4.33656357E-06  4.53946423E-06  4.71197623E-06  4.88582945E-06  5.06400232E-06 
 5.26751242E-06  5.47605355E-06  5.69969420E-06  5.92031367E-06  6.14871620E-06 
 6.31214250E-06  6.47096590E-06  6.62513334E-06  6.76232901E-06  6.87778105E-06 
 6.96732192E-06  7.03217000E-06  7.04126679E-06  7.00419811E-06  6.89149370E-06 
 6.72987633E-06  6.55258272E-06  6.37747085E-06  6.21662673E-06  6.06836022E-06 
 5.89812886E-06  5.71175043E-06  5.50545126E-06  5.28230378E-06  4.95787436E-06 
 4.40845444E-06  3.54057342E-06  1.74258826E-06  7.59948800E-07  5.08658464E-07 
 5.26990888E-07  5.17760275E-07  4.72463866E-07  3.90674668E-07  2.92000610E-07 
 2.52400482E-07  2.27529913E-07  1.63788409E-07  1.11354463E-07  8.09088546E-08 
 7.13636233E-08  7.31448909E-08  9.71831614E-08  1.18606265E-07  1.11438624E-07 
 9.90282996E-08  1.03864928E-07  1.07869762E-07  2.08951476E-07  3.21550113E-07 
 3.36433068E-07  3.85552287E-07  3.12572215E-07  3.09480991E-07  4.86945393E-07 
 5.78753555E-07  5.37104181E-07  4.45991603E-07  3.72007793E-07  2.71396662E-07 
 2.15927298E-07  1.77984816E-07  1.64954416E-07  1.59428799E-07  1.55504793E-07 
 1.54808454E-07 -1.84441316E-08  ) >                                            
AW           5  2 ( > 
-9.99999998E-01 -9.99999995E-01 -9.99999990E-01 -9.99999990E-01 -9.99999982E-01 
-9.99999964E-01 -9.99999919E-01 -9.99999899E-01 -9.99999810E-01 -9.99999689E-01 
-9.99999427E-01 -9.99999345E-01 -9.99998974E-01 -9.99998469E-01 -9.99997611E-01 
-9.99997698E-01 -9.99996423E-01 -9.99995307E-01 -9.99993834E-01 -9.99994611E-01 
-9.99994573E-01 -9.99994664E-01 -9.99994767E-01 -9.99996196E-01 -9.99995837E-01 
-9.99994862E-01 -9.99993001E-01 -9.99994741E-01 -9.99991383E-01 -9.99986042E-01 
-9.99975673E-01 -9.99969821E-01 -9.99928809E-01 -9.99668579E-01 -9.97784793E-01 
-9.85717231E-01 -9.04914462E-01 -6.75487050E-01 -3.48110573E-01 -1.19765208E-01 
-4.72576855E-02 -2.85991266E-02 -1.60503538E-02 -9.23876242E-03 -5.93529547E-03 
-4.85600619E-03 -4.62831360E-03 -5.78847191E-03 -6.77463975E-03 -6.14192949E-03 
-5.17093834E-03 -5.04752659E-03 -4.82560688E-03 -8.15518561E-03 -1.19981432E-02 
-1.16304951E-02 -1.21415453E-02 -9.18917234E-03 -7.41299136E-03 -1.03943073E-02 
-1.13853570E-02 -9.71756834E-03 -7.29715252E-03 -5.59451578E-03 -3.73470259E-03 
-2.74272073E-03 -2.09920455E-03 -1.81419710E-03 -1.66171509E-03 -1.53454923E-03 
-1.46010715E-03 -1.37438283E-17  ) >                                            
RHO          5  3 ( > 
 5.44961140E-03  4.86732169E-03  4.49811553E-03  4.41668656E-03  4.77533646E-03 
 4.76740067E-03  4.47127954E-03  6.24572844E-03  5.27164034E-03  3.94540262E-03 
 9.72770543E-04  2.81494565E-03  9.83301031E-04 -8.89064692E-04 -2.86141383E-03 
-6.47876304E-03 -1.16037559E-02 -1.86688394E-02 -2.68207746E-02 -3.69140118E-02 
-4.83229810E-02 -6.00630252E-02 -7.15170031E-02 -8.18957255E-02 -9.32591538E-02 
-1.05856517E-01 -1.21737315E-01 -1.40284831E-01 -1.62745158E-01 -2.04236522E-01 
-2.80588204E-01 -4.53568854E-01 -1.18183765E+00 -1.54228383E+00 -1.41552076E+00 
-8.56564574E-01  1.82956926E-03  4.87347634E-02  1.04487275E-02  3.33112013E-03 
 1.13034136E-03  5.35546190E-04  2.88438095E-04  1.84551518E-04  1.32039902E-04 
 1.03572147E-04  7.80339731E-05  6.20391681E-05  5.02209487E-05  4.19742164E-05 
 2.66277606E-05  4.70081394E-06 -1.03899901E-05 -7.63019511E-05 -1.31505194E-05 
-1.20792031E-05 -1.53404016E-05  2.82251796E-05  2.44149655E-05 -3.25239073E-05 
 2.21228474E-05  3.18573023E-05  3.61775518E-05  2.81658939E-05  1.85286010E-05 
 1.77919979E-05  1.80548904E-05  2.09755548E-05  2.49183657E-05  2.69468462E-05 
 3.04042435E-05  3.18082299E-05  ) >                                            
RHWT         5  3 ( > 
 5.00000000E-01  5.00000000E-01  5.00000000E-01  5.00000000E-01  5.00000000E-01 
 5.00000000E-01  5.00000000E-01  9.00000000E-01  9.00000000E-01  5.00000000E-01 
 5.00000000E-01  5.00000000E-01  5.00000000E-01  5.00000000E-01  6.00000000E-01 
 8.00000000E-01  5.00000000E-01  5.00000000E-01  5.00000000E-01  5.00000000E-01 
 5.00000000E-01  5.00000000E-01  5.00000000E-01  5.00000000E-01  5.00000000E-01 
 5.00000000E-01  8.00000000E-01  8.00000000E-01  8.00000000E-01  8.00000000E-01 
 8.00000000E-01  1.00000000E+00  1.00000000E+00  1.00000000E+00  1.00000000E+00 
 5.00000000E-01  1.00000000E+00  6.00000000E-01  1.00000000E+00  1.00000000E+00 
 5.00000000E-01  7.00000000E-01  5.00000000E-01  5.00000000E-01  5.00000000E-01 
 5.00000000E-01  5.00000000E-01  5.00000000E-01  5.00000000E-01  5.00000000E-01 
 8.00000000E-01  1.00000000E+00  1.00000000E+00  1.00000000E+00  1.00000000E+00 
 8.00000000E-01  8.00000000E-01  9.00000000E-01  1.00000000E+00  1.00000000E+00 
 1.00000000E+00  1.00000000E+00  1.00000000E+00  1.00000000E+00  1.00000000E+00 
 1.00000000E+00  1.00000000E+00  9.00000000E-01  1.00000000E+00  1.00000000E+00 
 1.00000000E+00  1.00000000E+00  ) >                                            
JBAR         5  3 ( > 
 4.02488563E-06  4.20608180E-06  4.36026314E-06  4.51503207E-06  4.67215969E-06 
 4.85017551E-06  5.03203517E-06  5.22832408E-06  5.42110025E-06  5.62160698E-06 
 5.75857040E-06  5.88799606E-06  6.01384732E-06  6.11932456E-06  6.19746544E-06 
 6.24014985E-06  6.24733513E-06  6.16925274E-06  6.04520683E-06  5.82778717E-06 
 5.58590551E-06  5.33949941E-06  5.11457988E-06  4.92445430E-06  4.75510593E-06 
 4.57058441E-06  4.36906139E-06  4.15596951E-06  3.93296719E-06  3.62219992E-06 
 3.08158826E-06  2.28461566E-06  8.65393949E-07  3.16430385E-07  2.13116024E-07 
 2.22568487E-07  2.80152492E-07  5.45569425E-07  1.23531639E-06  3.07792359E-06 
 6.66721551E-06  9.41808381E-06  1.17362323E-05  1.35030334E-05  1.47807365E-05 
 1.55786204E-05  1.64746515E-05  1.72718411E-05  1.78738415E-05  1.85197995E-05 
 1.94705317E-05  2.06553829E-05  2.22730382E-05  2.46885074E-05  2.68172460E-05 
 2.88418118E-05  3.14920091E-05  3.43852736E-05  4.22255885E-05  4.58489345E-05 
 5.11528157E-05  5.59948648E-05  6.25535240E-05  6.81517986E-05  7.44557325E-05 
 8.13678592E-05  8.86720858E-05  9.66414277E-05  1.03825584E-04  1.10918889E-04 
 1.17643790E-04  1.24465522E-04  ) >                                            
CHI          5  3 ( > 
 4.02488562E-06  4.20608178E-06  4.36026309E-06  4.51503203E-06  4.67215961E-06 
 4.85017534E-06  5.03203476E-06  5.22832355E-06  5.42109920E-06  5.62160520E-06 
 5.75856706E-06  5.88799216E-06  6.01384108E-06  6.11931510E-06  6.19745052E-06 
 6.24013545E-06  6.24731283E-06  6.16922402E-06  6.04517011E-06  5.82775655E-06 
 5.58587610E-06  5.33947182E-06  5.11455394E-06  4.92443615E-06  4.75508672E-06 
 4.57056152E-06  4.36903150E-06  4.15594825E-06  3.93293356E-06  3.62214781E-06 
 3.08149904E-06  2.28451287E-06  8.65281058E-07  3.16212171E-07  2.11842603E-07 
 2.10324460E-07  1.71121204E-07  1.23420432E-07  7.85573030E-08  4.69343521E-08 
 3.89289996E-08  3.51421987E-08  2.59638511E-08  1.86201877E-08  1.47434165E-08 
 1.40474860E-08  1.53970269E-08  2.02707088E-08  2.44606558E-08  2.38343439E-08 
 2.24943622E-08  2.41136397E-08  2.54375356E-08  4.37155678E-08  6.29412637E-08 
 6.55813750E-08  7.37310770E-08  6.00928364E-08  6.00309474E-08  8.99702964E-08 
 1.04570943E-07  9.63013933E-08  7.99661413E-08  6.62284178E-08  4.80720083E-08 
 3.83054232E-08  3.19038394E-08  3.02011657E-08  3.00149937E-08  3.03647630E-08 
 3.15793258E-08 -3.95915388E-09  ) >                                            
AW           5  3 ( > 
-9.99999998E-01 -9.99999995E-01 -9.99999990E-01 -9.99999990E-01 -9.99999982E-01 
-9.99999964E-01 -9.99999918E-01 -9.99999899E-01 -9.99999809E-01 -9.99999687E-01 
-9.99999422E-01 -9.99999339E-01 -9.99998965E-01 -9.99998454E-01 -9.99997585E-01 
-9.99997678E-01 -9.99996391E-01 -9.99995263E-01 -9.99993771E-01 -9.99994557E-01 
-9.99994485E-01 -9.99994525E-01 -9.99994569E-01 -9.99996016E-01 -9.99995585E-01 
-9.99994464E-01 -9.99992329E-01 -9.99994167E-01 -9.99990061E-01 -9.99982676E-01 
-9.99962924E-01 -9.99934595E-01 -9.99715378E-01 -9.98246813E-01 -9.85564185E-01 
-8.97833692E-01 -6.11536966E-01 -2.63920289E-01 -7.33677765E-02 -1.85210560E-02 
-6.95919103E-03 -4.26714632E-03 -2.50654984E-03 -1.57083125E-03 -1.13142538E-03 
-1.00486621E-03 -1.01217161E-03 -1.23531651E-03 -1.41842628E-03 -1.32868845E-03 
-1.18182424E-03 -1.17211280E-03 -1.13169937E-03 -1.69451808E-03 -2.33392355E-03 
-2.26177412E-03 -2.32595609E-03 -1.77580859E-03 -1.44605249E-03 -1.92986025E-03 
-2.06636279E-03 -1.75162796E-03 -1.31449480E-03 -9.99916512E-04 -6.64162133E-04 
-4.88552099E-04 -3.77844143E-04 -3.33476448E-04 -3.14001697E-04 -3.00695935E-04 
-2.98827810E-04  3.48052311E-18  ) >                                            
NK                ( > 
 8.03529023E-04  1.38117441E-03  2.21608541E-03  3.58515860E-03  5.91751649E-03 
 1.06793766E-02  2.00840564E-02  4.02704055E-02  7.92095927E-02  1.55054806E-01 
 2.64738557E-01  4.57577273E-01  7.76973377E-01  1.25132196E+00  1.90760013E+00 
 2.80371725E+00  4.06424516E+00  6.08352255E+00  8.29278168E+00  1.11631354E+01 
 1.41107916E+01  1.68972030E+01  1.94264136E+01  2.17583118E+01  2.46050900E+01 
 2.76488525E+01  3.16985980E+01  3.62778200E+01  4.18818994E+01  5.50074150E+01 
 7.56290671E+01  1.11778004E+02  1.90784036E+02  3.49659487E+02  9.56197263E+02 
 2.88805743E+03  1.47658929E+04  7.41946913E+04  2.88361493E+05  5.89769637E+05 
 4.50602678E+05  2.78851641E+05  2.38465357E+05  2.55971098E+05  3.04393568E+05 
 3.49607761E+05  4.18850357E+05  4.91558403E+05  5.39501456E+05  6.01102818E+05 
 7.19043328E+05  8.83306960E+05  1.13777207E+06  1.61597388E+06  2.14349859E+06 
 2.66659783E+06  3.46153960E+06  4.42876915E+06  7.70554707E+06  9.69507745E+06 
 1.27262631E+07  1.60047435E+07  2.13033862E+07  2.67957925E+07  3.42257517E+07 
 4.39847957E+07  5.62946824E+07  7.21555786E+07  8.86510128E+07  1.07032973E+08 
 1.26012240E+08  1.46517969E+08  ) >                                            
ND           1    ( > 
 2.40847312E-08  6.04153146E-08  1.30716950E-07  2.80749694E-07  6.06622073E-07 
 1.44638581E-06  3.49432522E-06  8.82875587E-06  2.06871203E-05  4.74904573E-05 
 8.93062941E-05  1.65904460E-04  2.93266140E-04  4.80144431E-04  7.32831694E-04 
 1.07007600E-03  1.55596461E-03  2.34852708E-03  3.25830463E-03  4.58767993E-03 
 7.76012060E-03  1.38929263E-02  2.07821365E-02  2.89350868E-02  4.04296340E-02 
 5.36440770E-02  7.33673732E-02  9.72342790E-02  1.30095439E-01  2.40531218E-01 
 4.69010331E-01  1.03467511E+00  1.91760148E+00  3.58228461E+00  1.08753785E+01 
 1.04997116E+02  1.77677400E+03  1.87979923E+04  1.56646673E+05  1.18212912E+06 
 5.88952107E+06  1.44997068E+07  3.23760431E+07  6.78098679E+07  1.36615213E+08 
 2.21718004E+08  3.33945957E+08  4.23984810E+08  4.84573593E+08  5.37374296E+08 
 6.04445516E+08  6.69064426E+08  7.18065187E+08  7.58166440E+08  7.48718556E+08 
 7.41075609E+08  7.27881115E+08  7.08765798E+08  6.61813610E+08  6.41752469E+08 
 6.07790598E+08  5.78915300E+08  5.42933185E+08  5.15527639E+08  4.88382039E+08 
 4.61232080E+08  4.34686622E+08  4.06594041E+08  3.81364364E+08  3.56912975E+08 
 3.32816410E+08  3.08070744E+08  ) >                                            
ND           2    ( > 
 4.21144134E-10  1.05176203E-09  2.26683848E-09  4.84841384E-09  1.04312792E-08 
 2.47536527E-08  5.95121348E-08  1.49482979E-07  3.47917680E-07  7.92822763E-07 
 1.48532348E-06  2.75248590E-06  4.84065646E-06  7.84493618E-06  1.18382229E-05 
 1.70330191E-05  2.43378712E-05  3.57846995E-05  4.83348707E-05  6.62884192E-05 
 1.09983497E-04  1.93334027E-04  2.86488099E-04  3.96074384E-04  5.51022485E-04 
 7.28460538E-04  9.96956188E-04  1.32498000E-03  1.78146504E-03  3.34983078E-03 
 6.67860098E-03  1.60335930E-02  5.33471915E-02  2.41295553E-01  1.06485423E+00 
 9.89627917E+00  1.36903144E+02  1.10683586E+03  7.27001761E+03  4.52403367E+04 
 1.92448203E+05  4.29891402E+05  9.03209925E+05  1.81841879E+06  3.62140071E+06 
 5.92460821E+06  9.18930637E+06  1.21516923E+07  1.43506251E+07  1.65521278E+07 
 1.96721131E+07  2.32472725E+07  2.72521273E+07  3.22346240E+07  3.52983581E+07 
 3.79671115E+07  4.11749509E+07  4.42817268E+07  5.18531799E+07  5.49835057E+07 
 5.86605242E+07  6.15867029E+07  6.50054221E+07  6.75802264E+07  7.02453214E+07 
 7.27519400E+07  7.49064808E+07  7.64830685E+07  7.71134543E+07  7.70904402E+07 
 7.61947671E+07  7.45356867E+07  ) >                                            
ND           3    ( > 
 5.95727567E-10  1.49081808E-09  3.21871715E-09  6.89646015E-09  1.48643512E-08 
 3.53465574E-08  8.51645684E-08  2.14429240E-07  5.00518326E-07  1.14449778E-06 
 2.14793119E-06  3.98659742E-06  7.03308073E-06  1.14625386E-05  1.74111564E-05 
 2.52692150E-05  3.64965956E-05  5.46001362E-05  7.49952681E-05  1.04784540E-04 
 1.76623139E-04  3.14775925E-04  4.71314349E-04  6.56825615E-04  9.20119306E-04 
 1.22464023E-03  1.68760641E-03  2.25903233E-03  3.05698195E-03  5.79351733E-03 
 1.17436104E-02  2.87472142E-02  9.47962135E-02  3.87684911E-01  1.62054308E+00 
 1.49198468E+01  2.07384878E+02  1.66771520E+03  1.07511607E+04  6.64775533E+04 
 2.82798143E+05  6.32008172E+05  1.32848114E+06  2.67510793E+06  5.32789336E+06 
 8.71675195E+06  1.35216604E+07  1.78839712E+07  2.11233353E+07  2.43682566E+07 
 2.89688393E+07  3.42437364E+07  4.01591328E+07  4.75257773E+07  5.20674008E+07 
 5.60251145E+07  6.07858486E+07  6.54014728E+07  7.66617563E+07  8.13222817E+07 
 8.68068987E+07  9.11767793E+07  9.62889111E+07  1.00143382E+08  1.04135802E+08 
 1.07896236E+08  1.11135496E+08  1.13519061E+08  1.14491673E+08  1.14491249E+08 
 1.13190478E+08  1.10753186E+08  ) >                                            
ND           4    ( > 
 1.45568307E-12  3.79999172E-12  8.49179144E-12  1.88106407E-11  4.18871507E-11 
 1.03208489E-10  2.57492102E-10  6.72059453E-10  1.62165257E-09  3.83034215E-09 
 7.34993403E-09  1.39232076E-08  2.49919162E-08  4.11698080E-08  6.28358087E-08 
 9.08858719E-08  1.29719265E-07  1.87714961E-07  2.47513863E-07  3.25512528E-07 
 5.14310071E-07  8.57712015E-07  1.20798755E-06  1.59529614E-06  2.12315659E-06 
 2.66869588E-06  3.44234967E-06  4.27816314E-06  5.33095932E-06  8.87896967E-06 
 1.40589713E-05  2.14078590E-05  1.48436891E-05  1.71697420E-05  4.85323496E-05 
 5.56622189E-04  1.61293136E-02  2.70257283E-01  4.19320597E+00  7.13074120E+01 
 7.34301672E+02  2.54459615E+03  7.31499983E+03  1.82624483E+04  4.19855593E+04 
 7.40085892E+04  1.22194308E+05  1.69258521E+05  2.06625662E+05  2.46492414E+05 
 3.07417640E+05  3.84655679E+05  4.84364051E+05  6.32632781E+05  7.46893709E+05 
 8.59990346E+05  1.01266864E+06  1.18189451E+06  1.67513616E+06  1.91656131E+06 
 2.26027555E+06  2.57651863E+06  3.00541333E+06  3.37344648E+06  3.79271625E+06 
 4.24678197E+06  4.71217521E+06  5.18144965E+06  5.55335131E+06  5.87015905E+06 
 6.09470148E+06  6.24711920E+06  ) >                                            
ND           5    ( > 
 2.48116716E-12  6.48845604E-12  1.45216283E-11  3.22167878E-11  7.18509060E-11 
 1.77354265E-10  4.43297672E-10  1.15947852E-09  2.80551556E-09  6.64977524E-09 
 1.27786688E-08  2.42347631E-08  4.36219213E-08  7.22309761E-08  1.10894939E-07 
 1.61622486E-07  2.32844673E-07  3.41957162E-07  4.57148869E-07  6.10216924E-07 
 9.76308824E-07  1.64636247E-06  2.33884688E-06  3.11079235E-06  4.16653489E-06 
 5.27256438E-06  6.85076058E-06  8.58677427E-06  1.07898692E-05  1.81971885E-05 
 2.95723178E-05  4.73843804E-05  3.95023686E-05  5.06783907E-05  1.50625104E-04 
 1.89222113E-03  6.16747360E-02  1.01542235E+00  1.40836519E+01  2.05216387E+02 
 1.84873048E+03  5.88738736E+03  1.55807924E+04  3.64360873E+04  8.03259260E+04 
 1.39119714E+05  2.27671846E+05  3.14684295E+05  3.83916915E+05  4.58276813E+05 
 5.71889432E+05  7.16081425E+05  9.03854406E+05  1.18193102E+06  1.40256514E+06 
 1.61829072E+06  1.90958042E+06  2.23377584E+06  3.17825769E+06  3.64115426E+06 
 4.30313318E+06  4.91305056E+06  5.74190896E+06  6.45448957E+06  7.26758840E+06 
 8.14987121E+06  9.05600283E+06  9.97206809E+06  1.07003873E+07  1.13229611E+07 
 1.17672165E+07  1.20723344E+07  ) >                                            
BD           1    ( > 
 1.99470556E+14  1.39777454E+14  9.63649432E+13  6.41597270E+13  4.05675463E+13 
 2.25298940E+13  1.14049140E+13  5.18996523E+12  2.25239790E+12  9.72706846E+11 
 4.78120077E+11  2.24643628E+11  1.03546843E+11  5.01287303E+10  2.57943740E+10 
 1.38290986E+10  7.59788918E+09  3.84721209E+09  2.20787262E+09  1.26683814E+09 
 7.68541785E+08  5.40242820E+08  4.23818423E+08  3.39816599E+08  2.64173364E+08 
 2.05870194E+08  1.53536546E+08  1.13526045E+08  8.16250194E+07  4.11594380E+07 
 1.63713427E+07  4.10769130E+06  3.07068817E+05  1.27250985E+04  1.78253251E+02 
 1.28548726E+01  1.68595200E+00  3.30904103E-01  1.31764906E-01  1.06453968E-01 
 1.90367011E-01  3.25872727E-01  4.37020467E-01  4.86408333E-01  5.36904355E-01 
 5.92007081E-01  6.50844659E-01  7.11533011E-01  7.70254158E-01  8.29848846E-01 
 8.80831733E-01  9.32567464E-01  1.00285593E+00  1.04475738E+00  1.11394237E+00 
 1.17248001E+00  1.23728016E+00  1.32163407E+00  1.49809852E+00  1.54668094E+00 
 1.67022365E+00  1.75675649E+00  1.84352571E+00  1.88962278E+00  1.91675272E+00 
 1.92446381E+00  1.91293397E+00  1.88337372E+00  1.84560266E+00  1.80084658E+00 
 1.75477191E+00  1.70738989E+00  ) >                                            
BD           2    ( > 
 2.02279512E+12  1.42755346E+12  9.92646645E+11  6.67273808E+11  4.26745871E+11 
 2.40715560E+11  1.24167324E+11  5.77271450E+10  2.56255224E+10  1.13095524E+10 
 5.67507686E+09  2.72870404E+09  1.28494266E+09  6.31428871E+08  3.28884397E+08 
 1.77732452E+08  9.81824518E+07  4.98460199E+07  2.86123997E+07  1.65043630E+07 
 1.01070166E+07  7.13802779E+06  5.65428755E+06  4.60122896E+06  3.66531737E+06 
 2.93155597E+06  2.26811079E+06  1.74281710E+06  1.30947884E+06  7.35464546E+05 
 3.36664342E+05  1.09104577E+05  1.90788283E+04  2.68668575E+03  8.57885254E+01 
 8.79409422E+00  1.42797818E+00  3.16894235E-01  1.31717804E-01  1.07232346E-01 
 1.90607287E-01  3.25648723E-01  4.36534197E-01  4.86255957E-01  5.37151464E-01 
 5.92524314E-01  6.51507245E-01  7.12203333E-01  7.70946060E-01  8.30504415E-01 
 8.81455077E-01  9.33185972E-01  1.00339791E+00  1.04535708E+00  1.11424207E+00 
 1.17270034E+00  1.23743642E+00  1.32170333E+00  1.49811562E+00  1.54671742E+00 
 1.67022554E+00  1.75675111E+00  1.84351857E+00  1.88961816E+00  1.91675086E+00 
 1.92446263E+00  1.91293322E+00  1.88337313E+00  1.84560210E+00  1.80084616E+00 
 1.75477150E+00  1.70738956E+00  ) >                                            
BD           3    ( > 
 1.90882200E+12  1.34995249E+12  9.40372667E+11  6.33286756E+11  4.05768122E+11 
 2.29377921E+11  1.18589521E+11  5.52727245E+10  2.46100004E+10  1.09002426E+10 
 5.47987115E+09  2.63926255E+09  1.24688213E+09  6.16261343E+08  3.23131368E+08 
 1.76159333E+08  9.83755034E+07  5.08236832E+07  2.96701194E+07  1.74385891E+07 
 1.08505507E+07  7.77006697E+06  6.21974249E+06  5.10246509E+06  4.09331370E+06 
 3.29645239E+06  2.56847568E+06  1.98815503E+06  1.50374884E+06  8.51567080E+05 
 3.96534059E+05  1.31131682E+05  2.27533079E+04  2.90146733E+03  8.79313948E+01 
 8.94508280E+00  1.46214900E+00  3.23310449E-01  1.32061510E-01  1.06924197E-01 
 1.90194595E-01  3.25232731E-01  4.36297977E-01  4.86170746E-01  5.37125962E-01 
 5.92498033E-01  6.51471677E-01  7.12165681E-01  7.70906770E-01  8.30466832E-01 
 8.81420087E-01  9.33153256E-01  1.00337022E+00  1.04533392E+00  1.11422670E+00 
 1.17269032E+00  1.23743097E+00  1.32169939E+00  1.49811443E+00  1.54671720E+00 
 1.67022519E+00  1.75675092E+00  1.84351842E+00  1.88961805E+00  1.91675078E+00 
 1.92446256E+00  1.91293315E+00  1.88337307E+00  1.84560204E+00  1.80084611E+00 
 1.75477146E+00  1.70738953E+00  ) >                                            
BD           4    ( > 
 1.58520158E+10  1.18081665E+10  8.60332269E+09  6.05971784E+09  4.06457694E+09 
 2.42180867E+09  1.32257530E+09  6.53839215E+08  3.08454538E+08  1.44621916E+08 
 7.58797998E+07  3.81107979E+07  1.87321795E+07  9.55769288E+06  5.13619286E+06 
 2.84436940E+06  1.60027272E+06  8.19333210E+05  4.69720310E+05  2.66856338E+05 
 1.59443862E+05  1.08927119E+05  8.33455631E+04  6.59958032E+04  5.15289512E+04 
 4.01789454E+04  3.02058562E+04  2.23688217E+04  1.61004882E+04  8.64963436E+03 
 3.47534013E+03  8.25724197E+02  3.76378659E+01  1.80528200E+00  5.40120537E-02 
 9.50036141E-03  4.58999189E-03  2.94012503E-03  3.66069311E-03  9.64869454E-03 
 4.72118202E-02  1.35630183E-01  2.61810275E-01  3.74179384E-01  4.82171677E-01 
 5.69401244E-01  6.50206058E-01  7.19289718E-01  7.82851816E-01  8.43652743E-01 
 8.96801710E-01  9.51147222E-01  1.01945091E+00  1.06542532E+00  1.12164105E+00 
 1.17782457E+00  1.24096440E+00  1.32244505E+00  1.49816628E+00  1.54744915E+00 
 1.67016232E+00  1.75659872E+00  1.84337532E+00  1.88953541E+00  1.91671702E+00 
 1.92444151E+00  1.91291957E+00  1.88336257E+00  1.84559272E+00  1.80083880E+00 
 1.75476479E+00  1.70738390E+00  ) >                                            
BD           5    ( > 
 1.35422650E+10  1.01074158E+10  7.37681713E+09  5.20493153E+09  3.49753046E+09 
 2.08835438E+09  1.14302924E+09  5.66531553E+08  2.68133550E+08  1.26215953E+08 
 6.63455071E+07  3.33742268E+07  1.64567631E+07  8.44357013E+06  4.56604711E+06 
 2.54886193E+06  1.44801399E+06  7.52755609E+05  4.37732547E+05  2.52539089E+05 
 1.52864710E+05  1.05637840E+05  8.15560999E+04  6.50631511E+04  5.11488966E+04 
 4.01719191E+04  3.04390343E+04  2.27469725E+04  1.65209123E+04  9.00048154E+03 
 3.71869758E+03  9.32328301E+02  5.13153848E+01  2.74498194E+00  8.69900793E-02 
 1.68662161E-02  9.22786637E-03  5.84521213E-03  6.53554164E-03  1.48085051E-02 
 6.35460723E-02  1.68024302E-01  2.98882738E-01  4.00383633E-01  4.94844085E-01 
 5.74092870E-01  6.49471721E-01  7.16458738E-01  7.78867715E-01  8.39345717E-01 
 8.91955087E-01  9.45668462E-01  1.01454076E+00  1.05959071E+00  1.11933682E+00 
 1.17624663E+00  1.23989384E+00  1.32218070E+00  1.49813865E+00  1.54722826E+00 
 1.67017619E+00  1.75664116E+00  1.84341690E+00  1.88955968E+00  1.91672679E+00 
 1.92444764E+00  1.91292354E+00  1.88336569E+00  1.84559556E+00  1.80084104E+00 
 1.75476686E+00  1.70738567E+00  ) >                                            
USE ( INPUT ) > 
