> from Overall Iteration 11 of 11                                Pandora 78.018
> Run Data:    72    5    3  0  0  HE   1   2014-Mar-25 11:17:53    56741.47075
> LEID       MODEL LEID   13 L He      ITER 99-09   2014-Mar-24                 
> -------.---------.---------.---------.---------.---------.---------.---------.
> LEID       MODEL LEID   13 L He      ITER 99-09   2014-Mar-24                 
RHO          4  2 ( > 
-3.63216518E-04 -3.69260332E-04 -3.72807019E-04 -3.75439210E-04 -3.78353972E-04 
-3.82089935E-04 -3.85825897E-04 -3.89400712E-04 -3.99954374E-04 -4.10508036E-04 
-4.17271727E-04 -4.20802238E-04 -4.24332750E-04 -4.27863261E-04 -4.30119439E-04 
-4.20441997E-04 -3.99753264E-04 -3.55882815E-04 -3.07212645E-04 -2.58542476E-04 
-2.20462550E-04 -2.00619591E-04 -1.80776632E-04 -1.69651196E-04 -1.76853028E-04 
-1.96808528E-04 -2.38414332E-04 -3.03494052E-04 -4.08205168E-04 -6.75397156E-04 
-1.28709833E-03 -1.89879951E-03 -2.22165323E-03 -1.83909284E-03 -1.26508404E-03 
-6.91075235E-04 -1.37496401E-03 -2.05885279E-03 -2.39465081E-03 -2.42170662E-03 
-2.33967633E-03 -1.75085957E-03 -8.78183899E-04 -5.50822516E-06  2.48869883E-04 
 5.03247992E-04  7.91999542E-04  1.08075109E-03  1.32402124E-03  1.56729138E-03 
 1.85043045E-03  2.49336746E-03  3.13630447E-03  7.67075496E-03  1.22052055E-02 
 1.40357885E-02  1.15781276E-02  9.12046676E-03  6.66280590E-03  4.20514505E-03 
 4.86320669E-03  5.52126833E-03  4.38724111E-03  3.03697275E-03  1.68670439E-03 
 1.21313776E-03  8.77085759E-04  6.70874052E-04  5.35701228E-04  4.20286886E-04 
 3.20813469E-04  2.21340053E-04  ) >                                            
RHWT         4  2 ( > 
 1.00000000E+00  1.00000000E+00  1.00000000E+00  1.00000000E+00  1.00000000E+00 
 1.00000000E+00  1.00000000E+00  1.00000000E+00  1.00000000E+00  1.00000000E+00 
 1.00000000E+00  1.00000000E+00  1.00000000E+00  1.00000000E+00  1.00000000E+00 
 1.00000000E+00  1.00000000E+00  1.00000000E+00  1.00000000E+00  1.00000000E+00 
 1.00000000E+00  1.00000000E+00  1.00000000E+00  1.00000000E+00  1.00000000E+00 
 1.00000000E+00  1.00000000E+00  1.00000000E+00  1.00000000E+00  1.00000000E+00 
 1.00000000E+00  5.00000000E-01  1.00000000E+00  1.00000000E+00  1.00000000E+00 
 5.00000000E-01  1.00000000E+00  1.00000000E+00  1.00000000E+00  1.00000000E+00 
 1.00000000E+00  8.00000000E-01  6.00000000E-01  6.00000000E-01  7.00000000E-01 
 8.00000000E-01  6.00000000E-01  7.00000000E-01  8.00000000E-01  9.00000000E-01 
 6.00000000E-01  6.00000000E-01  9.00000000E-01  7.00000000E-01  8.00000000E-01 
 1.00000000E+00  8.00000000E-01  9.00000000E-01  8.00000000E-01  5.00000000E-01 
 1.00000000E+00  1.00000000E+00  1.00000000E+00  1.00000000E+00  1.00000000E+00 
 1.00000000E+00  1.00000000E+00  1.00000000E+00  1.00000000E+00  5.00000000E-01 
 1.00000000E+00  1.00000000E+00  ) >                                            
JBAR         4  2 ( > 
 9.71000562E-06  9.70106675E-06  9.69253622E-06  9.68422866E-06  9.67594370E-06 
 9.66672463E-06  9.65713060E-06  9.64418022E-06  9.61604141E-06  9.57224515E-06 
 9.56708542E-06  9.57056338E-06  9.56078865E-06  9.54388779E-06  9.53363582E-06 
 9.53447378E-06  9.54650589E-06  9.58259485E-06  9.63784854E-06  9.72576470E-06 
 9.82869146E-06  9.93526007E-06  1.00358126E-05  1.01207673E-05  1.02175797E-05 
 1.03177356E-05  1.04488407E-05  1.05958583E-05  1.07703258E-05  1.11195725E-05 
 1.16219067E-05  1.23406059E-05  1.29702651E-05  1.30666051E-05  1.30899168E-05 
 1.31036702E-05  1.31178165E-05  1.31283669E-05  1.31355967E-05  1.31443494E-05 
 1.31662991E-05  1.32047277E-05  1.32873484E-05  1.34673675E-05  1.38735103E-05 
 1.44662304E-05  1.54166872E-05  1.63624095E-05  1.71181440E-05  1.79015537E-05 
 1.91076857E-05  2.06209628E-05  2.24166544E-05  2.51054078E-05  2.63481323E-05 
 2.77841619E-05  2.97207389E-05  3.15966920E-05  3.80920946E-05  4.16213440E-05 
 4.53179028E-05  4.90014791E-05  5.41154512E-05  5.84758500E-05  6.32100144E-05 
 6.82350235E-05  7.34742801E-05  7.91231988E-05  8.41705855E-05  8.91212746E-05 
 9.37835183E-05  9.84904197E-05  ) >                                            
CHI          4  2 ( > 
 9.71000552E-06  9.70106654E-06  9.69253592E-06  9.68422820E-06  9.67594290E-06 
 9.66672305E-06  9.65712662E-06  9.64416801E-06  9.61599842E-06  9.57212622E-06 
 9.56676341E-06  9.56970869E-06  9.55874082E-06  9.53951378E-06  9.52503356E-06 
 9.51802907E-06  9.51320765E-06  9.52842254E-06  9.55816606E-06  9.62033417E-06 
 9.71009752E-06  9.81339372E-06  9.92091722E-06  1.00042541E-05  1.00895391E-05 
 1.01677316E-05  1.02688451E-05  1.03870636E-05  1.04515957E-05  1.06295204E-05 
 1.09416355E-05  1.15795765E-05  1.24956479E-05  1.29775295E-05  1.30739494E-05 
 1.30895004E-05  1.31025560E-05  1.31164139E-05  1.31221600E-05  1.31150083E-05 
 1.31098179E-05  1.30989205E-05  1.30731456E-05  1.30164297E-05  1.30913043E-05 
 1.32174122E-05  1.37297056E-05  1.46094218E-05  1.53275171E-05  1.55558044E-05 
 1.58317111E-05  1.64391726E-05  1.68143050E-05  1.95368577E-05  2.18434982E-05 
 2.20907231E-05  2.29102841E-05  1.94921847E-05  1.93773661E-05  2.23129193E-05 
 2.23143326E-05  1.84508601E-05  1.32843094E-05  8.80449203E-06  4.73879269E-06 
 2.65257032E-06  1.50486296E-06  9.35535987E-07  6.42773191E-07  4.49042956E-07 
 3.35794605E-07 -2.18046870E-08  ) >                                            
AW           4  2 ( > 
-9.99999990E-01 -9.99999978E-01 -9.99999969E-01 -9.99999953E-01 -9.99999917E-01 
-9.99999837E-01 -9.99999588E-01 -9.99998734E-01 -9.99995529E-01 -9.99987575E-01 
-9.99966340E-01 -9.99910690E-01 -9.99785795E-01 -9.99541668E-01 -9.99097644E-01 
-9.98275161E-01 -9.96511902E-01 -9.94346800E-01 -9.91732578E-01 -9.89160380E-01 
-9.87935152E-01 -9.87735638E-01 -9.88553362E-01 -9.88489881E-01 -9.87471294E-01 
-9.85465058E-01 -9.82778378E-01 -9.80300807E-01 -9.70416999E-01 -9.55947872E-01 
-9.41497579E-01 -9.38368158E-01 -9.63435326E-01 -9.93189501E-01 -9.98782040E-01 
-9.98921293E-01 -9.98838793E-01 -9.99090200E-01 -9.98977484E-01 -9.97768571E-01 
-9.95711840E-01 -9.91989345E-01 -9.83883406E-01 -9.66529371E-01 -9.43719521E-01 
-9.13771972E-01 -8.90854513E-01 -8.93021210E-01 -8.95642471E-01 -8.69029199E-01 
-8.28688616E-01 -7.97491853E-01 -7.50699329E-01 -7.79206079E-01 -8.30770476E-01 
-7.98026160E-01 -7.73260824E-01 -6.21627159E-01 -5.11657935E-01 -5.37001699E-01 
-4.94865140E-01 -3.80095120E-01 -2.49184386E-01 -1.53146119E-01 -7.65293160E-02 
-4.00400335E-02 -2.13406285E-02 -1.24867369E-02 -8.16817508E-03 -5.43767441E-03 
-3.90019801E-03  3.94977207E-18  ) >                                            
RHO          5  1 ( > 
 4.04406273E-04  5.98383331E-04  8.20400924E-04  1.14257978E-03  1.59015768E-03 
 2.30478149E-03  3.35095338E-03  4.95838184E-03  7.04988233E-03  9.14138283E-03 
 1.08104292E-02  1.10089591E-02  1.00698932E-02  8.44936749E-03  6.82884178E-03 
 5.33250308E-03  4.12909969E-03  2.97535054E-03  2.21562677E-03  1.60726487E-03 
 1.22891598E-03  1.01135287E-03  8.78706533E-04  7.55150457E-04  6.31594381E-04 
 5.24755224E-04  4.34381639E-04  3.71993950E-04  3.15079878E-04  2.58165805E-04 
 1.88453141E-04  1.18740477E-04  6.22355345E-05  9.86789935E-05  1.35122453E-04 
 1.34060384E-04  7.43902530E-05  1.47201219E-05 -2.83688823E-05 -7.14578866E-05 
-1.91674461E-04 -3.11891036E-04 -3.60363583E-04 -3.47688863E-04 -3.07407892E-04 
-2.67126920E-04 -2.26881043E-04 -2.34652944E-04 -2.42424845E-04 -2.50196747E-04 
-2.68721267E-04 -2.87245788E-04 -2.57729881E-04 -1.93393387E-04 -1.29056893E-04 
-2.54632072E-04 -3.80207251E-04 -4.98011078E-04 -2.47446626E-04  3.11782657E-06 
 5.80063743E-06  8.48344828E-06  9.16479753E-06  8.41634428E-06  7.62505950E-06 
 6.83377472E-06  5.97849993E-06  5.12322515E-06  4.40029883E-06  3.77159093E-06 
 3.25512224E-06  2.79581379E-06  ) >                                            
RHWT         5  1 ( > 
 1.00000000E+00  1.00000000E+00  1.00000000E+00  1.00000000E+00  1.00000000E+00 
 1.00000000E+00  1.00000000E+00  1.00000000E+00  1.00000000E+00  5.00000000E-01 
 1.00000000E+00  1.00000000E+00  8.00000000E-01  1.00000000E+00  1.00000000E+00 
 1.00000000E+00  1.00000000E+00  1.00000000E+00  1.00000000E+00  1.00000000E+00 
 1.00000000E+00  1.00000000E+00  1.00000000E+00  1.00000000E+00  8.00000000E-01 
 1.00000000E+00  1.00000000E+00  1.00000000E+00  8.00000000E-01  1.00000000E+00 
 1.00000000E+00  5.00000000E-01  1.00000000E+00  1.00000000E+00  5.00000000E-01 
 1.00000000E+00  6.00000000E-01  5.00000000E-01  7.00000000E-01  5.00000000E-01 
 6.00000000E-01  5.00000000E-01  5.00000000E-01  8.00000000E-01  6.00000000E-01 
 6.00000000E-01  6.00000000E-01  7.00000000E-01  6.00000000E-01  8.00000000E-01 
 8.00000000E-01  8.00000000E-01  8.00000000E-01  6.00000000E-01  8.00000000E-01 
 6.00000000E-01  5.00000000E-01  5.00000000E-01  6.00000000E-01  5.00000000E-01 
 1.00000000E+00  1.00000000E+00  1.00000000E+00  5.00000000E-01  1.00000000E+00 
 8.00000000E-01  1.00000000E+00  9.00000000E-01  1.00000000E+00  1.00000000E+00 
 1.00000000E+00  1.00000000E+00  ) >                                            
JBAR         5  1 ( > 
 1.38101311E-11  1.35690805E-11  1.33454106E-11  1.31340946E-11  1.29310028E-11 
 1.27188311E-11  1.25306515E-11  1.23687192E-11  1.21475323E-11  1.23057752E-11 
 1.37761167E-11  1.69414019E-11  2.26004222E-11  3.17545027E-11  4.51096416E-11 
 6.36931839E-11  8.98639356E-11  1.31213358E-10  1.73836314E-10  2.23117751E-10 
 2.66244865E-10  2.98994605E-10  3.19881299E-10  3.29726470E-10  3.33253167E-10 
 3.31038291E-10  3.22081316E-10  3.08034805E-10  2.88958988E-10  2.26282405E-10 
 1.46656601E-10  5.27423943E-11  1.09132924E-11  2.62582907E-13  4.55412171E-15 
 4.16018342E-16  6.59776296E-18  7.06379574E-20  2.10539626E-21  2.07468152E-22 
 3.79964217E-23  1.09068470E-23  5.35575519E-24  7.00600539E-24  3.71000608E-24 
 4.30514397E-24  7.87270206E-24  1.12295562E-23  2.03334124E-23  2.92919976E-23 
 5.73643696E-23  1.34007016E-22  4.12394297E-22  1.77855798E-21  7.37548019E-21 
 1.81501886E-20  5.38425556E-20  1.86051333E-19  1.66031350E-16  1.41841960E-17 
 6.20528339E-17  2.10670505E-16  9.30652908E-16  2.90472222E-15  9.30043761E-15 
 2.95701867E-14  8.96175848E-14  2.68773608E-13  6.64814582E-13  1.51948809E-12 
 3.15151946E-12  6.29793562E-12  ) >                                            
CHI          5  1 ( > 
 1.38100695E-11  1.35688637E-11  1.33448084E-11  1.31323107E-11  1.29246972E-11 
 1.26960084E-11  1.24483960E-11  1.21235051E-11  1.15091890E-11  1.09984079E-11 
 1.11312202E-11  1.14078563E-11  1.15491932E-11  1.13163327E-11  1.05444497E-11 
 9.25154349E-12  7.37131826E-12  6.29267966E-12  5.69501420E-12  5.00227755E-12 
 4.90238731E-12  5.01865972E-12  5.39437090E-12  5.02664723E-12  4.01100647E-12 
 2.94895210E-12  1.94845283E-12  1.20254123E-12  5.01580709E-13  1.31799206E-13 
 6.15813376E-15 -1.54946956E-15 -4.17104160E-16 -2.39367632E-17 -9.76080325E-19 
-5.54884933E-20 -1.56774257E-22 -1.89988310E-24 -1.19603791E-25  2.46874245E-26 
 1.02855097E-26  7.75392759E-27  4.77477231E-27 -5.52744179E-28  2.34267387E-27 
 2.63531633E-27  2.37917741E-27  6.20836440E-27  5.68310022E-27  1.38443121E-26 
 2.93819702E-26  6.39463486E-26  1.82995039E-25  6.90752583E-25  1.08713000E-24 
 5.81859582E-24  2.90977608E-23  9.51955322E-23 -1.94254887E-19 -2.63342220E-22 
-3.59959241E-22 -1.78722750E-21 -8.52963956E-21 -2.47140558E-20 -7.09123693E-20 
-2.02036141E-19 -5.35747545E-19 -1.37119466E-18 -2.92531235E-18 -5.73090911E-18 
-1.02586145E-17 -1.76079045E-17  ) >                                            
AW           5  1 ( > 
-9.99995538E-01 -9.99984036E-01 -9.99954916E-01 -9.99864329E-01 -9.99513139E-01 
-9.98209734E-01 -9.93457653E-01 -9.80272962E-01 -9.47820869E-01 -8.94780661E-01 
-8.10082747E-01 -6.76966838E-01 -5.15940208E-01 -3.61807969E-01 -2.38931554E-01 
-1.49809652E-01 -8.58179474E-02 -5.07902745E-02 -3.49038266E-02 -2.39911297E-02 
-1.96193652E-02 -1.77794952E-02 -1.77275528E-02 -1.59886952E-02 -1.26484312E-02 
-9.42831051E-03 -6.48132185E-03 -4.27442327E-03 -2.09014370E-03 -8.40387856E-04 
-2.30550009E-04 -6.28482349E-05 -2.41825769E-05 -7.59418866E-06 -1.07469014E-06 
-1.58517291E-07 -5.83433013E-12 -2.05464625E-13 -1.24748131E-14 -1.01383869E-15 
-1.70168808E-16 -4.59182177E-17 -1.12629611E-17 -2.98287874E-18 -1.23905610E-18 
-7.60707292E-19 -7.00614601E-19 -1.23799336E-18 -1.97174167E-18 -1.64524132E-18 
-1.22128750E-18 -1.31274967E-18 -1.39307809E-18 -4.63501448E-18 -1.81743036E-17 
-1.99381160E-17 -2.59613733E-17 -1.42580685E-17 -1.37189446E-17 -4.07348900E-17 
-6.08362241E-17 -5.16004351E-17 -3.68248607E-17 -2.51985523E-17 -1.40624882E-17 
-9.43937722E-18 -6.93643670E-18 -6.65895905E-18 -7.00507781E-18 -7.63173863E-18 
-8.82127444E-18  1.10949969E-17  ) >                                            
NK                ( > 
 4.57700086E+01  1.19717003E+02  2.98791997E+02  7.74066872E+02  2.13978669E+03 
 7.13275321E+03  2.45386425E+04  8.06087243E+04  2.15854223E+05  4.87003506E+05 
 8.76051728E+05  1.55312524E+06  2.66731440E+06  4.31518907E+06  6.58893428E+06 
 9.68752895E+06  1.40362524E+07  2.09817837E+07  2.85478702E+07  3.83164468E+07 
 4.82747898E+07  5.76268151E+07  6.60515460E+07  7.37051743E+07  8.28831701E+07 
 9.25073365E+07  1.05025987E+08  1.18776343E+08  1.34900904E+08  1.67604646E+08 
 1.89686888E+08  1.05317349E+08  1.66519585E+07  5.47538893E+05  9.21269973E+03 
 6.66548223E+02  2.82702134E+01  1.30898579E+00  1.33854619E-01  4.02614640E-02 
 1.74683430E-02  1.14402388E-02  9.26165847E-03  1.79141791E-02  9.92869178E-03 
 1.39002154E-02  2.28518803E-02  3.83788278E-02  5.43899128E-02  8.45855574E-02 
 1.56866700E-01  3.54260195E-01  9.28268424E-01  2.66278674E+00  7.94261843E+00 
 1.46131436E+01  4.77485544E+01  1.36123477E+02  1.32886618E+05  1.28395031E+04 
 4.44067108E+04  1.25054202E+05  4.44301797E+05  1.17973620E+06  3.21054959E+06 
 8.70013455E+06  2.26935375E+07  5.88139550E+07  1.29229419E+08  2.65785145E+08 
 5.02624929E+08  9.21435985E+08  ) >                                            
ND           1    ( > 
 1.00989617E-03  3.83302944E-03  1.27277022E-02  4.30956613E-02  1.53466960E-01 
 6.68483291E-01  2.99624204E+00  1.32848479E+01  4.87546602E+01  1.60045639E+02 
 4.04088442E+02  1.04674741E+03  2.66166948E+03  6.22849975E+03  1.33428539E+04 
 2.69465063E+04  5.33824198E+04  1.15073254E+05  2.14537588E+05  4.04660498E+05 
 6.79253319E+05  1.01121621E+06  1.38119335E+06  1.84254191E+06  2.57678547E+06 
 3.55403581E+06  5.14833725E+06  7.36175835E+06  1.07869387E+07  2.39921058E+07 
 7.42371853E+07  2.86001269E+08  6.52029482E+08  1.22645300E+09  3.36249996E+09 
 1.04640775E+10  5.85535652E+10  3.32064751E+11  1.60555674E+12  6.53215186E+12 
 2.36403559E+13  5.49539419E+13  1.20904003E+14  2.51779719E+14  5.06205330E+14 
 8.21496228E+14  1.23932641E+15  1.57763871E+15  1.80711479E+15  2.00968870E+15 
 2.27003352E+15  2.52611484E+15  2.73229484E+15  2.91729608E+15  2.91389769E+15 
 2.91332710E+15  2.89950267E+15  2.86506384E+15  2.78390678E+15  2.75070175E+15 
 2.67870754E+15  2.61846340E+15  2.54601319E+15  2.49607182E+15  2.45506756E+15 
 2.42113064E+15  2.39522853E+15  2.37135152E+15  2.35043967E+15  2.33257050E+15 
 2.30952979E+15  2.28221076E+15  ) >                                            
ND           2    ( > 
 5.89378533E-11  3.03922258E-10  1.32997625E-09  5.98198423E-09  2.90823082E-08 
 1.88052381E-07  1.26737991E-06  8.61600155E-06  4.64830220E-05  2.17037542E-04 
 7.05264516E-04  2.31016566E-03  7.25700238E-03  2.03330113E-02  5.01722655E-02 
 1.14332903E-01  2.49769167E-01  5.74493753E-01  1.06946193E+00  1.90257351E+00 
 2.91085015E+00  3.99812991E+00  5.05183652E+00  6.03395812E+00  7.23708263E+00 
 8.53011025E+00  1.02311290E+01  1.22468722E+01  1.47922558E+01  2.04217062E+01 
 2.72652528E+01  2.05763200E+01  4.68038726E+00  2.41998357E-01  7.99015070E-03 
 1.00563517E-03  5.95032334E-05  2.82180444E-06  2.39405299E-07  7.93993900E-08 
 3.86507601E-08  3.05491077E-08  2.93184690E-08  7.06571242E-08  2.30353865E-08 
 5.61536505E-08  9.57231071E-08  2.35636622E-07  4.20825277E-07  1.15895497E-06 
 2.02025891E-06  3.95528686E-06  9.24001002E-06  3.34701736E-05  1.34901601E-04 
 4.49267765E-04  1.80847098E-03  7.64296510E-03  1.22851082E+01  8.03562800E-01 
 3.10111056E+00  9.46290760E+00  3.67106062E+01  1.04013424E+02  3.03085373E+02 
 8.80225430E+02  2.45258990E+03  6.77275273E+03  1.56412241E+04  3.35941488E+04 
 6.57466972E+04  1.24036914E+05  ) >                                            
ND           3    ( > 
 5.07031431E-14  1.97687066E-13  6.77244931E-13  2.41925779E-12  9.35292705E-12 
 4.71005000E-11  2.56233447E-10  1.45867703E-09  6.88958249E-09  2.98834514E-08 
 9.40916252E-08  3.08974744E-07  9.89695352E-07  2.86775662E-06  7.43050882E-06 
 1.80347203E-05  4.27992374E-05  1.11375824E-04  2.36798828E-04  4.98449188E-04 
 9.04793944E-04  1.42172759E-03  1.99695159E-03  2.64233378E-03  3.56271092E-03 
 4.73018384E-03  6.44816438E-03  8.60926023E-03  1.18563768E-02  1.96772600E-02 
 3.87163761E-02  5.15343721E-02  2.47479827E-02  1.13567407E-03  5.66476730E-05 
 1.47582051E-05  1.23477430E-06  8.07259062E-08  1.15629940E-08  4.35593482E-09 
 2.63083679E-09  1.69710802E-09  1.55993609E-09  6.70469834E-09  5.68253371E-09 
 1.08373348E-08  2.52520565E-08  5.35641602E-08  9.00302968E-08  1.74911216E-07 
 3.55903397E-07  8.92154369E-07  2.76092468E-06  1.08586349E-05  3.80911968E-05 
 9.06277341E-05  2.68460851E-04  8.24699779E-04  9.53539987E-01  6.08727059E-02 
 2.47383452E-01  7.90181471E-01  3.24576536E+00  9.60848720E+00  2.92668497E+01 
 8.87906238E+01  2.57949250E+02  7.42362217E+02  1.77380383E+03  3.92996075E+03 
 7.90496212E+03  1.53062874E+04  ) >                                            
ND           4    ( > 
 4.97724451E-12  2.57988863E-11  1.13366018E-10  5.11954935E-10  2.49886913E-09 
 1.62297102E-08  1.09861155E-07  7.50103052E-07  4.05786671E-06  1.89736192E-05 
 6.18543714E-05  2.03417158E-04  6.40765514E-04  1.79868677E-03  4.44747269E-03 
 1.01690497E-02  2.22913344E-02  5.15642163E-02  9.66439823E-02  1.73736964E-01 
 2.68595055E-01  3.72785011E-01  4.75656867E-01  5.73073528E-01  6.93206509E-01 
 8.24157363E-01  9.99552975E-01  1.21160722E+00  1.48392674E+00  2.10287467E+00 
 2.90638887E+00  2.28915353E+00  5.40316021E-01  2.81252448E-02  9.31090744E-04 
 1.17161079E-04  6.92450284E-06  3.27347551E-07  2.81251735E-08  9.27402453E-09 
 4.58178004E-09  3.60861276E-09  3.51882951E-09  8.57697644E-09  2.89412591E-09 
 7.35382586E-09  1.33113176E-08  3.48512825E-08  6.49747329E-08  1.87359557E-07 
 3.46726640E-07  7.27326974E-07  1.82943217E-06  7.20029045E-06  3.10428710E-05 
 1.09191812E-04  4.72079558E-04  2.14014184E-03  4.02088016E+00  2.83540359E-01 
 1.18287011E+00  3.86467182E+00  1.63214097E+01  4.93076930E+01  1.53191212E+02 
 4.73747648E+02  1.40168458E+03  4.10747046E+03  9.96152833E+03  2.23720349E+04 
 4.55428163E+04  8.91923515E+04  ) >                                            
ND           5    ( > 
 1.80587825E-14  6.58521759E-14  2.11088703E-13  6.91252682E-13  2.37134508E-12 
 9.89894201E-12  4.31443295E-11  1.90637850E-10  7.02616650E-10  2.49561131E-09 
 6.94083319E-09  2.25803311E-08  7.80988007E-08  2.58241215E-07  7.86994706E-07 
 2.26958079E-06  6.42892155E-06  2.05738682E-05  5.18559726E-05  1.28074848E-04 
 2.63976412E-04  4.49204170E-04  6.65992231E-04  9.22101181E-04  1.29978735E-03 
 1.79164444E-03  2.52801587E-03  3.45842940E-03  4.87266435E-03  8.29590721E-03 
 1.67951477E-02  2.28467061E-02  1.11135138E-02  5.00605567E-04  2.46582633E-05 
 6.46878417E-06  5.49124855E-07  3.58791091E-08  5.05285321E-09  1.81619143E-09 
 1.09330493E-09  7.02734842E-10  6.52618181E-10  2.84470659E-09  2.48563492E-09 
 4.84486819E-09  1.15467211E-08  2.55185778E-08  4.42596666E-08  8.93317343E-08 
 1.90768886E-07  5.04400043E-07  1.67285890E-06  7.16761963E-06  2.70041175E-05 
 6.84279884E-05  2.15898682E-04  7.08467495E-04  9.14528927E-01  5.87504060E-02 
 2.50387318E-01  8.30932295E-01  3.56968432E+00  1.09234362E+01  3.44004499E+01 
 1.07862243E+02  3.23398044E+02  9.60239724E+02  2.35421761E+03  5.33984925E+03 
 1.09658034E+04  2.16546342E+04  ) >                                            
BD           1    ( > 
 6.75002783E+13  4.33847656E+13  2.69932261E+13  1.60129826E+13  8.87472067E+12 
 4.18004881E+12  1.78184842E+12  6.96805167E+11  2.74630051E+11  1.17212114E+11 
 6.09559089E+10  3.21490890E+10  1.72846377E+10  9.86334592E+09  5.96570640E+09 
 3.73081707E+09  2.35238046E+09  1.37161587E+09  8.64835127E+08  5.25486869E+08 
 3.40374863E+08  2.40894981E+08  1.81535762E+08  1.34696748E+08  9.20624606E+07 
 6.21706097E+07  3.84523905E+07  2.38796959E+07  1.42542498E+07  4.52218818E+06 
 1.35366338E+06  4.45901808E+05  6.30866905E+04  1.16682967E+04  8.22862192E+02 
 4.11888583E+01  9.17152049E+00  5.35804151E+00  5.82502648E+00  3.91687023E+00 
 2.84256779E+00  2.10473779E+00  1.87117256E+00  7.89845379E-01  1.82300597E+00 
 1.74742614E+00  1.74372425E+00  1.81903220E+00  1.95755704E+00  2.03312421E+00 
 2.11012417E+00  1.99266171E+00  2.06797072E+00  2.45375796E+00  3.50786194E+00 
 3.92874704E+00  3.20620924E+00  3.29957852E+00  3.96331055E-02  1.02682602E+00 
 1.05549125E+00  1.05824098E+00  1.04950797E+00  1.04051250E+00  1.03352861E+00 
 1.02866611E+00  1.02453358E+00  1.02086068E+00  1.01806096E+00  1.01564977E+00 
 1.01367458E+00  1.01190387E+00  ) >                                            
BD           2    ( > 
 7.45863218E+06  7.45343842E+06  7.06988490E+06  6.54503957E+06  5.95044966E+06 
 5.27747750E+06  4.46359541E+06  3.68403809E+06  3.00846739E+06  2.56826505E+06 
 2.28786038E+06  2.05823421E+06  1.86454901E+06  1.70996352E+06  1.56912989E+06 
 1.44452098E+06  1.31391438E+06  1.14587575E+06  9.89797591E+05  8.21219171E+05 
 6.78501976E+05  5.79831317E+05  5.05710266E+05  4.34000793E+05  3.56139853E+05 
 2.90778079E+05  2.27146547E+05  1.79294742E+05  1.39504528E+05  7.96605402E+04 
 4.11105074E+04  1.97285823E+04  6.17916285E+03  1.66362900E+03  2.74287661E+02 
 5.33316917E+01  1.62182227E+01  7.78870320E+00  3.98650357E+00  2.25413761E+00 
 1.33680408E+00  1.01729792E+00  7.88776466E-01  5.51877589E-01  3.02228200E-01 
 3.68747247E-01  2.86146168E-01  3.52336841E-01  4.09133827E-01  5.80176382E-01 
 4.99108030E-01  3.97093806E-01  2.67943244E-01  3.46861298E-01  4.17941367E-01 
 6.88126541E-01  8.31518260E-01  1.17762708E+00  1.75006579E+00  1.05371574E+00 
 1.06354224E+00  1.06452545E+00  1.05526811E+00  1.04598597E+00  1.03859624E+00 
 1.03334142E+00  1.02868715E+00  1.02442211E+00  1.02112392E+00  1.01825466E+00 
 1.01590028E+00  1.01379242E+00  ) >                                            
BD           3    ( > 
 2.06406682E+04  1.56801026E+04  1.17120270E+04  8.66717374E+03  6.31248693E+03 
 4.40203727E+03  3.03900957E+03  2.12750475E+03  1.54214251E+03  1.23983499E+03 
 1.08254066E+03  9.88125304E+02  9.24208184E+02  8.86980961E+02  8.64184519E+02 
 8.56432625E+02  8.55425161E+02  8.55564743E+02  8.54846248E+02  8.51767580E+02 
 8.46304683E+02  8.36375043E+02  8.18215760E+02  7.85942573E+02  7.34888718E+02 
 6.85365577E+02  6.18902813E+02  5.54112078E+02  5.00713952E+02  3.58734305E+02 
 2.88443550E+02  2.64638163E+02  1.98193310E+02  5.55455221E+01  1.70961459E+01 
 8.26570754E+00  4.32071550E+00  3.43952968E+00  3.39207226E+00  2.83414899E+00 
 2.33474817E+00  1.22908488E+00  9.62840235E-01  1.63870146E+00  1.46101384E+00 
 1.45211785E+00  1.70167993E+00  1.57250730E+00  1.90602563E+00  1.78912823E+00 
 1.73281242E+00  1.67647988E+00  1.72102545E+00  1.94019122E+00  2.11132295E+00 
 2.73784980E+00  1.97151363E+00  2.02312733E+00  1.87084128E+00  1.05411167E+00 
 1.05940792E+00  1.06020269E+00  1.05261787E+00  1.04463404E+00  1.03793065E+00 
 1.03294826E+00  1.02844481E+00  1.02426560E+00  1.02101310E+00  1.01817373E+00 
 1.01583733E+00  1.01374293E+00  ) >                                            
BD           4    ( > 
 2.32109274E+05  2.34971638E+05  2.25696515E+05  2.11744585E+05  1.95336439E+05 
 1.76417128E+05  1.52285516E+05  1.28584743E+05  1.07400428E+05  9.36401108E+04 
 8.50793737E+04  7.81846797E+04  7.23071398E+04  6.75752855E+04  6.31341132E+04 
 5.92183492E+04  5.48939551E+04  4.90942378E+04  4.34827855E+04  3.72435094E+04 
 3.17028516E+04  2.78048145E+04  2.48073649E+04  2.17948735E+04  1.83912881E+04 
 1.54529425E+04  1.25075352E+04  1.02414298E+04  8.29687578E+03  5.17144277E+03 
 2.99283096E+03  1.68308816E+03  6.54229856E+02  2.23008370E+02  4.99745570E+01 
 1.26447710E+01  5.08555843E+00  3.17318219E+00  1.98882561E+00  1.29381577E+00 
 8.59773597E-01  6.90786382E-01  5.72700718E-01  4.14763124E-01  2.37582416E-01 
 3.00229551E-01  2.40853257E-01  3.08164230E-01  3.63795988E-01  5.27428324E-01 
 4.64005720E-01  3.78472187E-01  2.59246077E-01  3.38402360E-01  4.06191169E-01 
 6.66681343E-01  8.09267947E-01  1.14699491E+00  1.70746624E+00  1.04333143E+00 
 1.05055759E+00  1.05382374E+00  1.04988072E+00  1.04366592E+00  1.03767499E+00 
 1.03287408E+00  1.02844016E+00  1.02428255E+00  1.02103530E+00  1.01819771E+00 
 1.01585996E+00  1.01376448E+00  ) >                                            
BD           5    ( > 
 2.58332065E+03  1.84298277E+03  1.29376137E+03  8.81984690E+02  5.73191799E+02 
 3.33739355E+02  1.86152887E+02  1.02137999E+02  5.83775847E+01  3.88333713E+01 
 3.02115290E+01  2.75700168E+01  2.81077434E+01  3.10595614E+01  3.58916032E+01 
 4.26060479E+01  5.12119189E+01  6.36387691E+01  7.61070530E+01  8.99838734E+01 
 1.02559991E+02  1.10666219E+02  1.15056773E+02  1.16547651E+02  1.15099835E+02 
 1.12625427E+02  1.06629864E+02  9.90682639E+01  9.28699769E+01  7.05006114E+01 
 6.08345981E+01  6.06259546E+01  5.05340262E+01  1.56840360E+01  5.59464608E+00 
 3.12898616E+00  1.92363537E+00  1.75937641E+00  1.88526965E+00  1.61685996E+00 
 1.39306785E+00  7.59119074E-01  6.16314387E-01  1.07026935E+00  9.96902929E-01 
 1.00729986E+00  1.19255010E+00  1.12929232E+00  1.39898507E+00  1.33816524E+00 
 1.33317070E+00  1.32893578E+00  1.41857019E+00  1.67893764E+00  1.89354639E+00 
 2.53814769E+00  1.87968579E+00  1.98930635E+00  1.89436447E+00  1.04046771E+00 
 1.05127682E+00  1.05566038E+00  1.05102545E+00  1.04398435E+00  1.03762661E+00 
 1.03277883E+00  1.02834591E+00  1.02420569E+00  1.02097304E+00  1.01814582E+00 
 1.01581654E+00  1.01372712E+00  ) >                                            
USE ( INPUT ) > 
