> from Overall Iteration 11 of 11                                Pandora 78.018
> Run Data:    72    5   10  0  0  H    1   2014-Mar-25 11:14:08    56741.46815
> LEID       MODEL LEID   5 L H        ITER 07-17   2014-Mar-24                 
> -------.---------.---------.---------.---------.---------.---------.---------.
N (  72 ) > 
Z                 ( > 
-1.34498000E+07 -1.21944000E+07 -1.12022000E+07 -1.02707000E+07 -9.37975000E+06 
-8.42803000E+06 -7.51697000E+06 -6.61782000E+06 -5.83930000E+06 -5.12657000E+06 
-4.60024000E+06 -4.09435050E+06 -3.63687425E+06 -3.24977900E+06 -2.92602650E+06 
-2.64516100E+06 -2.38700375E+06 -2.12435750E+06 -1.93793938E+06 -1.77342962E+06 
-1.65317400E+06 -1.56464938E+06 -1.49935950E+06 -1.45315425E+06 -1.40835625E+06 
-1.36888500E+06 -1.32489688E+06 -1.28316725E+06 -1.24143762E+06 -1.17600188E+06 
-1.11081900E+06 -1.03895056E+06 -9.50368688E+05 -8.73719375E+05 -7.53134125E+05 
-6.45131875E+05 -5.34926062E+05 -4.39226438E+05 -3.58032750E+05 -2.89285000E+05 
-2.28503000E+05 -1.89761938E+05 -1.53873234E+05 -1.20708102E+05 -8.90504766E+04 
-6.69403828E+04 -4.78453047E+04 -3.62877578E+04 -2.96164629E+04 -2.41961484E+04 
-1.77903223E+04 -1.18772637E+04 -6.94971484E+03 -2.19222998E+03 -8.38047974E+02 
 3.45502014E+02  1.58172998E+03  2.50011011E+03  4.80000000E+03  5.80000000E+03 
 6.60000000E+03  7.30000000E+03  8.29053027E+03  9.32879980E+03  1.08495000E+04 
 1.28045996E+04  1.51942002E+04  1.80183008E+04  2.06975996E+04  2.35940996E+04 
 2.62733008E+04  2.90250000E+04  ) >                                            
TE                ( > 
 1.32412000E+05  1.22873000E+05  1.14001000E+05  1.05571000E+05  9.73640000E+04 
 8.84590000E+04  7.99340000E+04  7.19440000E+04  6.49690000E+04  5.92620000E+04 
 5.51960000E+04  5.14970000E+04  4.81510000E+04  4.53560000E+04  4.30190000E+04 
 4.09810000E+04  3.91090000E+04  3.69850000E+04  3.51950000E+04  3.33090000E+04 
 3.17630000E+04  3.06250000E+04  2.97380000E+04  2.87850000E+04  2.76220000E+04 
 2.65170000E+04  2.52860000E+04  2.41760000E+04  2.30650000E+04  2.08400000E+04 
 1.85160000E+04  1.59410000E+04  1.31220000E+04  1.06990000E+04  8.59300000E+03 
 7.34100000E+03  6.35500000E+03  5.64000000E+03  5.21900000E+03  4.95500000E+03 
 4.77200000E+03  4.66400000E+03  4.59800000E+03  4.55500000E+03  4.54200000E+03 
 4.55000000E+03  4.58100000E+03  4.62500000E+03  4.66100000E+03  4.70500000E+03 
 4.76800000E+03  4.84500000E+03  4.95300000E+03  5.09900000E+03  5.24000000E+03 
 5.35900000E+03  5.50800000E+03  5.66600000E+03  6.06200000E+03  6.23400000E+03 
 6.47900000E+03  6.69400000E+03  6.97500000E+03  7.20700000E+03  7.46100000E+03 
 7.73200000E+03  8.01100000E+03  8.30800000E+03  8.57000000E+03  8.82400000E+03 
 9.06100000E+03  9.29800000E+03  ) >                                            
> LEID       MODEL LEID   5 L H        ITER 07-17   2014-Mar-24                 
MASS              ( > 
 1.17514183E-08  1.87349517E-08  2.78671729E-08  4.16925185E-08  6.33098395E-08 
 1.03264474E-07  1.73820070E-07  3.09447207E-07  5.42664322E-07  9.61801170E-07 
 1.52487583E-06  2.45517082E-06  3.89511794E-06  5.90682496E-06  8.53894458E-06 
 1.19537051E-05  1.65336275E-05  2.33982543E-05  3.03425413E-05  3.86393737E-05 
 4.65462235E-05  5.37071535E-05  5.99027522E-05  6.48751299E-05  7.03026788E-05 
 7.56971700E-05  8.25248712E-05  8.99479593E-05  9.84816936E-05  1.14936747E-04 
 1.37044409E-04  1.71995935E-04  2.40783958E-04  3.46309013E-04  7.25430460E-04 
 1.72276939E-03  6.15743454E-03  2.85618527E-02  1.26733375E-01  4.89039437E-01 
 1.70411132E+00  3.87145664E+00  8.39675684E+00  1.73219168E+01  3.47247509E+01 
 5.64494525E+01  8.57364468E+01  1.10186270E+02  1.27194623E+02  1.42788338E+02 
 1.63446724E+02  1.84825688E+02  2.04374798E+02  2.24656658E+02  2.30612579E+02 
 2.35814440E+02  2.41236331E+02  2.45229267E+02  2.55026039E+02  2.59200404E+02 
 2.62476281E+02  2.65272231E+02  2.69127311E+02  2.73073205E+02  2.78749283E+02 
 2.85936609E+02  2.94615329E+02  3.04767312E+02  3.14307426E+02  3.24538858E+02 
 3.33921307E+02  3.43451973E+02  ) >                                            
PGS               ( > 
 6.45788466E-07  1.02956217E-06  1.53141505E-06  2.29117431E-06  3.47913445E-06 
 5.67480495E-06  9.55212329E-06  1.70053888E-05  2.98216226E-05  5.28549056E-05 
 8.37981598E-05  1.34921672E-04  2.14052652E-04  3.24604175E-04  4.69249907E-04 
 6.56904955E-04  9.08590411E-04  1.28582971E-03  1.66744667E-03  2.12339152E-03 
 2.55790523E-03  2.95142761E-03  3.29190108E-03  3.56515356E-03  3.86341955E-03 
 4.15986890E-03  4.53507898E-03  4.94300802E-03  5.41197159E-03  6.31624401E-03 
 7.53115042E-03  9.45187966E-03  1.32320627E-02  1.90310958E-02  3.98653689E-02 
 9.46732196E-02  3.38376196E-01  1.56959055E+00  6.96451699E+00  2.68747159E+01 
 9.36478822E+01  2.12752366E+02  4.61436109E+02  9.51910131E+02  1.90826700E+03 
 3.10212815E+03  4.71156819E+03  6.05518593E+03  6.98986441E+03  7.84680280E+03 
 8.98206553E+03  1.01569270E+04  1.12312305E+04  1.23458016E+04  1.26731038E+04 
 1.29589674E+04  1.32569224E+04  1.34763506E+04  1.40147232E+04  1.42441217E+04 
 1.44241445E+04  1.45777934E+04  1.47896458E+04  1.50064888E+04  1.53184125E+04 
 1.57133854E+04  1.61903165E+04  1.67482095E+04  1.72724778E+04  1.78347368E+04 
 1.83503407E+04  1.88740897E+04  ) >                                            
PTO               ( > 
 6.45788466E-07  1.02956217E-06  1.53141505E-06  2.29117431E-06  3.47913445E-06 
 5.67480495E-06  9.55212329E-06  1.70053888E-05  2.98216226E-05  5.28549056E-05 
 8.37981598E-05  1.34921672E-04  2.14052652E-04  3.24604175E-04  4.69249907E-04 
 6.56904955E-04  9.08590411E-04  1.28582971E-03  1.66744667E-03  2.12339152E-03 
 2.55790523E-03  2.95142761E-03  3.29190108E-03  3.56515356E-03  3.86341955E-03 
 4.15986890E-03  4.53507898E-03  4.94300802E-03  5.41197159E-03  6.31624401E-03 
 7.53115042E-03  9.45187966E-03  1.32320627E-02  1.90310958E-02  3.98653689E-02 
 9.46732196E-02  3.38376196E-01  1.56959055E+00  6.96451699E+00  2.68747159E+01 
 9.36478822E+01  2.12752366E+02  4.61436109E+02  9.51910131E+02  1.90826700E+03 
 3.10212815E+03  4.71156819E+03  6.05518593E+03  6.98986441E+03  7.84680280E+03 
 8.98206553E+03  1.01569270E+04  1.12312305E+04  1.23458016E+04  1.26731038E+04 
 1.29589674E+04  1.32569224E+04  1.34763506E+04  1.40147232E+04  1.42441217E+04 
 1.44241445E+04  1.45777934E+04  1.47896458E+04  1.50064888E+04  1.53184125E+04 
 1.57133854E+04  1.61903165E+04  1.67482095E+04  1.72724778E+04  1.78347368E+04 
 1.83503407E+04  1.88740897E+04  ) >                                            
TE                ( > 
 1.32412000E+05  1.22873000E+05  1.14001000E+05  1.05571000E+05  9.73640000E+04 
 8.84590000E+04  7.99340000E+04  7.19440000E+04  6.49690000E+04  5.92620000E+04 
 5.51960000E+04  5.14970000E+04  4.81510000E+04  4.53560000E+04  4.30190000E+04 
 4.09810000E+04  3.91090000E+04  3.69850000E+04  3.51950000E+04  3.33090000E+04 
 3.17630000E+04  3.06250000E+04  2.97380000E+04  2.87850000E+04  2.76220000E+04 
 2.65170000E+04  2.52860000E+04  2.41760000E+04  2.30650000E+04  2.08400000E+04 
 1.85160000E+04  1.59410000E+04  1.31220000E+04  1.06990000E+04  8.59300000E+03 
 7.34100000E+03  6.35500000E+03  5.64000000E+03  5.21900000E+03  4.95500000E+03 
 4.77200000E+03  4.66400000E+03  4.59800000E+03  4.55500000E+03  4.54200000E+03 
 4.55000000E+03  4.58100000E+03  4.62500000E+03  4.66100000E+03  4.70500000E+03 
 4.76800000E+03  4.84500000E+03  4.95300000E+03  5.09900000E+03  5.24000000E+03 
 5.35900000E+03  5.50800000E+03  5.66600000E+03  6.06200000E+03  6.23400000E+03 
 6.47900000E+03  6.69400000E+03  6.97500000E+03  7.20700000E+03  7.46100000E+03 
 7.73200000E+03  8.01100000E+03  8.30800000E+03  8.57000000E+03  8.82400000E+03 
 9.06100000E+03  9.29800000E+03  ) >                                            
DENS              ( > 
 4.20278373E-20  7.22420781E-20  1.15913788E-19  1.87527825E-19  3.09533579E-19 
 5.58636204E-19  1.05063542E-18  2.10672116E-18  4.14398117E-18  8.11232962E-18 
 1.38513332E-17  2.39414372E-17  4.06535627E-17  6.54733137E-17  9.98119993E-17 
 1.46699432E-16  2.12654500E-16  3.18310631E-16  4.33909579E-16  5.84108104E-16 
 7.38449702E-16  8.84518198E-16  1.01717551E-15  1.13958138E-15  1.28909796E-15 
 1.44901059E-15  1.66189210E-15  1.90269204E-15  2.19758353E-15  2.89008175E-15 
 3.98108054E-15  5.90272354E-15  1.00865160E-14  1.85083055E-14  5.07207173E-14 
 1.57842113E-13  8.83232928E-13  5.00892679E-12  2.42185181E-11  9.85322000E-11 
 3.56595549E-10  8.28935535E-10  1.82373859E-09  3.79789238E-09  7.63569585E-09 
 1.23916027E-08  1.86942313E-08  2.37973974E-08  2.72588573E-08  3.03145200E-08 
 3.42416100E-08  3.81043886E-08  4.12144461E-08  4.40050396E-08  4.39537776E-08 
 4.39451706E-08  4.37366403E-08  4.32171589E-08  4.19929705E-08  4.14920995E-08 
 4.04061253E-08  3.94973915E-08  3.84045392E-08  3.76512139E-08  3.70326981E-08 
 3.65207874E-08  3.61300752E-08  3.57699108E-08  3.54544733E-08  3.51849335E-08 
 3.48373868E-08  3.44253077E-08  ) >                                            
TAU5000           ( > 
 0.00000000E+00  2.06086427E-09  4.74500672E-09  8.79918488E-09  1.51155109E-08 
 2.67057865E-08  4.68832084E-08  8.47857303E-08  1.48212331E-07  2.60006651E-07 
 4.08666515E-07  6.53208744E-07  1.03092135E-06  1.55801026E-06  2.24724350E-06 
 3.14106100E-06  4.33945132E-06  6.13514428E-06  7.95058608E-06  1.01179939E-05 
 1.21809088E-05  1.40460041E-05  1.56564072E-05  1.69457166E-05  1.83488067E-05 
 1.97380014E-05  2.14868548E-05  2.33740775E-05  2.55205689E-05  2.95611172E-05 
 3.47410364E-05  4.25928403E-05  5.78246886E-05  7.98701532E-05  1.52023604E-04 
 3.16123480E-04  6.15921901E-04  8.44400294E-04  1.02904518E-03  1.36555577E-03 
 2.38529458E-03  4.21219166E-03  8.21653714E-03  1.70985006E-02  3.80039991E-02 
 7.06121138E-02  1.26847607E-01  1.86727997E-01  2.37135492E-01  2.91437509E-01 
 3.79097410E-01  4.94477005E-01  6.34480914E-01  8.42764256E-01  9.30753100E-01 
 1.03382862E+00  1.17768488E+00  1.32406021E+00  1.95453254E+00  2.39970516E+00 
 2.89765453E+00  3.51275124E+00  4.75885667E+00  6.60828397E+00  1.03605340E+01 
 1.72043100E+01  2.92236592E+01  4.99607708E+01  7.82006280E+01  1.20558858E+02 
 1.73830034E+02  2.46621696E+02  ) >                                            
[ FONTENLA data start ] > 
> LEID       MODEL LEID   5 L H        ITER 07-17   2014-Mar-24                 
LEID      model as of 2014-Mar-25 (PANDORA program version  78.018)
              Height     Temperature              ne              nH              vt              vp         bHminus        Velocity
   1 -1.34498000E+07  1.32412000E+05  1.85664433E+04  1.39641703E+04  3.00000000E+01  0.00000000E+00  1.05075272E+03  0.00000000E+00
   2 -1.21944000E+07  1.22873000E+05  3.18833482E+04  2.40031546E+04  3.00000000E+01  0.00000000E+00  1.00893416E+03  0.00000000E+00
   3 -1.12022000E+07  1.14001000E+05  5.10776196E+04  3.85135179E+04  3.00000000E+01  0.00000000E+00  9.65912157E+02  0.00000000E+00
   4 -1.02707000E+07  1.05571000E+05  8.24170238E+04  6.23079998E+04  3.00000000E+01  0.00000000E+00  9.20797019E+02  0.00000000E+00
   5 -9.37975000E+06  9.73640000E+04  1.35392636E+05  1.02845634E+05  3.00000000E+01  0.00000000E+00  8.72336017E+02  0.00000000E+00
   6 -8.42803000E+06  8.84590000E+04  2.41905015E+05  1.85612479E+05  3.00000000E+01  0.00000000E+00  8.13945544E+02  0.00000000E+00
   7 -7.51697000E+06  7.99340000E+04  4.46630728E+05  3.49084149E+05  2.99658337E+01  0.00000000E+00  7.51557770E+02  0.00000000E+00
   8 -6.61782000E+06  7.19440000E+04  8.72075716E+05  6.99979222E+05  2.97026454E+01  0.00000000E+00  6.86524650E+02  0.00000000E+00
   9 -5.83930000E+06  6.49690000E+04  1.67249715E+06  1.37687928E+06  2.84811069E+01  0.00000000E+00  6.23964314E+02  0.00000000E+00
  10 -5.12657000E+06  5.92620000E+04  3.22575885E+06  2.69540284E+06  2.63410905E+01  0.00000000E+00  5.68431052E+02  0.00000000E+00
  11 -4.60024000E+06  5.51960000E+04  5.47417396E+06  4.60224429E+06  2.63554331E+01  0.00000000E+00  5.26372116E+02  0.00000000E+00
  12 -4.09435050E+06  5.14970000E+04  9.43193826E+06  7.95478250E+06  2.68099527E+01  0.00000000E+00  4.86283262E+02  0.00000000E+00
  13 -3.63687425E+06  4.81510000E+04  1.59911766E+07  1.35075537E+07  2.64526477E+01  0.00000000E+00  4.48542078E+02  0.00000000E+00
  14 -3.24977900E+06  4.53560000E+04  2.57348147E+07  2.17541648E+07  2.55850875E+01  0.00000000E+00  4.15982051E+02  0.00000000E+00
  15 -2.92602650E+06  4.30190000E+04  3.92148502E+07  3.31635373E+07  2.48917503E+01  0.00000000E+00  3.88081620E+02  0.00000000E+00
  16 -2.64516100E+06  4.09810000E+04  5.76177375E+07  4.87423569E+07  2.44759381E+01  0.00000000E+00  3.63292573E+02  0.00000000E+00
  17 -2.38700375E+06  3.91090000E+04  8.34933684E+07  7.06565892E+07  2.40750421E+01  0.00000000E+00  3.40189470E+02  0.00000000E+00
  18 -2.12435750E+06  3.69850000E+04  1.24912738E+08  1.05761898E+08  2.36391277E+01  0.00000000E+00  3.13653216E+02  0.00000000E+00
  19 -1.93793938E+06  3.51950000E+04  1.70170031E+08  1.44170807E+08  2.33018688E+01  0.00000000E+00  2.91085920E+02  0.00000000E+00
  20 -1.77342962E+06  3.33090000E+04  2.28865921E+08  1.94075773E+08  2.29772993E+01  0.00000000E+00  2.67183109E+02  0.00000000E+00
  21 -1.65317400E+06  3.17630000E+04  2.88892911E+08  2.45357316E+08  2.27206047E+01  0.00000000E+00  2.47556879E+02  0.00000000E+00
  22 -1.56464938E+06  3.06250000E+04  3.45406349E+08  2.93890038E+08  2.25225965E+01  0.00000000E+00  2.33128383E+02  0.00000000E+00
  23 -1.49935950E+06  2.97380000E+04  3.96268277E+08  3.37966759E+08  2.23601579E+01  0.00000000E+00  2.21912546E+02  0.00000000E+00
  24 -1.45315425E+06  2.87850000E+04  4.42773179E+08  3.78637336E+08  2.22250453E+01  0.00000000E+00  2.09910239E+02  0.00000000E+00
  25 -1.40835625E+06  2.76220000E+04  4.99150803E+08  4.28315719E+08  2.20765097E+01  0.00000000E+00  1.95356551E+02  0.00000000E+00
  26 -1.36888500E+06  2.65170000E+04  5.58593370E+08  4.81448294E+08  2.19337433E+01  0.00000000E+00  1.81655277E+02  0.00000000E+00
  27 -1.32489688E+06  2.52860000E+04  6.36524508E+08  5.52180308E+08  2.17640690E+01  0.00000000E+00  1.66580034E+02  0.00000000E+00
  28 -1.28316725E+06  2.41760000E+04  7.22396359E+08  6.32188502E+08  2.15941183E+01  0.00000000E+00  1.53198437E+02  0.00000000E+00
  29 -1.24143762E+06  2.30650000E+04  8.23458375E+08  7.30169158E+08  2.14104602E+01  0.00000000E+00  1.40048830E+02  0.00000000E+00
  30 -1.17600188E+06  2.08400000E+04  1.04318861E+09  9.60258631E+08  2.10536705E+01  0.00000000E+00  1.14629022E+02  0.00000000E+00
  31 -1.11081900E+06  1.85160000E+04  1.35915890E+09  1.32275392E+09  1.70026489E+01  0.00000000E+00  8.97321101E+01  0.00000000E+00
  32 -1.03895056E+06  1.59410000E+04  1.94188564E+09  1.96123907E+09  1.13740834E+01  0.00000000E+00  6.46835009E+01  0.00000000E+00
  33 -9.50368688E+05  1.31220000E+04  3.28330203E+09  3.35134604E+09  5.30000000E+00  0.00000000E+00  4.10745854E+01  0.00000000E+00
  34 -8.73719375E+05  1.06990000E+04  5.50439829E+09  6.14957004E+09  5.30000000E+00  0.00000000E+00  2.45848335E+01  0.00000000E+00
  35 -7.53134125E+05  8.59300000E+03  1.33840596E+10  1.68524667E+10  5.30000000E+00  0.00000000E+00  1.35027080E+01  0.00000000E+00
  36 -6.45131875E+05  7.34100000E+03  3.04540104E+10  5.24446241E+10  5.30000000E+00  0.00000000E+00  8.46498163E+00  0.00000000E+00
  37 -5.34926062E+05  6.35500000E+03  3.36938133E+10  2.93462994E+11  5.30000000E+00  0.00000000E+00  5.34935496E+00  0.00000000E+00
  38 -4.39226438E+05  5.64000000E+03  1.93654588E+10  1.66426614E+12  5.30000000E+00  0.00000000E+00  3.56575722E+00  0.00000000E+00
  39 -3.58032750E+05  5.21900000E+03  1.29438226E+10  8.04684541E+12  5.30000000E+00  0.00000000E+00  2.67550689E+00  0.00000000E+00
  40 -2.89285000E+05  4.95500000E+03  1.34021943E+10  3.27383112E+13  5.30000000E+00  0.00000000E+00  2.12589891E+00  0.00000000E+00
  41 -2.28503000E+05  4.77200000E+03  1.59066768E+10  1.18482446E+14  5.30000000E+00  0.00000000E+00  1.67996320E+00  0.00000000E+00
  42 -1.89761938E+05  4.66400000E+03  1.83089616E+10  2.75422141E+14  5.30000000E+00  0.00000000E+00  1.40511533E+00  0.00000000E+00
  43 -1.53873234E+05  4.59800000E+03  2.28362903E+10  6.05955428E+14  5.30000000E+00  0.00000000E+00  1.21946541E+00  0.00000000E+00
  44 -1.20708102E+05  4.55500000E+03  2.97487894E+10  1.26188781E+15  5.23648109E+00  0.00000000E+00  1.10832011E+00  0.00000000E+00
  45 -8.90504766E+04  4.54200000E+03  4.16936833E+10  2.53703649E+15  5.04577110E+00  0.00000000E+00  1.04963892E+00  0.00000000E+00
  46 -6.69403828E+04  4.55000000E+03  5.65057221E+10  4.11723422E+15  5.00000000E+00  0.00000000E+00  1.02560605E+00  0.00000000E+00
  47 -4.78453047E+04  4.58100000E+03  8.01181562E+10  6.21134573E+15  5.00000000E+00  0.00000000E+00  1.01281096E+00  0.00000000E+00
  48 -3.62877578E+04  4.62500000E+03  1.07061225E+11  7.90692382E+15  5.00000000E+00  0.00000000E+00  1.00782397E+00  0.00000000E+00
  49 -2.96164629E+04  4.66100000E+03  1.31140923E+11  9.05702860E+15  5.00000000E+00  0.00000000E+00  1.00545208E+00  0.00000000E+00
  50 -2.41961484E+04  4.70500000E+03  1.61987420E+11  1.00723032E+16  5.00000000E+00  0.00000000E+00  1.00399390E+00  0.00000000E+00
  51 -1.77903223E+04  4.76800000E+03  2.15538498E+11  1.13771182E+16  5.00000000E+00  0.00000000E+00  1.00223826E+00  0.00000000E+00
  52 -1.18772637E+04  4.84500000E+03  2.97390006E+11  1.26605651E+16  5.00000000E+00  0.00000000E+00  1.00055501E+00  0.00000000E+00
  53 -6.94971484E+03  4.95300000E+03  4.42701896E+11  1.36939129E+16  5.00000000E+00  0.00000000E+00  9.99514379E-01  0.00000000E+00
  54 -2.19222998E+03  5.09900000E+03  7.31660591E+11  1.46211155E+16  5.00000000E+00  0.00000000E+00  9.97630018E-01  0.00000000E+00
  55 -8.38047974E+02  5.24000000E+03  1.10100384E+12  1.46040832E+16  5.00000000E+00  0.00000000E+00  9.99452199E-01  0.00000000E+00
  56  3.45502014E+02  5.35900000E+03  1.54309599E+12  1.46012235E+16  5.00000000E+00  0.00000000E+00  1.00016477E+00  0.00000000E+00
  57  1.58172998E+03  5.50800000E+03  2.31076409E+12  1.45319372E+16  5.00000000E+00  0.00000000E+00  1.00091942E+00  0.00000000E+00
  58  2.50011011E+03  5.66600000E+03  3.45007633E+12  1.43593342E+16  5.00000000E+00  0.00000000E+00  1.00255073E+00  0.00000000E+00
  59  4.80000000E+03  6.06200000E+03  8.84761248E+12  1.39525854E+16  5.00000000E+00  0.00000000E+00  1.00271146E+00  0.00000000E+00
  60  5.80000000E+03  6.23400000E+03  1.28928885E+13  1.37861660E+16  5.00000000E+00  0.00000000E+00  1.00069534E+00  0.00000000E+00
  61  6.60000000E+03  6.47900000E+03  2.10472605E+13  1.34253402E+16  5.00000000E+00  0.00000000E+00  1.00258524E+00  0.00000000E+00
  62  7.30000000E+03  6.69400000E+03  3.15060180E+13  1.31234043E+16  5.00000000E+00  0.00000000E+00  1.00306294E+00  0.00000000E+00
  63  8.29053027E+03  6.97500000E+03  5.15470539E+13  1.27602931E+16  5.00000000E+00  0.00000000E+00  1.00278750E+00  0.00000000E+00
  64  9.32879980E+03  7.20700000E+03  7.52957668E+13  1.25099933E+16  5.00000000E+00  0.00000000E+00  1.00204692E+00  0.00000000E+00
  65  1.08495000E+04  7.46100000E+03  1.11159263E+14  1.23044852E+16  5.00000000E+00  0.00000000E+00  1.00151348E+00  0.00000000E+00
  66  1.28045996E+04  7.73200000E+03  1.63936987E+14  1.21343977E+16  5.00000000E+00  0.00000000E+00  1.00147610E+00  0.00000000E+00
  67  1.51942002E+04  8.01100000E+03  2.38191382E+14  1.20045797E+16  5.00000000E+00  0.00000000E+00  1.00149483E+00  0.00000000E+00
  68  1.80183008E+04  8.30800000E+03  3.44777384E+14  1.18849114E+16  5.00000000E+00  0.00000000E+00  1.00158390E+00  0.00000000E+00
  69  2.06975996E+04  8.57000000E+03  4.67155644E+14  1.17801042E+16  5.00000000E+00  0.00000000E+00  1.00165231E+00  0.00000000E+00
  70  2.35940996E+04  8.82400000E+03  6.15842890E+14  1.16905469E+16  5.00000000E+00  0.00000000E+00  1.00165868E+00  0.00000000E+00
  71  2.62733008E+04  9.06100000E+03  7.83543458E+14  1.15750710E+16  5.00000000E+00  0.00000000E+00  1.00166063E+00  0.00000000E+00
  72  2.90250000E+04  9.29800000E+03  9.81799763E+14  1.14381536E+16  5.00000000E+00  0.00000000E+00  1.00160290E+00  0.00000000E+00
[ FONTENLA data end ] > 
[ CENSUS data start ] > 
> LEID       MODEL LEID   5 L H        ITER 07-17   2014-Mar-24                 
H             1   72
Z                 ( > 
-1.34498000E+07 -1.21944000E+07 -1.12022000E+07 -1.02707000E+07 -9.37975000E+06 
-8.42803000E+06 -7.51697000E+06 -6.61782000E+06 -5.83930000E+06 -5.12657000E+06 
-4.60024000E+06 -4.09435050E+06 -3.63687425E+06 -3.24977900E+06 -2.92602650E+06 
-2.64516100E+06 -2.38700375E+06 -2.12435750E+06 -1.93793938E+06 -1.77342962E+06 
-1.65317400E+06 -1.56464938E+06 -1.49935950E+06 -1.45315425E+06 -1.40835625E+06 
-1.36888500E+06 -1.32489688E+06 -1.28316725E+06 -1.24143762E+06 -1.17600188E+06 
-1.11081900E+06 -1.03895056E+06 -9.50368688E+05 -8.73719375E+05 -7.53134125E+05 
-6.45131875E+05 -5.34926062E+05 -4.39226438E+05 -3.58032750E+05 -2.89285000E+05 
-2.28503000E+05 -1.89761938E+05 -1.53873234E+05 -1.20708102E+05 -8.90504766E+04 
-6.69403828E+04 -4.78453047E+04 -3.62877578E+04 -2.96164629E+04 -2.41961484E+04 
-1.77903223E+04 -1.18772637E+04 -6.94971484E+03 -2.19222998E+03 -8.38047974E+02 
 3.45502014E+02  1.58172998E+03  2.50011011E+03  4.80000000E+03  5.80000000E+03 
 6.60000000E+03  7.30000000E+03  8.29053027E+03  9.32879980E+03  1.08495000E+04 
 1.28045996E+04  1.51942002E+04  1.80183008E+04  2.06975996E+04  2.35940996E+04 
 2.62733008E+04  2.90250000E+04  ) >                                            
FLVSL             ( > 
-6.99786384E+00 -6.73280615E+00 -6.50661777E+00 -6.27223849E+00 -6.03577109E+00 
-5.75626841E+00 -5.42461510E+00 -5.18247837E+00 -4.88794654E+00 -4.60681938E+00 
-4.38968181E+00 -4.17706906E+00 -3.97925707E+00 -3.80745756E+00 -3.66035067E+00 
-3.52893155E+00 -3.40538757E+00 -3.26572357E+00 -3.15049951E+00 -3.02832379E+00 
-2.92636387E+00 -2.84974859E+00 -2.78940021E+00 -2.72643949E+00 -2.64789162E+00 
-2.57470193E+00 -2.48908595E+00 -2.41416176E+00 -2.34311996E+00 -2.18122375E+00 
-2.02349985E+00 -1.82486979E+00 -1.68775716E+00 -9.78881596E-01 -6.86398904E-01 
-3.77403178E-01 -5.29553575E-02 -5.08145196E-03 -6.98263627E-04 -1.77454320E-04 
-5.99146950E-05 -3.51942883E-05 -3.38585049E-05 -5.17198543E-05 -9.40669006E-05 
-1.44607159E-04 -1.99396701E-04 -2.27340455E-04 -2.38842181E-04 -2.39940674E-04 
-2.35556559E-04 -2.22865933E-04 -1.96008300E-04 -1.65535136E-04 -1.41858154E-04 
-1.33381571E-04 -1.35982290E-04 -1.55117157E-04 -3.02404826E-04 -4.27236161E-04 
-6.96067812E-04 -1.05480670E-03 -1.76546788E-03 -2.62740647E-03 -3.94523128E-03 
-5.91003326E-03 -8.70539619E-03 -1.27857607E-02 -1.75732606E-02 -2.35020702E-02 
-3.04397752E-02 -3.89747348E-02  ) >                                            
FIONL             ( > 
-4.36435922E-08 -8.03485788E-08 -1.35259136E-07 -2.32030958E-07 -3.99957105E-07 
-7.61230676E-07 -1.63369144E-06 -2.85303673E-06 -5.62134939E-06 -1.07391598E-05 
-1.77056286E-05 -2.88888131E-05 -4.55564652E-05 -6.76644546E-05 -9.49469701E-05 
-1.28504109E-04 -1.70797748E-04 -2.35601763E-04 -3.07212159E-04 -4.07065258E-04 
-5.14846590E-04 -6.14246660E-04 -7.05889946E-04 -8.16117733E-04 -9.78096381E-04 
-1.15787369E-03 -1.41059866E-03 -1.67672039E-03 -1.97538461E-03 -2.87074846E-03 
-4.13380249E-03 -6.54915064E-03 -9.00579936E-03 -4.81686481E-02 -1.00110479E-01 
-2.36100141E-01 -9.40083077E-01 -1.93433526E+00 -2.79415306E+00 -3.38985198E+00 
-3.87769040E+00 -4.18835944E+00 -4.44307062E+00 -4.65841784E+00 -4.82869682E+00 
-4.91568637E+00 -4.94571934E+00 -4.92156471E+00 -4.88874531E+00 -4.83799861E+00 
-4.75988879E+00 -4.65906806E+00 -4.51202074E+00 -4.31457879E+00 -4.13193789E+00 
-3.98262937E+00 -3.80301204E+00 -3.62228039E+00 -3.19898574E+00 -3.02989742E+00 
-2.80522692E+00 -2.61999165E+00 -2.39387363E+00 -2.22064429E+00 -2.04423502E+00 
-1.86943129E+00 -1.70249275E+00 -1.53751566E+00 -1.40173670E+00 -1.27840566E+00 
-1.16949286E+00 -1.06635519E+00  ) >                                            
[ CENSUS data end ] > 
[ KURUCZ - MODEL data start ] > 
> LEID       MODEL LEID   5 L H        ITER 07-17   2014-Mar-24                 
        72
      mass          Te          p(gas)          Ne                   v(broad)      v(flow)
 1.175142E-08    132412.0  6.457885E-07  1.856644E+04  0.0  0.0  3.000000E+06  0.000000E+00      1
 1.873495E-08    122873.0  1.029562E-06  3.188335E+04  0.0  0.0  3.000000E+06  0.000000E+00      2
 2.786717E-08    114001.0  1.531415E-06  5.107762E+04  0.0  0.0  3.000000E+06  0.000000E+00      3
 4.169252E-08    105571.0  2.291174E-06  8.241702E+04  0.0  0.0  3.000000E+06  0.000000E+00      4
 6.330984E-08     97364.0  3.479134E-06  1.353926E+05  0.0  0.0  3.000000E+06  0.000000E+00      5
 1.032645E-07     88459.0  5.674805E-06  2.419050E+05  0.0  0.0  3.000000E+06  0.000000E+00      6
 1.738201E-07     79934.0  9.552123E-06  4.466307E+05  0.0  0.0  2.996583E+06  0.000000E+00      7
 3.094472E-07     71944.0  1.700539E-05  8.720757E+05  0.0  0.0  2.970265E+06  0.000000E+00      8
 5.426643E-07     64969.0  2.982162E-05  1.672497E+06  0.0  0.0  2.848111E+06  0.000000E+00      9
 9.618012E-07     59262.0  5.285491E-05  3.225759E+06  0.0  0.0  2.634109E+06  0.000000E+00     10
 1.524876E-06     55196.0  8.379816E-05  5.474174E+06  0.0  0.0  2.635543E+06  0.000000E+00     11
 2.455171E-06     51497.0  1.349217E-04  9.431938E+06  0.0  0.0  2.680995E+06  0.000000E+00     12
 3.895118E-06     48151.0  2.140527E-04  1.599118E+07  0.0  0.0  2.645265E+06  0.000000E+00     13
 5.906825E-06     45356.0  3.246042E-04  2.573481E+07  0.0  0.0  2.558509E+06  0.000000E+00     14
 8.538945E-06     43019.0  4.692499E-04  3.921485E+07  0.0  0.0  2.489175E+06  0.000000E+00     15
 1.195371E-05     40981.0  6.569050E-04  5.761774E+07  0.0  0.0  2.447594E+06  0.000000E+00     16
 1.653363E-05     39109.0  9.085904E-04  8.349337E+07  0.0  0.0  2.407504E+06  0.000000E+00     17
 2.339825E-05     36985.0  1.285830E-03  1.249127E+08  0.0  0.0  2.363913E+06  0.000000E+00     18
 3.034254E-05     35195.0  1.667447E-03  1.701700E+08  0.0  0.0  2.330187E+06  0.000000E+00     19
 3.863937E-05     33309.0  2.123392E-03  2.288659E+08  0.0  0.0  2.297730E+06  0.000000E+00     20
 4.654622E-05     31763.0  2.557905E-03  2.888929E+08  0.0  0.0  2.272060E+06  0.000000E+00     21
 5.370715E-05     30625.0  2.951428E-03  3.454063E+08  0.0  0.0  2.252260E+06  0.000000E+00     22
 5.990275E-05     29738.0  3.291901E-03  3.962683E+08  0.0  0.0  2.236016E+06  0.000000E+00     23
 6.487513E-05     28785.0  3.565154E-03  4.427732E+08  0.0  0.0  2.222505E+06  0.000000E+00     24
 7.030268E-05     27622.0  3.863420E-03  4.991508E+08  0.0  0.0  2.207651E+06  0.000000E+00     25
 7.569717E-05     26517.0  4.159869E-03  5.585934E+08  0.0  0.0  2.193374E+06  0.000000E+00     26
 8.252487E-05     25286.0  4.535079E-03  6.365245E+08  0.0  0.0  2.176407E+06  0.000000E+00     27
 8.994796E-05     24176.0  4.943008E-03  7.223964E+08  0.0  0.0  2.159412E+06  0.000000E+00     28
 9.848169E-05     23065.0  5.411972E-03  8.234584E+08  0.0  0.0  2.141046E+06  0.000000E+00     29
 1.149367E-04     20840.0  6.316244E-03  1.043189E+09  0.0  0.0  2.105367E+06  0.000000E+00     30
 1.370444E-04     18516.0  7.531150E-03  1.359159E+09  0.0  0.0  1.700265E+06  0.000000E+00     31
 1.719959E-04     15941.0  9.451880E-03  1.941886E+09  0.0  0.0  1.137408E+06  0.000000E+00     32
 2.407840E-04     13122.0  1.323206E-02  3.283302E+09  0.0  0.0  5.300000E+05  0.000000E+00     33
 3.463090E-04     10699.0  1.903110E-02  5.504398E+09  0.0  0.0  5.300000E+05  0.000000E+00     34
 7.254305E-04      8593.0  3.986537E-02  1.338406E+10  0.0  0.0  5.300000E+05  0.000000E+00     35
 1.722769E-03      7341.0  9.467322E-02  3.045401E+10  0.0  0.0  5.300000E+05  0.000000E+00     36
 6.157435E-03      6355.0  3.383762E-01  3.369381E+10  0.0  0.0  5.300000E+05  0.000000E+00     37
 2.856185E-02      5640.0  1.569591E+00  1.936546E+10  0.0  0.0  5.300000E+05  0.000000E+00     38
 1.267334E-01      5219.0  6.964517E+00  1.294382E+10  0.0  0.0  5.300000E+05  0.000000E+00     39
 4.890394E-01      4955.0  2.687472E+01  1.340219E+10  0.0  0.0  5.300000E+05  0.000000E+00     40
 1.704111E+00      4772.0  9.364788E+01  1.590668E+10  0.0  0.0  5.300000E+05  0.000000E+00     41
 3.871457E+00      4664.0  2.127524E+02  1.830896E+10  0.0  0.0  5.300000E+05  0.000000E+00     42
 8.396757E+00      4598.0  4.614361E+02  2.283629E+10  0.0  0.0  5.300000E+05  0.000000E+00     43
 1.732192E+01      4555.0  9.519101E+02  2.974879E+10  0.0  0.0  5.236481E+05  0.000000E+00     44
 3.472475E+01      4542.0  1.908267E+03  4.169368E+10  0.0  0.0  5.045771E+05  0.000000E+00     45
 5.644945E+01      4550.0  3.102128E+03  5.650572E+10  0.0  0.0  5.000000E+05  0.000000E+00     46
 8.573645E+01      4581.0  4.711568E+03  8.011816E+10  0.0  0.0  5.000000E+05  0.000000E+00     47
 1.101863E+02      4625.0  6.055186E+03  1.070612E+11  0.0  0.0  5.000000E+05  0.000000E+00     48
 1.271946E+02      4661.0  6.989864E+03  1.311409E+11  0.0  0.0  5.000000E+05  0.000000E+00     49
 1.427883E+02      4705.0  7.846803E+03  1.619874E+11  0.0  0.0  5.000000E+05  0.000000E+00     50
 1.634467E+02      4768.0  8.982066E+03  2.155385E+11  0.0  0.0  5.000000E+05  0.000000E+00     51
 1.848257E+02      4845.0  1.015693E+04  2.973900E+11  0.0  0.0  5.000000E+05  0.000000E+00     52
 2.043748E+02      4953.0  1.123123E+04  4.427019E+11  0.0  0.0  5.000000E+05  0.000000E+00     53
 2.246567E+02      5099.0  1.234580E+04  7.316606E+11  0.0  0.0  5.000000E+05  0.000000E+00     54
 2.306126E+02      5240.0  1.267310E+04  1.101004E+12  0.0  0.0  5.000000E+05  0.000000E+00     55
 2.358144E+02      5359.0  1.295897E+04  1.543096E+12  0.0  0.0  5.000000E+05  0.000000E+00     56
 2.412363E+02      5508.0  1.325692E+04  2.310764E+12  0.0  0.0  5.000000E+05  0.000000E+00     57
 2.452293E+02      5666.0  1.347635E+04  3.450076E+12  0.0  0.0  5.000000E+05  0.000000E+00     58
 2.550260E+02      6062.0  1.401472E+04  8.847612E+12  0.0  0.0  5.000000E+05  0.000000E+00     59
 2.592004E+02      6234.0  1.424412E+04  1.289289E+13  0.0  0.0  5.000000E+05  0.000000E+00     60
 2.624763E+02      6479.0  1.442414E+04  2.104726E+13  0.0  0.0  5.000000E+05  0.000000E+00     61
 2.652722E+02      6694.0  1.457779E+04  3.150602E+13  0.0  0.0  5.000000E+05  0.000000E+00     62
 2.691273E+02      6975.0  1.478965E+04  5.154705E+13  0.0  0.0  5.000000E+05  0.000000E+00     63
 2.730732E+02      7207.0  1.500649E+04  7.529577E+13  0.0  0.0  5.000000E+05  0.000000E+00     64
 2.787493E+02      7461.0  1.531841E+04  1.111593E+14  0.0  0.0  5.000000E+05  0.000000E+00     65
 2.859366E+02      7732.0  1.571339E+04  1.639370E+14  0.0  0.0  5.000000E+05  0.000000E+00     66
 2.946153E+02      8011.0  1.619032E+04  2.381914E+14  0.0  0.0  5.000000E+05  0.000000E+00     67
 3.047673E+02      8308.0  1.674821E+04  3.447774E+14  0.0  0.0  5.000000E+05  0.000000E+00     68
 3.143074E+02      8570.0  1.727248E+04  4.671556E+14  0.0  0.0  5.000000E+05  0.000000E+00     69
 3.245389E+02      8824.0  1.783474E+04  6.158429E+14  0.0  0.0  5.000000E+05  0.000000E+00     70
 3.339213E+02      9061.0  1.835034E+04  7.835435E+14  0.0  0.0  5.000000E+05  0.000000E+00     71
 3.434520E+02      9298.0  1.887409E+04  9.817998E+14  0.0  0.0  5.000000E+05  0.000000E+00     72
[ KURUCZ - MODEL data end ] > 
[ KURUCZ - b data start ] > 
> LEID       MODEL LEID   5 L H        ITER 07-17   2014-Mar-24                 
HMINUS         1        72
 1.05075272E+03  1.00893416E+03  9.65912157E+02  9.20797019E+02  8.72336017E+02 
 8.13945544E+02  7.51557770E+02  6.86524650E+02  6.23964314E+02  5.68431052E+02 
 5.26372116E+02  4.86283262E+02  4.48542078E+02  4.15982051E+02  3.88081620E+02 
 3.63292573E+02  3.40189470E+02  3.13653216E+02  2.91085920E+02  2.67183109E+02 
 2.47556879E+02  2.33128383E+02  2.21912546E+02  2.09910239E+02  1.95356551E+02 
 1.81655277E+02  1.66580034E+02  1.53198437E+02  1.40048830E+02  1.14629022E+02 
 8.97321101E+01  6.46835009E+01  4.10745854E+01  2.45848335E+01  1.35027080E+01 
 8.46498163E+00  5.34935496E+00  3.56575722E+00  2.67550689E+00  2.12589891E+00 
 1.67996320E+00  1.40511533E+00  1.21946541E+00  1.10832011E+00  1.04963892E+00 
 1.02560605E+00  1.01281096E+00  1.00782397E+00  1.00545208E+00  1.00399390E+00 
 1.00223826E+00  1.00055501E+00  9.99514379E-01  9.97630018E-01  9.99452199E-01 
 1.00016477E+00  1.00091942E+00  1.00255073E+00  1.00271146E+00  1.00069534E+00 
 1.00258524E+00  1.00306294E+00  1.00278750E+00  1.00204692E+00  1.00151348E+00 
 1.00147610E+00  1.00149483E+00  1.00158390E+00  1.00165231E+00  1.00165868E+00 
 1.00166063E+00  1.00160290E+00  ) >                                            
H1             1        72
 1.91245210E+11  1.67080636E+11  1.41977551E+11  1.20437940E+11  9.86766267E+10 
 7.73258204E+10  6.38311840E+10  3.91509136E+10  2.72749741E+10  1.86273805E+10 
 1.33695872E+10  9.29150132E+09  6.31527887E+09  4.35421205E+09  3.06597050E+09 
 2.18813388E+09  1.55617584E+09  1.04669647E+09  7.48653783E+08  5.26895711E+08 
 3.90420404E+08  3.06697215E+08  2.52113996E+08  2.08429697E+08  1.65389806E+08 
 1.29726144E+08  9.66918592E+07  7.11110765E+07  5.00288531E+07  2.37670623E+07 
 8.51681617E+06  1.90960797E+06  1.38697006E+05  2.23836452E+04  3.94268854E+02 
 1.66318189E+01  4.60314296E+00  3.16825503E+00  3.23036238E+00  2.27461708E+00 
 1.64264696E+00  1.31125316E+00  1.13824185E+00  1.02304438E+00  9.74103544E-01 
 9.35831976E-01  9.03415566E-01  9.00233195E-01  8.97258305E-01  8.99601754E-01 
 8.97484869E-01  8.93895443E-01  9.00067585E-01  8.99031253E-01  9.39956949E-01 
 9.59963430E-01  9.79674639E-01  1.00379715E+00  1.00774182E+00  1.00174813E+00 
 1.00877513E+00  1.00926640E+00  1.00602162E+00  1.00358905E+00  1.00217874E+00 
 1.00145123E+00  1.00098924E+00  1.00068374E+00  1.00050585E+00  1.00038344E+00 
 1.00030234E+00  1.00024123E+00  ) >                                            
H1             2        72
 1.32684886E+03  8.53244138E+02  8.67797675E+02  8.81644534E+02  6.89267673E+02 
 5.02732515E+02  1.95125748E+03  3.28111660E+03  2.83068056E+03  2.39658772E+03 
 2.17533037E+03  2.11697938E+03  2.38453832E+03  2.71025141E+03  3.16656378E+03 
 3.64116609E+03  4.20867366E+03  4.86898964E+03  5.62293006E+03  6.38185450E+03 
 6.98965292E+03  7.46003583E+03  7.76893824E+03  7.99341250E+03  8.07853090E+03 
 8.15611055E+03  8.01057887E+03  7.86101735E+03  7.68077230E+03  6.41373238E+03 
 4.89716833E+03  2.96005151E+03  1.02431224E+03  7.03212603E+02  3.81946999E+02 
 7.76178514E+01  2.38534053E+01  8.71520383E+00  4.46770022E+00  2.78273101E+00 
 1.89988487E+00  1.49218203E+00  1.25904917E+00  1.11136781E+00  1.02730748E+00 
 9.72886070E-01  9.29725090E-01  9.20909037E-01  9.17386261E-01  9.13863176E-01 
 9.08259251E-01  9.02628099E-01  9.04829805E-01  9.21954775E-01  9.41296159E-01 
 9.60639276E-01  9.79892490E-01  9.99146476E-01  1.00565861E+00  1.00683603E+00 
 1.00803724E+00  1.00932559E+00  1.00603406E+00  1.00359324E+00  1.00217583E+00 
 1.00144413E+00  1.00097904E+00  1.00067147E+00  1.00049227E+00  1.00036902E+00 
 1.00028738E+00  1.00022588E+00  ) >                                            
H1             3        72
 5.40382646E+00  4.70226256E+00  4.57584263E+00  4.45384598E+00  3.18078842E+00 
 1.92995046E+00  6.83839792E+00  1.13056227E+01  1.55487526E+01  1.36180057E+01 
 1.17097934E+01  1.07942691E+01  1.10048182E+01  1.13570775E+01  1.24093933E+01 
 1.36869611E+01  1.52169837E+01  1.70500589E+01  1.88963494E+01  2.07439847E+01 
 2.21991053E+01  2.33463217E+01  2.41089345E+01  2.46774756E+01  2.49508679E+01 
 2.51968684E+01  2.50763962E+01  2.49460585E+01  2.48121380E+01  2.22244350E+01 
 1.92741844E+01  1.28459912E+01  6.42406158E+00  7.31670918E+00  8.22667885E+00 
 8.44926052E+00  6.30867065E+00  4.17752074E+00  2.95593411E+00  2.31084455E+00 
 1.88150360E+00  1.64981293E+00  1.49081830E+00  1.37028772E+00  1.26831838E+00 
 1.18438475E+00  1.10852477E+00  1.06037669E+00  1.03819114E+00  1.02001410E+00 
 1.00183420E+00  9.82931944E-01  9.74233723E-01  9.70203766E-01  9.82827359E-01 
 9.95452870E-01  1.00480917E+00  1.01416637E+00  1.01580563E+00  1.01179344E+00 
 1.00779137E+00  1.00575624E+00  1.00315504E+00  1.00170087E+00  1.00093644E+00 
 1.00058118E+00  1.00036983E+00  1.00023911E+00  1.00016693E+00  1.00011929E+00 
 1.00008916E+00  1.00006713E+00  ) >                                            
H1             4        72
 8.12675886E+00  7.94624608E+00  7.99985246E+00  8.05585058E+00  8.10861486E+00 
 8.15025362E+00  8.14654073E+00  7.16729027E+00  6.22659609E+00  5.39915430E+00 
 4.90881659E+00  4.69208851E+00  4.68941990E+00  4.71650958E+00  4.91501512E+00 
 5.19491564E+00  5.56402620E+00  5.93710087E+00  6.30838889E+00  6.58230064E+00 
 6.74231685E+00  6.84047151E+00  6.88060320E+00  6.85916441E+00  6.74563392E+00 
 6.61657128E+00  6.40108358E+00  6.18377438E+00  5.96710801E+00  5.13144909E+00 
 4.27082719E+00  2.63467432E+00  9.99766173E-01  1.03336947E+00  1.72756465E+00 
 2.42292697E+00  2.73517425E+00  2.34879521E+00  1.96260935E+00  1.70336586E+00 
 1.50892730E+00  1.39911032E+00  1.32117943E+00  1.26390159E+00  1.21295145E+00 
 1.16597027E+00  1.11899181E+00  1.07659612E+00  1.05693718E+00  1.03837508E+00 
 1.01981007E+00  1.00059695E+00  9.88381445E-01  9.80127657E-01  9.91106732E-01 
 1.00208777E+00  1.00923122E+00  1.01637560E+00  1.01304070E+00  1.00964153E+00 
 1.00624866E+00  1.00434471E+00  1.00223272E+00  1.00114818E+00  1.00060794E+00 
 1.00036753E+00  1.00022857E+00  1.00014471E+00  1.00009932E+00  1.00006986E+00 
 1.00005150E+00  1.00003825E+00  ) >                                            
H1             5        72
 7.20228969E+00  7.04781067E+00  7.05256828E+00  7.06078148E+00  4.48651661E+00 
 1.84913996E+00  2.55762073E+00  3.37418204E+00  4.19066706E+00  3.94210902E+00 
 3.69671431E+00  3.61178114E+00  3.62058940E+00  3.64387386E+00  3.74699687E+00 
 3.89127918E+00  4.07874273E+00  4.27532802E+00  4.47193893E+00  4.58583025E+00 
 4.62462321E+00  4.62606494E+00  4.60228890E+00  4.53217570E+00  4.39940520E+00 
 4.25122574E+00  4.05579912E+00  3.85957348E+00  3.66433718E+00  3.10270370E+00 
 2.54101031E+00  1.61987114E+00  6.99503036E-01  6.49215410E-01  9.72926759E-01 
 1.45783516E+00  1.94054005E+00  1.78882767E+00  1.60293507E+00  1.41638328E+00 
 1.30013657E+00  1.23872420E+00  1.20068741E+00  1.18195482E+00  1.16320122E+00 
 1.14214447E+00  1.10868397E+00  1.07522512E+00  1.05781667E+00  1.04040796E+00 
 1.02286668E+00  1.00452333E+00  9.92236791E-01  9.83763135E-01  9.94201961E-01 
 1.00464276E+00  1.01100973E+00  1.01737764E+00  1.01421778E+00  1.00991200E+00 
 1.00568467E+00  1.00386933E+00  1.00194088E+00  1.00098231E+00  1.00051429E+00 
 1.00030824E+00  1.00019021E+00  1.00011954E+00  1.00008157E+00  1.00005706E+00 
 1.00004187E+00  1.00003095E+00  ) >                                            
[ KURUCZ - b data end ] > 
