> from Overall Iteration 11 of 11                                Pandora 78.018
> Run Data:    72    5    3  0  0  HE   1   2014-Mar-25 11:17:53    56741.47075
> LEID       MODEL LEID   13 L He      ITER 99-09   2014-Mar-24                 
> -------.---------.---------.---------.---------.---------.---------.---------.
> LEID       MODEL LEID   13 L He      ITER 99-09   2014-Mar-24                 
HEK               ( > 
 4.57700086E+01  1.19717003E+02  2.98791997E+02  7.74066872E+02  2.13978669E+03 
 7.13275321E+03  2.45386425E+04  8.06087243E+04  2.15854223E+05  4.87003506E+05 
 8.76051728E+05  1.55312524E+06  2.66731440E+06  4.31518907E+06  6.58893428E+06 
 9.68752895E+06  1.40362524E+07  2.09817837E+07  2.85478702E+07  3.83164468E+07 
 4.82747898E+07  5.76268151E+07  6.60515460E+07  7.37051743E+07  8.28831701E+07 
 9.25073365E+07  1.05025987E+08  1.18776343E+08  1.34900904E+08  1.67604646E+08 
 1.89686888E+08  1.05317349E+08  1.66519585E+07  5.47538893E+05  9.21269973E+03 
 6.66548223E+02  2.82702134E+01  1.30898579E+00  1.33854619E-01  4.02614640E-02 
 1.74683430E-02  1.14402388E-02  9.26165847E-03  1.79141791E-02  9.92869178E-03 
 1.39002154E-02  2.28518803E-02  3.83788278E-02  5.43899128E-02  8.45855574E-02 
 1.56866700E-01  3.54260195E-01  9.28268424E-01  2.66278674E+00  7.94261843E+00 
 1.46131436E+01  4.77485544E+01  1.36123477E+02  1.32886618E+05  1.28395031E+04 
 4.44067108E+04  1.25054202E+05  4.44301797E+05  1.17973620E+06  3.21054959E+06 
 8.70013455E+06  2.26935375E+07  5.88139550E+07  1.29229419E+08  2.65785145E+08 
 5.02624929E+08  9.21435985E+08  ) >                                            
HEN          1    ( > 
 1.00989617E-03  3.83302944E-03  1.27277022E-02  4.30956613E-02  1.53466960E-01 
 6.68483291E-01  2.99624204E+00  1.32848479E+01  4.87546602E+01  1.60045639E+02 
 4.04088442E+02  1.04674741E+03  2.66166948E+03  6.22849975E+03  1.33428539E+04 
 2.69465063E+04  5.33824198E+04  1.15073254E+05  2.14537588E+05  4.04660498E+05 
 6.79253319E+05  1.01121621E+06  1.38119335E+06  1.84254191E+06  2.57678547E+06 
 3.55403581E+06  5.14833725E+06  7.36175835E+06  1.07869387E+07  2.39921058E+07 
 7.42371853E+07  2.86001269E+08  6.52029482E+08  1.22645300E+09  3.36249996E+09 
 1.04640775E+10  5.85535652E+10  3.32064751E+11  1.60555674E+12  6.53215186E+12 
 2.36403559E+13  5.49539419E+13  1.20904003E+14  2.51779719E+14  5.06205330E+14 
 8.21496228E+14  1.23932641E+15  1.57763871E+15  1.80711479E+15  2.00968870E+15 
 2.27003352E+15  2.52611484E+15  2.73229484E+15  2.91729608E+15  2.91389769E+15 
 2.91332710E+15  2.89950267E+15  2.86506384E+15  2.78390678E+15  2.75070175E+15 
 2.67870754E+15  2.61846340E+15  2.54601319E+15  2.49607182E+15  2.45506756E+15 
 2.42113064E+15  2.39522853E+15  2.37135152E+15  2.35043967E+15  2.33257050E+15 
 2.30952979E+15  2.28221076E+15  ) >                                            
HEN          2    ( > 
 5.89378533E-11  3.03922258E-10  1.32997625E-09  5.98198423E-09  2.90823082E-08 
 1.88052381E-07  1.26737991E-06  8.61600155E-06  4.64830220E-05  2.17037542E-04 
 7.05264516E-04  2.31016566E-03  7.25700238E-03  2.03330113E-02  5.01722655E-02 
 1.14332903E-01  2.49769167E-01  5.74493753E-01  1.06946193E+00  1.90257351E+00 
 2.91085015E+00  3.99812991E+00  5.05183652E+00  6.03395812E+00  7.23708263E+00 
 8.53011025E+00  1.02311290E+01  1.22468722E+01  1.47922558E+01  2.04217062E+01 
 2.72652528E+01  2.05763200E+01  4.68038726E+00  2.41998357E-01  7.99015070E-03 
 1.00563517E-03  5.95032334E-05  2.82180444E-06  2.39405299E-07  7.93993900E-08 
 3.86507601E-08  3.05491077E-08  2.93184690E-08  7.06571242E-08  2.30353865E-08 
 5.61536505E-08  9.57231071E-08  2.35636622E-07  4.20825277E-07  1.15895497E-06 
 2.02025891E-06  3.95528686E-06  9.24001002E-06  3.34701736E-05  1.34901601E-04 
 4.49267765E-04  1.80847098E-03  7.64296510E-03  1.22851082E+01  8.03562800E-01 
 3.10111056E+00  9.46290760E+00  3.67106062E+01  1.04013424E+02  3.03085373E+02 
 8.80225430E+02  2.45258990E+03  6.77275273E+03  1.56412241E+04  3.35941488E+04 
 6.57466972E+04  1.24036914E+05  ) >                                            
HEN          3    ( > 
 5.07031431E-14  1.97687066E-13  6.77244931E-13  2.41925779E-12  9.35292705E-12 
 4.71005000E-11  2.56233447E-10  1.45867703E-09  6.88958249E-09  2.98834514E-08 
 9.40916252E-08  3.08974744E-07  9.89695352E-07  2.86775662E-06  7.43050882E-06 
 1.80347203E-05  4.27992374E-05  1.11375824E-04  2.36798828E-04  4.98449188E-04 
 9.04793944E-04  1.42172759E-03  1.99695159E-03  2.64233378E-03  3.56271092E-03 
 4.73018384E-03  6.44816438E-03  8.60926023E-03  1.18563768E-02  1.96772600E-02 
 3.87163761E-02  5.15343721E-02  2.47479827E-02  1.13567407E-03  5.66476730E-05 
 1.47582051E-05  1.23477430E-06  8.07259062E-08  1.15629940E-08  4.35593482E-09 
 2.63083679E-09  1.69710802E-09  1.55993609E-09  6.70469834E-09  5.68253371E-09 
 1.08373348E-08  2.52520565E-08  5.35641602E-08  9.00302968E-08  1.74911216E-07 
 3.55903397E-07  8.92154369E-07  2.76092468E-06  1.08586349E-05  3.80911968E-05 
 9.06277341E-05  2.68460851E-04  8.24699779E-04  9.53539987E-01  6.08727059E-02 
 2.47383452E-01  7.90181471E-01  3.24576536E+00  9.60848720E+00  2.92668497E+01 
 8.87906238E+01  2.57949250E+02  7.42362217E+02  1.77380383E+03  3.92996075E+03 
 7.90496212E+03  1.53062874E+04  ) >                                            
HEN          4    ( > 
 4.97724451E-12  2.57988863E-11  1.13366018E-10  5.11954935E-10  2.49886913E-09 
 1.62297102E-08  1.09861155E-07  7.50103052E-07  4.05786671E-06  1.89736192E-05 
 6.18543714E-05  2.03417158E-04  6.40765514E-04  1.79868677E-03  4.44747269E-03 
 1.01690497E-02  2.22913344E-02  5.15642163E-02  9.66439823E-02  1.73736964E-01 
 2.68595055E-01  3.72785011E-01  4.75656867E-01  5.73073528E-01  6.93206509E-01 
 8.24157363E-01  9.99552975E-01  1.21160722E+00  1.48392674E+00  2.10287467E+00 
 2.90638887E+00  2.28915353E+00  5.40316021E-01  2.81252448E-02  9.31090744E-04 
 1.17161079E-04  6.92450284E-06  3.27347551E-07  2.81251735E-08  9.27402453E-09 
 4.58178004E-09  3.60861276E-09  3.51882951E-09  8.57697644E-09  2.89412591E-09 
 7.35382586E-09  1.33113176E-08  3.48512825E-08  6.49747329E-08  1.87359557E-07 
 3.46726640E-07  7.27326974E-07  1.82943217E-06  7.20029045E-06  3.10428710E-05 
 1.09191812E-04  4.72079558E-04  2.14014184E-03  4.02088016E+00  2.83540359E-01 
 1.18287011E+00  3.86467182E+00  1.63214097E+01  4.93076930E+01  1.53191212E+02 
 4.73747648E+02  1.40168458E+03  4.10747046E+03  9.96152833E+03  2.23720349E+04 
 4.55428163E+04  8.91923515E+04  ) >                                            
HEN          5    ( > 
 1.80587825E-14  6.58521759E-14  2.11088703E-13  6.91252682E-13  2.37134508E-12 
 9.89894201E-12  4.31443295E-11  1.90637850E-10  7.02616650E-10  2.49561131E-09 
 6.94083319E-09  2.25803311E-08  7.80988007E-08  2.58241215E-07  7.86994706E-07 
 2.26958079E-06  6.42892155E-06  2.05738682E-05  5.18559726E-05  1.28074848E-04 
 2.63976412E-04  4.49204170E-04  6.65992231E-04  9.22101181E-04  1.29978735E-03 
 1.79164444E-03  2.52801587E-03  3.45842940E-03  4.87266435E-03  8.29590721E-03 
 1.67951477E-02  2.28467061E-02  1.11135138E-02  5.00605567E-04  2.46582633E-05 
 6.46878417E-06  5.49124855E-07  3.58791091E-08  5.05285321E-09  1.81619143E-09 
 1.09330493E-09  7.02734842E-10  6.52618181E-10  2.84470659E-09  2.48563492E-09 
 4.84486819E-09  1.15467211E-08  2.55185778E-08  4.42596666E-08  8.93317343E-08 
 1.90768886E-07  5.04400043E-07  1.67285890E-06  7.16761963E-06  2.70041175E-05 
 6.84279884E-05  2.15898682E-04  7.08467495E-04  9.14528927E-01  5.87504060E-02 
 2.50387318E-01  8.30932295E-01  3.56968432E+00  1.09234362E+01  3.44004499E+01 
 1.07862243E+02  3.23398044E+02  9.60239724E+02  2.35421761E+03  5.33984925E+03 
 1.09658034E+04  2.16546342E+04  ) >                                            
HEN          6    ( > 
 1.58332956E-14  5.71503385E-14  1.81185529E-13  5.86135302E-13  1.98297492E-12 
 8.13001961E-12  3.46983019E-11  1.49653116E-10  5.37414203E-10  1.86018996E-09 
 5.06280135E-09  1.61015419E-08  5.43971399E-08  1.75904984E-07  5.25007942E-07 
 1.48387328E-06  4.11865714E-06  1.28477703E-05  3.16162553E-05  7.59290958E-05 
 1.52566094E-04  2.54383431E-04  3.70807269E-04  5.03544340E-04  6.91940858E-04 
 9.29049236E-04  1.26964309E-03  1.68286078E-03  2.29016762E-03  3.59713076E-03 
 6.55732205E-03  7.66278927E-03  2.94775521E-03  9.83122394E-05  3.24958574E-06 
 6.03367821E-07  3.54474699E-08  1.63638307E-09  1.79642600E-10  5.40537053E-11 
 2.84362382E-11  1.67966609E-11  1.47847686E-11  6.21820764E-11  5.37418741E-11 
 1.05459358E-10  2.57934867E-10  5.91036317E-10  1.05534851E-09  2.20580846E-09 
 4.94662281E-09  1.38607045E-08  4.97172193E-08  2.35582920E-07  9.72994109E-07 
 2.65438447E-06  9.14443974E-06  3.27730307E-05  5.17118550E-02  3.59605079E-03 
 1.70334740E-02  6.16238097E-02  2.93987836E-01  9.74907613E-01  3.33344749E+00 
 1.13429817E+01  3.67841766E+01  1.18046414E+02  3.08567392E+02  7.42053475E+02 
 1.60459285E+03  3.32774921E+03  ) >                                            
HEN          7    ( > 
 5.18524658E-15  1.86904875E-14  5.91672229E-14  1.91092304E-13  6.45283440E-13 
 2.63920647E-12  1.12321744E-11  4.82867936E-11  1.72796167E-10  5.96039145E-10 
 1.61749964E-09  5.12858176E-09  1.72716384E-08  5.56844642E-08  1.65730964E-07 
 4.67152767E-07  1.29309333E-06  4.01983837E-06  9.86035896E-06  2.35914355E-05 
 4.72408882E-05  7.85523276E-05  1.14242569E-04  1.54733802E-04  2.11898978E-04 
 2.83507351E-04  3.85780346E-04  5.09166692E-04  6.89688172E-04  1.07160340E-03 
 1.92610173E-03  2.20529764E-03  8.21988854E-04  2.63287195E-05  8.24808965E-07 
 1.46191617E-07  8.17392897E-09  3.60116240E-10  3.82314829E-11  1.12319423E-11 
 5.80270501E-12  3.38880257E-12  2.96147359E-12  1.23956848E-11  1.06974204E-11 
 2.10109201E-11  5.15682711E-11  1.18740465E-10  2.12852554E-10  4.46983278E-10 
 1.00899346E-09  2.84940876E-09  1.03288827E-08  4.96100434E-08  2.07445003E-07 
 5.71566013E-07  1.99247744E-06  7.22606372E-06  1.17138784E-02  8.23313508E-04 
 3.95559376E-03  1.44776681E-02  7.00487107E-02  2.34816137E-01  8.11824485E-01 
 2.79301530E+00  9.15351772E+00  2.96837075E+01  7.82632300E+01  1.89696318E+02 
 4.13050516E+02  8.62283033E+02  ) >                                            
HEN          8    ( > 
 4.63142718E-14  1.66843807E-13  5.27830082E-13  1.70353223E-12  5.74789861E-12 
 2.34844589E-11  9.98262310E-11  4.28551124E-10  1.53128806E-09  5.27412548E-09 
 1.42947707E-08  4.52649606E-08  1.52233170E-07  4.90174904E-07  1.45712826E-06 
 4.10249790E-06  1.13425158E-05  3.52084604E-05  8.62443832E-05  2.06010857E-04 
 4.11922817E-04  6.84141776E-04  9.94007852E-04  1.34481025E-03  1.83893379E-03 
 2.45664797E-03  3.33670022E-03  4.39586518E-03  5.94247453E-03  9.19025948E-03 
 1.64188813E-02  1.86347212E-02  6.85232734E-03  2.15708463E-04  6.60374332E-06 
 1.14734605E-06  6.28023292E-08  2.71193073E-09  2.83800322E-10  8.25257981E-11 
 4.23044982E-11  2.45857723E-11  2.14191306E-11  8.94680903E-11  7.71618056E-11 
 1.51613332E-10  3.72669795E-10  8.59898148E-10  1.54403168E-09  3.24896138E-09 
 7.35474564E-09  2.08395935E-08  7.58844233E-08  3.66600210E-07  1.54109695E-06 
 4.26425781E-06  1.49408133E-05  5.44619107E-05  8.93151600E-02  6.30633059E-03 
 3.04839585E-02  1.12130180E-01  5.45822573E-01  1.83820589E+00  6.38543665E+00 
 2.20725565E+01  7.26664258E+01  2.36707545E+02  6.26409345E+02  1.52344134E+03 
 3.32708649E+03  6.96528483E+03  ) >                                            
HEN          9    ( > 
 7.67415132E-14  2.76330580E-13  8.73776868E-13  2.81852446E-12  9.50413800E-12 
 3.88005052E-11  1.64777187E-10  7.06625018E-10  2.52198627E-09  8.67639039E-09 
 2.34935620E-08  7.43185639E-08  2.49684639E-07  8.03164167E-07  2.38533441E-06 
 6.70983900E-06  1.85345198E-05  5.74680455E-05  1.40620601E-04  3.35481520E-04 
 6.70045342E-04  1.11183934E-03  1.61420635E-03  2.18201036E-03  2.98037736E-03 
 3.97687600E-03  5.39387016E-03  7.09608162E-03  9.57796523E-03  1.47598187E-02 
 2.62468154E-02  2.95889578E-02  1.07677366E-02  3.34475558E-04  1.00601313E-05 
 1.72127579E-06  9.26920331E-08  3.94143077E-09  4.07934713E-10  1.17690982E-10 
 5.99713704E-11  3.47227096E-11  3.01786121E-11  1.25856867E-10  1.08492661E-10 
 2.13238303E-10  5.24748126E-10  1.21274730E-09  2.18041755E-09  4.59516398E-09 
 1.04247612E-08  2.96145920E-08  1.08212830E-07  5.25119242E-07  2.21648763E-06 
 6.15318913E-06  2.16433388E-05  7.92029019E-05  1.31051101E-01  9.28579103E-03 
 4.50970572E-02  1.66518383E-01  8.14347732E-01  2.75233076E+00  9.59580786E+00 
 3.32904229E+01  1.09979400E+02  3.59489731E+02  9.54040764E+02  2.32627520E+03 
 5.09206251E+03  1.06834644E+04  ) >                                            
HEN         10    ( > 
 2.55796611E-14  9.21069209E-14  2.91247803E-13  9.39469306E-13  3.16790396E-12 
 1.29328635E-11  5.49227295E-11  2.35527381E-10  8.40605607E-10  2.89191710E-09 
 7.83056801E-09  2.47707548E-08  8.32206680E-08  2.67695623E-07  7.95030792E-07 
 2.23637477E-06  6.17748369E-06  1.91537543E-05  4.68677202E-05  1.11812519E-04 
 2.23317754E-04  3.70560290E-04  5.37989803E-04  7.27226492E-04  9.93302127E-04 
 1.32540712E-03  1.79764635E-03  2.36493348E-03  3.19205089E-03  4.91890912E-03 
 8.74687607E-03  9.86028540E-03  3.58805168E-03  1.11446372E-04  3.35167399E-06 
 5.73417514E-07  3.08761279E-08  1.31279377E-09  1.35864549E-10  3.91957808E-11 
 1.99721784E-11  1.15634086E-11  1.00499914E-11  4.19121031E-11  3.61294795E-11 
 7.10112727E-11  1.74749441E-10  4.03867727E-10  7.26125469E-10  1.53030085E-09 
 3.47174039E-09  9.86264048E-09  3.60391663E-08  1.74889958E-07  7.38213967E-07 
 2.04939298E-06  7.20873079E-06  2.63806348E-05  4.36522545E-02  3.09309700E-03 
 1.50222275E-02  5.54699426E-02  2.71279410E-01  9.16888056E-01  3.19673171E+00 
 1.10905444E+01  3.66398290E+01  1.19766964E+02  3.17851642E+02  7.75041550E+02 
 1.69653663E+03  3.55948328E+03  ) >                                            
HEN         11    ( > 
 1.53302530E-14  5.51960805E-14  1.74516694E-13  5.62873555E-13  1.89778820E-12 
 7.74644472E-12  3.28912628E-11  1.41019269E-10  5.03189061E-10  1.73072178E-09 
 4.68546749E-09  1.48188094E-08  4.97756017E-08  1.60081969E-07  4.75342145E-07 
 1.33687537E-06  3.69216522E-06  1.14452913E-05  2.79998899E-05  6.67831829E-05 
 1.33353318E-04  2.21239419E-04  3.21154209E-04  4.34046284E-04  5.92722635E-04 
 7.90715447E-04  1.07214724E-03  1.41009924E-03  1.90269648E-03  2.92997597E-03 
 5.20537612E-03  5.86023247E-03  2.12812769E-03  6.59279852E-05  1.97587296E-06 
 3.37025545E-07  1.80894190E-08  7.66807339E-10  7.91872407E-11  2.28095617E-11 
 1.16089791E-11  6.71638080E-12  5.83462184E-12  2.43249212E-11  2.09668103E-11 
 4.12119740E-11  1.01440115E-10  2.34514488E-10  4.21747031E-10  8.89097000E-10 
 2.01792153E-09  5.73547591E-09  2.09723451E-08  1.01863208E-07  4.30310379E-07 
 1.19537323E-06  4.20793567E-06  1.54109179E-05  2.55451370E-02  1.81131693E-03 
 8.80509810E-03  3.25374583E-02  1.59271684E-01  5.38693331E-01  1.87949924E+00 
 6.52525966E+00  2.15722092E+01  7.05621368E+01  1.87370478E+02  4.57111982E+02 
 1.00105011E+03  2.10118626E+03  ) >                                            
HEN         12    ( > 
 3.08891191E-13  1.10723281E-12  3.48407588E-12  1.11779228E-11  3.74606932E-11 
 1.51717226E-10  6.38342091E-10  2.70824819E-09  9.55521358E-09  3.24988871E-08 
 8.71589208E-08  2.72959611E-07  9.07548794E-07  2.89063216E-06  8.50595663E-06 
 2.37143517E-05  6.49180608E-05  1.99016337E-04  4.81839099E-04  1.13534884E-03 
 2.24216231E-03  3.68708915E-03  5.31295521E-03  7.12036589E-03  9.61643320E-03 
 1.26831801E-02  1.69602767E-02  2.20021414E-02  2.92443147E-02  4.34844468E-02 
 7.38146472E-02  7.77954896E-02  2.55139766E-02  6.93697002E-04  1.74835093E-05 
 2.56655424E-06  1.17408919E-07  4.28004830E-09  3.96684876E-10  1.05774325E-10 
 5.07738400E-11  2.83168524E-11  2.40333868E-11  9.86531593E-11  8.46307708E-11 
 1.66836345E-10  4.15299497E-10  9.75307703E-10  1.77626796E-09  3.80184896E-09 
 8.81399692E-09  2.56912241E-08  9.71947226E-08  4.93172177E-07  2.16817399E-06 
 6.21918014E-06  2.27445154E-05  8.65491771E-05  1.56533254E-01  1.14878918E-02 
 5.84657115E-02  2.24300981E-01  1.14908258E+00  4.02449359E+00  1.45520821E+01 
 5.23490209E+01  1.79059815E+02  6.05801842E+02  1.65403633E+03  4.13901855E+03 
 9.26969510E+03  1.98752581E+04  ) >                                            
HEN         13    ( > 
 4.69821338E-13  1.68057699E-12  5.27626314E-12  1.68855600E-11  5.64279116E-11 
 2.27694348E-10  9.53902905E-10  4.02705926E-09  1.41328433E-08  4.78148383E-08 
 1.27667835E-07  3.97972623E-07  1.31684775E-06  4.17519671E-06  1.22335597E-05 
 3.39665257E-05  9.25970211E-05  2.82388293E-04  6.80347688E-04  1.59392308E-03 
 3.13142972E-03  5.12799930E-03  7.36363986E-03  9.82958082E-03  1.32063267E-02 
 1.73244882E-02  2.30156206E-02  2.96649366E-02  3.91503055E-02  5.72612545E-02 
 9.51359590E-02  9.71962505E-02  3.03814076E-02  7.76744744E-04  1.80414214E-05 
 2.46753565E-06  1.04686609E-07  3.55429111E-09  3.13044203E-10  8.04886022E-11 
 3.75847331E-11  2.06017199E-11  1.72945186E-11  7.04734840E-11  6.03212278E-11 
 1.19078098E-10  2.97992492E-10  7.05019147E-10  1.29167519E-09  2.78449291E-09 
 6.52036889E-09  1.92328989E-08  7.39384997E-08  3.82980786E-07  1.71570674E-06 
 4.99623880E-06  1.86038232E-05  7.20820217E-05  1.35837935E-01  1.01321496E-02 
 5.26931371E-02  2.05759176E-01  1.07695432E+00  3.83444778E+00  1.41003625E+01 
 5.15806634E+01  1.79287632E+02  6.16299560E+02  1.70491852E+03  4.31773835E+03 
 9.77268199E+03  2.11649138E+04  ) >                                            
> LEID       MODEL LEID   13 L He      ITER 99-09   2014-Mar-24                 
BDHE         1    ( > 
 6.75002783E+13  4.33847656E+13  2.69932261E+13  1.60129826E+13  8.87472067E+12 
 4.18004881E+12  1.78184842E+12  6.96805167E+11  2.74630051E+11  1.17212114E+11 
 6.09559089E+10  3.21490890E+10  1.72846377E+10  9.86334592E+09  5.96570640E+09 
 3.73081707E+09  2.35238046E+09  1.37161587E+09  8.64835127E+08  5.25486869E+08 
 3.40374863E+08  2.40894981E+08  1.81535762E+08  1.34696748E+08  9.20624606E+07 
 6.21706097E+07  3.84523905E+07  2.38796959E+07  1.42542498E+07  4.52218818E+06 
 1.35366338E+06  4.45901808E+05  6.30866905E+04  1.16682967E+04  8.22862192E+02 
 4.11888583E+01  9.17152049E+00  5.35804151E+00  5.82502648E+00  3.91687023E+00 
 2.84256779E+00  2.10473779E+00  1.87117256E+00  7.89845379E-01  1.82300597E+00 
 1.74742614E+00  1.74372425E+00  1.81903220E+00  1.95755704E+00  2.03312421E+00 
 2.11012417E+00  1.99266171E+00  2.06797072E+00  2.45375796E+00  3.50786194E+00 
 3.92874704E+00  3.20620924E+00  3.29957852E+00  3.96331055E-02  1.02682602E+00 
 1.05549125E+00  1.05824098E+00  1.04950797E+00  1.04051250E+00  1.03352861E+00 
 1.02866611E+00  1.02453358E+00  1.02086068E+00  1.01806096E+00  1.01564977E+00 
 1.01367458E+00  1.01190387E+00  ) >                                            
BDHE         2    ( > 
 7.45863218E+06  7.45343842E+06  7.06988490E+06  6.54503957E+06  5.95044966E+06 
 5.27747750E+06  4.46359541E+06  3.68403809E+06  3.00846739E+06  2.56826505E+06 
 2.28786038E+06  2.05823421E+06  1.86454901E+06  1.70996352E+06  1.56912989E+06 
 1.44452098E+06  1.31391438E+06  1.14587575E+06  9.89797591E+05  8.21219171E+05 
 6.78501976E+05  5.79831317E+05  5.05710266E+05  4.34000793E+05  3.56139853E+05 
 2.90778079E+05  2.27146547E+05  1.79294742E+05  1.39504528E+05  7.96605402E+04 
 4.11105074E+04  1.97285823E+04  6.17916285E+03  1.66362900E+03  2.74287661E+02 
 5.33316917E+01  1.62182227E+01  7.78870320E+00  3.98650357E+00  2.25413761E+00 
 1.33680408E+00  1.01729792E+00  7.88776466E-01  5.51877589E-01  3.02228200E-01 
 3.68747247E-01  2.86146168E-01  3.52336841E-01  4.09133827E-01  5.80176382E-01 
 4.99108030E-01  3.97093806E-01  2.67943244E-01  3.46861298E-01  4.17941367E-01 
 6.88126541E-01  8.31518260E-01  1.17762708E+00  1.75006579E+00  1.05371574E+00 
 1.06354224E+00  1.06452545E+00  1.05526811E+00  1.04598597E+00  1.03859624E+00 
 1.03334142E+00  1.02868715E+00  1.02442211E+00  1.02112392E+00  1.01825466E+00 
 1.01590028E+00  1.01379242E+00  ) >                                            
BDHE         3    ( > 
 2.06406682E+04  1.56801026E+04  1.17120270E+04  8.66717374E+03  6.31248693E+03 
 4.40203727E+03  3.03900957E+03  2.12750475E+03  1.54214251E+03  1.23983499E+03 
 1.08254066E+03  9.88125304E+02  9.24208184E+02  8.86980961E+02  8.64184519E+02 
 8.56432625E+02  8.55425161E+02  8.55564743E+02  8.54846248E+02  8.51767580E+02 
 8.46304683E+02  8.36375043E+02  8.18215760E+02  7.85942573E+02  7.34888718E+02 
 6.85365577E+02  6.18902813E+02  5.54112078E+02  5.00713952E+02  3.58734305E+02 
 2.88443550E+02  2.64638163E+02  1.98193310E+02  5.55455221E+01  1.70961459E+01 
 8.26570754E+00  4.32071550E+00  3.43952968E+00  3.39207226E+00  2.83414899E+00 
 2.33474817E+00  1.22908488E+00  9.62840235E-01  1.63870146E+00  1.46101384E+00 
 1.45211785E+00  1.70167993E+00  1.57250730E+00  1.90602563E+00  1.78912823E+00 
 1.73281242E+00  1.67647988E+00  1.72102545E+00  1.94019122E+00  2.11132295E+00 
 2.73784980E+00  1.97151363E+00  2.02312733E+00  1.87084128E+00  1.05411167E+00 
 1.05940792E+00  1.06020269E+00  1.05261787E+00  1.04463404E+00  1.03793065E+00 
 1.03294826E+00  1.02844481E+00  1.02426560E+00  1.02101310E+00  1.01817373E+00 
 1.01583733E+00  1.01374293E+00  ) >                                            
BDHE         4    ( > 
 2.32109274E+05  2.34971638E+05  2.25696515E+05  2.11744585E+05  1.95336439E+05 
 1.76417128E+05  1.52285516E+05  1.28584743E+05  1.07400428E+05  9.36401108E+04 
 8.50793737E+04  7.81846797E+04  7.23071398E+04  6.75752855E+04  6.31341132E+04 
 5.92183492E+04  5.48939551E+04  4.90942378E+04  4.34827855E+04  3.72435094E+04 
 3.17028516E+04  2.78048145E+04  2.48073649E+04  2.17948735E+04  1.83912881E+04 
 1.54529425E+04  1.25075352E+04  1.02414298E+04  8.29687578E+03  5.17144277E+03 
 2.99283096E+03  1.68308816E+03  6.54229856E+02  2.23008370E+02  4.99745570E+01 
 1.26447710E+01  5.08555843E+00  3.17318219E+00  1.98882561E+00  1.29381577E+00 
 8.59773597E-01  6.90786382E-01  5.72700718E-01  4.14763124E-01  2.37582416E-01 
 3.00229551E-01  2.40853257E-01  3.08164230E-01  3.63795988E-01  5.27428324E-01 
 4.64005720E-01  3.78472187E-01  2.59246077E-01  3.38402360E-01  4.06191169E-01 
 6.66681343E-01  8.09267947E-01  1.14699491E+00  1.70746624E+00  1.04333143E+00 
 1.05055759E+00  1.05382374E+00  1.04988072E+00  1.04366592E+00  1.03767499E+00 
 1.03287408E+00  1.02844016E+00  1.02428255E+00  1.02103530E+00  1.01819771E+00 
 1.01585996E+00  1.01376448E+00  ) >                                            
BDHE         5    ( > 
 2.58332065E+03  1.84298277E+03  1.29376137E+03  8.81984690E+02  5.73191799E+02 
 3.33739355E+02  1.86152887E+02  1.02137999E+02  5.83775847E+01  3.88333713E+01 
 3.02115290E+01  2.75700168E+01  2.81077434E+01  3.10595614E+01  3.58916032E+01 
 4.26060479E+01  5.12119189E+01  6.36387691E+01  7.61070530E+01  8.99838734E+01 
 1.02559991E+02  1.10666219E+02  1.15056773E+02  1.16547651E+02  1.15099835E+02 
 1.12625427E+02  1.06629864E+02  9.90682639E+01  9.28699769E+01  7.05006114E+01 
 6.08345981E+01  6.06259546E+01  5.05340262E+01  1.56840360E+01  5.59464608E+00 
 3.12898616E+00  1.92363537E+00  1.75937641E+00  1.88526965E+00  1.61685996E+00 
 1.39306785E+00  7.59119074E-01  6.16314387E-01  1.07026935E+00  9.96902929E-01 
 1.00729986E+00  1.19255010E+00  1.12929232E+00  1.39898507E+00  1.33816524E+00 
 1.33317070E+00  1.32893578E+00  1.41857019E+00  1.67893764E+00  1.89354639E+00 
 2.53814769E+00  1.87968579E+00  1.98930635E+00  1.89436447E+00  1.04046771E+00 
 1.05127682E+00  1.05566038E+00  1.05102545E+00  1.04398435E+00  1.03762661E+00 
 1.03277883E+00  1.02834591E+00  1.02420569E+00  1.02097304E+00  1.01814582E+00 
 1.01581654E+00  1.01372712E+00  ) >                                            
BDHE         6    ( > 
 2.26053057E+03  1.61273492E+03  1.13216620E+03  7.71861604E+02  5.01667824E+02 
 2.92146936E+02  1.63008776E+02  8.94957491E+01  5.12053866E+01  3.41041999E+01 
 2.65600879E+01  2.42487647E+01  2.47192755E+01  2.73021162E+01  3.15301528E+01 
 3.74052919E+01  4.49354290E+01  5.58089229E+01  6.67186714E+01  7.88608892E+01 
 8.98649925E+01  9.69579415E+01  1.00799677E+02  1.02104195E+02  1.00837356E+02 
 9.86722489E+01  9.34261308E+01  8.68097309E+01  8.13862298E+01  6.18130350E+01 
 5.33552734E+01  5.31727103E+01  4.43422729E+01  1.38485315E+01  5.02031532E+00 
 2.86286289E+00  1.80818095E+00  1.66445436E+00  1.77461094E+00  1.53975246E+00 
 1.34393437E+00  7.89229190E-01  6.64275088E-01  1.06148568E+00  9.97290063E-01 
 1.00638738E+00  1.16848134E+00  1.11313078E+00  1.34911194E+00  1.29589459E+00 
 1.29152436E+00  1.28781880E+00  1.36624892E+00  1.59407043E+00  1.78185309E+00 
 2.34587923E+00  1.76972507E+00  1.86564306E+00  1.78256891E+00  1.03540925E+00 
 1.04486721E+00  1.04870283E+00  1.04464727E+00  1.03848631E+00  1.03292328E+00 
 1.02868148E+00  1.02480268E+00  1.02117998E+00  1.01835141E+00  1.01587759E+00 
 1.01383947E+00  1.01201123E+00  ) >                                            
BDHE         7    ( > 
 1.93774049E+03  1.38248708E+03  9.70571025E+02  6.61738517E+02  4.30143850E+02 
 2.50554516E+02  1.39864665E+02  7.68534992E+01  4.40331885E+01  2.93750285E+01 
 2.29086468E+01  2.09275126E+01  2.13308076E+01  2.35446710E+01  2.71687024E+01 
 3.22045359E+01  3.86589391E+01  4.79790768E+01  5.73302897E+01  6.77379050E+01 
 7.71699936E+01  8.32496641E+01  8.65425799E+01  8.76607383E+01  8.65748762E+01 
 8.47190705E+01  8.02223978E+01  7.45511979E+01  6.99024827E+01  5.31254586E+01 
 4.58759486E+01  4.57194660E+01  3.81505196E+01  1.20130270E+01  4.44598456E+00 
 2.59673962E+00  1.69272653E+00  1.56953231E+00  1.66395224E+00  1.46264497E+00 
 1.29480089E+00  8.19339306E-01  7.12235790E-01  1.05270201E+00  9.97677197E-01 
 1.00547490E+00  1.14441258E+00  1.09696924E+00  1.29923881E+00  1.25362393E+00 
 1.24987802E+00  1.24670183E+00  1.31392764E+00  1.50920323E+00  1.67015979E+00 
 2.15361077E+00  1.65976434E+00  1.74197976E+00  1.67077335E+00  1.03035079E+00 
 1.03845761E+00  1.04174528E+00  1.03826909E+00  1.03298826E+00  1.02821996E+00 
 1.02458412E+00  1.02125944E+00  1.01815427E+00  1.01572978E+00  1.01360936E+00 
 1.01186241E+00  1.01029534E+00  ) >                                            
BDHE         8    ( > 
 1.61495040E+03  1.15223923E+03  8.08975854E+02  5.51615431E+02  3.58619875E+02 
 2.08962097E+02  1.16720555E+02  6.42112494E+01  3.68609904E+01  2.46458571E+01 
 1.92572056E+01  1.76062605E+01  1.79423396E+01  1.97872259E+01  2.28072520E+01 
 2.70037799E+01  3.23824493E+01  4.01492307E+01  4.79419081E+01  5.66149208E+01 
 6.44749947E+01  6.95413868E+01  7.22854833E+01  7.32172819E+01  7.23123968E+01 
 7.07658921E+01  6.70186649E+01  6.22926649E+01  5.84187356E+01  4.44378821E+01 
 3.83966238E+01  3.82662216E+01  3.19587663E+01  1.01775225E+01  3.87165380E+00 
 2.33061635E+00  1.57727211E+00  1.47461026E+00  1.55329353E+00  1.38553747E+00 
 1.24566741E+00  8.49449421E-01  7.60196492E-01  1.04391834E+00  9.98064331E-01 
 1.00456241E+00  1.12034381E+00  1.08080770E+00  1.24936567E+00  1.21135328E+00 
 1.20823169E+00  1.20558486E+00  1.26160637E+00  1.42433602E+00  1.55846649E+00 
 1.96134231E+00  1.54980362E+00  1.61831647E+00  1.55897779E+00  1.02529232E+00 
 1.03204801E+00  1.03478774E+00  1.03189090E+00  1.02749022E+00  1.02351663E+00 
 1.02048677E+00  1.01771620E+00  1.01512856E+00  1.01310815E+00  1.01134114E+00 
 1.00988534E+00  1.00857945E+00  ) >                                            
BDHE         9    ( > 
 1.29216032E+03  9.21991384E+02  6.47380683E+02  4.41492345E+02  2.87095900E+02 
 1.67369678E+02  9.35764436E+01  5.15689995E+01  2.96887923E+01  1.99166856E+01 
 1.56057645E+01  1.42850084E+01  1.45538717E+01  1.60297807E+01  1.84458016E+01 
 2.18030239E+01  2.61059594E+01  3.23193845E+01  3.85535265E+01  4.54919367E+01 
 5.17799957E+01  5.58331094E+01  5.80283866E+01  5.87738255E+01  5.80499175E+01 
 5.68127136E+01  5.38149319E+01  5.00341319E+01  4.69349885E+01  3.57503057E+01 
 3.09172991E+01  3.08129773E+01  2.57670131E+01  8.34201799E+00  3.29732304E+00 
 2.06449308E+00  1.46181769E+00  1.37968821E+00  1.44263482E+00  1.30842998E+00 
 1.19653393E+00  8.79559537E-01  8.08157193E-01  1.03513467E+00  9.98451464E-01 
 1.00364993E+00  1.09627505E+00  1.06464616E+00  1.19949254E+00  1.16908262E+00 
 1.16658535E+00  1.16446789E+00  1.20928510E+00  1.33946882E+00  1.44677319E+00 
 1.76907384E+00  1.43984290E+00  1.49465318E+00  1.44718224E+00  1.02023386E+00 
 1.02563841E+00  1.02783019E+00  1.02551272E+00  1.02199217E+00  1.01881330E+00 
 1.01638942E+00  1.01417296E+00  1.01210284E+00  1.01048652E+00  1.00907291E+00 
 1.00790827E+00  1.00686356E+00  ) >                                            
BDHE        10    ( > 
 9.69370243E+02  6.91743538E+02  4.85785513E+02  3.31369259E+02  2.15571925E+02 
 1.25777258E+02  7.04323327E+01  3.89267496E+01  2.25165943E+01  1.51875142E+01 
 1.19543234E+01  1.09637563E+01  1.11654038E+01  1.22723355E+01  1.40843512E+01 
 1.66022680E+01  1.98294696E+01  2.44895384E+01  2.91651449E+01  3.43689525E+01 
 3.90849968E+01  4.21248321E+01  4.37712900E+01  4.43303691E+01  4.37874381E+01 
 4.28595352E+01  4.06111989E+01  3.77755990E+01  3.54512413E+01  2.70627293E+01 
 2.34379743E+01  2.33597330E+01  1.95752598E+01  6.50651349E+00  2.72299228E+00 
 1.79836981E+00  1.34636326E+00  1.28476615E+00  1.33197612E+00  1.23132248E+00 
 1.14740044E+00  9.09669653E-01  8.56117895E-01  1.02635101E+00  9.98838598E-01 
 1.00273745E+00  1.07220629E+00  1.04848462E+00  1.14961940E+00  1.12681197E+00 
 1.12493901E+00  1.12335092E+00  1.15696382E+00  1.25460161E+00  1.33507990E+00 
 1.57680538E+00  1.32988217E+00  1.37098988E+00  1.33538668E+00  1.01517539E+00 
 1.01922881E+00  1.02087264E+00  1.01913454E+00  1.01649413E+00  1.01410998E+00 
 1.01229206E+00  1.01062972E+00  1.00907713E+00  1.00786489E+00  1.00680468E+00 
 1.00593120E+00  1.00514767E+00  ) >                                            
BDHE        11    ( > 
 6.46580162E+02  4.61495692E+02  3.24190342E+02  2.21246172E+02  1.44047950E+02 
 8.41848388E+01  4.72882218E+01  2.62844997E+01  1.53443962E+01  1.04583428E+01 
 8.30288225E+00  7.64250420E+00  7.77693586E+00  8.51489034E+00  9.72290080E+00 
 1.14015120E+01  1.35529797E+01  1.66596923E+01  1.97767632E+01  2.32459683E+01 
 2.63899979E+01  2.84165547E+01  2.95141933E+01  2.98869128E+01  2.95249587E+01 
 2.89063568E+01  2.74074659E+01  2.55170660E+01  2.39674942E+01  1.83751529E+01 
 1.59586495E+01  1.59064887E+01  1.33835065E+01  4.67100899E+00  2.14866152E+00 
 1.53224654E+00  1.23090884E+00  1.18984410E+00  1.22131741E+00  1.15421499E+00 
 1.09826696E+00  9.39779769E-01  9.04078597E-01  1.01756734E+00  9.99225732E-01 
 1.00182497E+00  1.04813753E+00  1.03232308E+00  1.09974627E+00  1.08454131E+00 
 1.08329267E+00  1.08223394E+00  1.10464255E+00  1.16973441E+00  1.22338660E+00 
 1.38453692E+00  1.21992145E+00  1.24732659E+00  1.22359112E+00  1.01011693E+00 
 1.01281920E+00  1.01391509E+00  1.01275636E+00  1.01099609E+00  1.00940665E+00 
 1.00819471E+00  1.00708648E+00  1.00605142E+00  1.00524326E+00  1.00453645E+00 
 1.00395414E+00  1.00343178E+00  ) >                                            
BDHE        12    ( > 
 3.23790081E+02  2.31247846E+02  1.62595171E+02  1.11123086E+02  7.25239749E+01 
 4.25924194E+01  2.41441109E+01  1.36422499E+01  8.17219808E+00  5.72917141E+00 
 4.65144113E+00  4.32125210E+00  4.38846793E+00  4.75744517E+00  5.36145040E+00 
 6.20075599E+00  7.27648986E+00  8.82984614E+00  1.03883816E+01  1.21229842E+01 
 1.36949989E+01  1.47082774E+01  1.52570967E+01  1.54434564E+01  1.52624794E+01 
 1.49531784E+01  1.42037330E+01  1.32585330E+01  1.24837471E+01  9.68757643E+00 
 8.47932477E+00  8.45324433E+00  7.19175327E+00  2.83550450E+00  1.57433076E+00 
 1.26612327E+00  1.11545442E+00  1.09492205E+00  1.11065871E+00  1.07710749E+00 
 1.04913348E+00  9.69889884E-01  9.52039298E-01  1.00878367E+00  9.99612866E-01 
 1.00091248E+00  1.02406876E+00  1.01616154E+00  1.04987313E+00  1.04227066E+00 
 1.04164634E+00  1.04111697E+00  1.05232127E+00  1.08486720E+00  1.11169330E+00 
 1.19226846E+00  1.10996072E+00  1.12366329E+00  1.11179556E+00  1.00505846E+00 
 1.00640960E+00  1.00695755E+00  1.00637818E+00  1.00549804E+00  1.00470333E+00 
 1.00409735E+00  1.00354324E+00  1.00302571E+00  1.00262163E+00  1.00226823E+00 
 1.00197707E+00  1.00171589E+00  ) >                                            
BDHE        13    ( > 
 1.00000000E+00  1.00000000E+00  1.00000000E+00  1.00000000E+00  1.00000000E+00 
 1.00000000E+00  1.00000000E+00  1.00000000E+00  1.00000000E+00  1.00000000E+00 
 1.00000000E+00  1.00000000E+00  1.00000000E+00  1.00000000E+00  1.00000000E+00 
 1.00000000E+00  1.00000000E+00  1.00000000E+00  1.00000000E+00  1.00000000E+00 
 1.00000000E+00  1.00000000E+00  1.00000000E+00  1.00000000E+00  1.00000000E+00 
 1.00000000E+00  1.00000000E+00  1.00000000E+00  1.00000000E+00  1.00000000E+00 
 1.00000000E+00  1.00000000E+00  1.00000000E+00  1.00000000E+00  1.00000000E+00 
 1.00000000E+00  1.00000000E+00  1.00000000E+00  1.00000000E+00  1.00000000E+00 
 1.00000000E+00  1.00000000E+00  1.00000000E+00  1.00000000E+00  1.00000000E+00 
 1.00000000E+00  1.00000000E+00  1.00000000E+00  1.00000000E+00  1.00000000E+00 
 1.00000000E+00  1.00000000E+00  1.00000000E+00  1.00000000E+00  1.00000000E+00 
 1.00000000E+00  1.00000000E+00  1.00000000E+00  1.00000000E+00  1.00000000E+00 
 1.00000000E+00  1.00000000E+00  1.00000000E+00  1.00000000E+00  1.00000000E+00 
 1.00000000E+00  1.00000000E+00  1.00000000E+00  1.00000000E+00  1.00000000E+00 
 1.00000000E+00  1.00000000E+00  ) >                                            
