> from Overall Iteration 11 of 11                                Pandora 78.018
> Run Data:    72    5    5  0  0  CA   2   2014-Mar-25 11:24:17    56741.47520
> LEID       MODEL LEID   5 L CA-II    ITER 05-15   2014-Mar-24                 
> -------.---------.---------.---------.---------.---------.---------.---------.
N (  72 ) > 
Z                 ( > 
-1.34498000E+07 -1.21944000E+07 -1.12022000E+07 -1.02707000E+07 -9.37975000E+06 
-8.42803000E+06 -7.51697000E+06 -6.61782000E+06 -5.83930000E+06 -5.12657000E+06 
-4.60024000E+06 -4.09435050E+06 -3.63687425E+06 -3.24977900E+06 -2.92602650E+06 
-2.64516100E+06 -2.38700375E+06 -2.12435750E+06 -1.93793938E+06 -1.77342962E+06 
-1.65317400E+06 -1.56464938E+06 -1.49935950E+06 -1.45315425E+06 -1.40835625E+06 
-1.36888500E+06 -1.32489688E+06 -1.28316725E+06 -1.24143762E+06 -1.17600188E+06 
-1.11081900E+06 -1.03895056E+06 -9.50368688E+05 -8.73719375E+05 -7.53134125E+05 
-6.45131875E+05 -5.34926062E+05 -4.39226438E+05 -3.58032750E+05 -2.89285000E+05 
-2.28503000E+05 -1.89761938E+05 -1.53873234E+05 -1.20708102E+05 -8.90504766E+04 
-6.69403828E+04 -4.78453047E+04 -3.62877578E+04 -2.96164629E+04 -2.41961484E+04 
-1.77903223E+04 -1.18772637E+04 -6.94971484E+03 -2.19222998E+03 -8.38047974E+02 
 3.45502014E+02  1.58172998E+03  2.50011011E+03  4.80000000E+03  5.80000000E+03 
 6.60000000E+03  7.30000000E+03  8.29053027E+03  9.32879980E+03  1.08495000E+04 
 1.28045996E+04  1.51942002E+04  1.80183008E+04  2.06975996E+04  2.35940996E+04 
 2.62733008E+04  2.90250000E+04  ) >                                            
TE                ( > 
 1.32412000E+05  1.22873000E+05  1.14001000E+05  1.05571000E+05  9.73640000E+04 
 8.84590000E+04  7.99340000E+04  7.19440000E+04  6.49690000E+04  5.92620000E+04 
 5.51960000E+04  5.14970000E+04  4.81510000E+04  4.53560000E+04  4.30190000E+04 
 4.09810000E+04  3.91090000E+04  3.69850000E+04  3.51950000E+04  3.33090000E+04 
 3.17630000E+04  3.06250000E+04  2.97380000E+04  2.87850000E+04  2.76220000E+04 
 2.65170000E+04  2.52860000E+04  2.41760000E+04  2.30650000E+04  2.08400000E+04 
 1.85160000E+04  1.59410000E+04  1.31220000E+04  1.06990000E+04  8.59300000E+03 
 7.34100000E+03  6.35500000E+03  5.64000000E+03  5.21900000E+03  4.95500000E+03 
 4.77200000E+03  4.66400000E+03  4.59800000E+03  4.55500000E+03  4.54200000E+03 
 4.55000000E+03  4.58100000E+03  4.62500000E+03  4.66100000E+03  4.70500000E+03 
 4.76800000E+03  4.84500000E+03  4.95300000E+03  5.09900000E+03  5.24000000E+03 
 5.35900000E+03  5.50800000E+03  5.66600000E+03  6.06200000E+03  6.23400000E+03 
 6.47900000E+03  6.69400000E+03  6.97500000E+03  7.20700000E+03  7.46100000E+03 
 7.73200000E+03  8.01100000E+03  8.30800000E+03  8.57000000E+03  8.82400000E+03 
 9.06100000E+03  9.29800000E+03  ) >                                            
[ CENSUS data start ] > 
> LEID       MODEL LEID   5 L CA-II    ITER 05-15   2014-Mar-24                 
CA            2   72
Z                 ( > 
-1.34498000E+07 -1.21944000E+07 -1.12022000E+07 -1.02707000E+07 -9.37975000E+06 
-8.42803000E+06 -7.51697000E+06 -6.61782000E+06 -5.83930000E+06 -5.12657000E+06 
-4.60024000E+06 -4.09435050E+06 -3.63687425E+06 -3.24977900E+06 -2.92602650E+06 
-2.64516100E+06 -2.38700375E+06 -2.12435750E+06 -1.93793938E+06 -1.77342962E+06 
-1.65317400E+06 -1.56464938E+06 -1.49935950E+06 -1.45315425E+06 -1.40835625E+06 
-1.36888500E+06 -1.32489688E+06 -1.28316725E+06 -1.24143762E+06 -1.17600188E+06 
-1.11081900E+06 -1.03895056E+06 -9.50368688E+05 -8.73719375E+05 -7.53134125E+05 
-6.45131875E+05 -5.34926062E+05 -4.39226438E+05 -3.58032750E+05 -2.89285000E+05 
-2.28503000E+05 -1.89761938E+05 -1.53873234E+05 -1.20708102E+05 -8.90504766E+04 
-6.69403828E+04 -4.78453047E+04 -3.62877578E+04 -2.96164629E+04 -2.41961484E+04 
-1.77903223E+04 -1.18772637E+04 -6.94971484E+03 -2.19222998E+03 -8.38047974E+02 
 3.45502014E+02  1.58172998E+03  2.50011011E+03  4.80000000E+03  5.80000000E+03 
 6.60000000E+03  7.30000000E+03  8.29053027E+03  9.32879980E+03  1.08495000E+04 
 1.28045996E+04  1.51942002E+04  1.80183008E+04  2.06975996E+04  2.35940996E+04 
 2.62733008E+04  2.90250000E+04  ) >                                            
FLVSL             ( > 
-4.50451307E+00 -4.34040002E+00 -4.21059520E+00 -4.08757894E+00 -3.97066630E+00 
-3.84977345E+00 -3.74107406E+00 -3.64077033E+00 -3.56487903E+00 -3.49581861E+00 
-3.45397183E+00 -3.42273039E+00 -3.40538055E+00 -3.39839206E+00 -3.39803680E+00 
-3.40105040E+00 -3.39990865E+00 -3.39654221E+00 -3.38913213E+00 -3.36981727E+00 
-3.24346118E+00 -3.06902251E+00 -2.95481544E+00 -2.86040867E+00 -2.76861143E+00 
-2.69649733E+00 -2.61989863E+00 -2.55615632E+00 -2.49207217E+00 -2.34366002E+00 
-2.19210602E+00 -2.01793115E+00 -1.96977116E+00 -1.92495272E+00 -1.85484719E+00 
-1.36662273E+00 -9.01098403E-01 -6.47342638E-01 -4.23385502E-01 -1.63088997E-01 
-2.96950173E-02 -7.70841261E-03 -2.98000467E-03 -1.53354811E-03 -9.06431626E-04 
-6.41323363E-04 -5.09227483E-04 -4.69447073E-04 -4.49796096E-04 -4.50639028E-04 
-4.77248740E-04 -5.26872227E-04 -6.27516150E-04 -8.34937976E-04 -1.10914011E-03 
-1.38051590E-03 -1.80147907E-03 -2.33398568E-03 -4.18816870E-03 -5.34020747E-03 
-7.21374153E-03 -9.30312064E-03 -1.27864095E-02 -1.64741742E-02 -2.15172526E-02 
-2.82565480E-02 -3.69174333E-02 -4.84220576E-02 -6.08691101E-02 -7.52578380E-02 
-9.10785590E-02 -1.09358019E-01  ) >                                            
FIONL             ( > 
-1.35918331E-05 -1.98332648E-05 -2.67425293E-05 -3.54995727E-05 -4.64666376E-05 
-6.13820729E-05 -7.88405555E-05 -9.93261605E-05 -1.18294467E-04 -1.38686774E-04 
-1.52717511E-04 -1.64110349E-04 -1.70800509E-04 -1.73571748E-04 -1.73713817E-04 
-1.72512339E-04 -1.72966557E-04 -1.74312790E-04 -1.77313105E-04 -1.85378655E-04 
-2.47997399E-04 -3.70635582E-04 -4.82180828E-04 -5.99342781E-04 -7.40530742E-04 
-8.74428143E-04 -1.04329524E-03 -1.20845944E-03 -1.40091703E-03 -1.97292410E-03 
-2.79947942E-03 -4.18740703E-03 -4.68113985E-03 -5.19308638E-03 -6.10925373E-03 
-1.90839655E-02 -5.82772059E-02 -1.10836253E-01 -2.05677328E-01 -5.04355299E-01 
-1.17986364E+00 -1.75466786E+00 -2.16505652E+00 -2.45285345E+00 -2.68090240E+00 
-2.83102787E+00 -2.93112707E+00 -2.96643238E+00 -2.98499351E+00 -2.98418081E+00 
-2.95927812E+00 -2.91634241E+00 -2.84047312E+00 -2.71654750E+00 -2.59335235E+00 
-2.49843297E+00 -2.38305552E+00 -2.27085259E+00 -2.01785255E+00 -1.91289355E+00 
-1.78322561E+00 -1.67379892E+00 -1.53741322E+00 -1.42919171E+00 -1.31571170E+00 
-1.20071688E+00 -1.08888078E+00 -9.76727171E-01 -8.83466506E-01 -7.98318243E-01 
-7.23111871E-01 -6.52465916E-01  ) >                                            
[ CENSUS data end ] > 
[ KURUCZ - b data start ] > 
> LEID       MODEL LEID   5 L CA-II    ITER 05-15   2014-Mar-24                 
CA2            1        72
 1.99470556E+14  1.39777454E+14  9.63649432E+13  6.41597270E+13  4.05675463E+13 
 2.25298940E+13  1.14049140E+13  5.18996523E+12  2.25239790E+12  9.72706846E+11 
 4.78120077E+11  2.24643628E+11  1.03546843E+11  5.01287303E+10  2.57943740E+10 
 1.38290986E+10  7.59788918E+09  3.84721209E+09  2.20787262E+09  1.26683814E+09 
 7.68541785E+08  5.40242820E+08  4.23818423E+08  3.39816599E+08  2.64173364E+08 
 2.05870194E+08  1.53536546E+08  1.13526045E+08  8.16250194E+07  4.11594380E+07 
 1.63713427E+07  4.10769130E+06  3.07068817E+05  1.27250985E+04  1.78253251E+02 
 1.28548726E+01  1.68595200E+00  3.30904103E-01  1.31764906E-01  1.06453968E-01 
 1.90367011E-01  3.25872727E-01  4.37020467E-01  4.86408333E-01  5.36904355E-01 
 5.92007081E-01  6.50844659E-01  7.11533011E-01  7.70254158E-01  8.29848846E-01 
 8.80831733E-01  9.32567464E-01  1.00285593E+00  1.04475738E+00  1.11394237E+00 
 1.17248001E+00  1.23728016E+00  1.32163407E+00  1.49809852E+00  1.54668094E+00 
 1.67022365E+00  1.75675649E+00  1.84352571E+00  1.88962278E+00  1.91675272E+00 
 1.92446381E+00  1.91293397E+00  1.88337372E+00  1.84560266E+00  1.80084658E+00 
 1.75477191E+00  1.70738989E+00  ) >                                            
CA2            2        72
 2.02279512E+12  1.42755346E+12  9.92646645E+11  6.67273808E+11  4.26745871E+11 
 2.40715560E+11  1.24167324E+11  5.77271450E+10  2.56255224E+10  1.13095524E+10 
 5.67507686E+09  2.72870404E+09  1.28494266E+09  6.31428871E+08  3.28884397E+08 
 1.77732452E+08  9.81824518E+07  4.98460199E+07  2.86123997E+07  1.65043630E+07 
 1.01070166E+07  7.13802779E+06  5.65428755E+06  4.60122896E+06  3.66531737E+06 
 2.93155597E+06  2.26811079E+06  1.74281710E+06  1.30947884E+06  7.35464546E+05 
 3.36664342E+05  1.09104577E+05  1.90788283E+04  2.68668575E+03  8.57885254E+01 
 8.79409422E+00  1.42797818E+00  3.16894235E-01  1.31717804E-01  1.07232346E-01 
 1.90607287E-01  3.25648723E-01  4.36534197E-01  4.86255957E-01  5.37151464E-01 
 5.92524314E-01  6.51507245E-01  7.12203333E-01  7.70946060E-01  8.30504415E-01 
 8.81455077E-01  9.33185972E-01  1.00339791E+00  1.04535708E+00  1.11424207E+00 
 1.17270034E+00  1.23743642E+00  1.32170333E+00  1.49811562E+00  1.54671742E+00 
 1.67022554E+00  1.75675111E+00  1.84351857E+00  1.88961816E+00  1.91675086E+00 
 1.92446263E+00  1.91293322E+00  1.88337313E+00  1.84560210E+00  1.80084616E+00 
 1.75477150E+00  1.70738956E+00  ) >                                            
CA2            3        72
 1.90882200E+12  1.34995249E+12  9.40372667E+11  6.33286756E+11  4.05768122E+11 
 2.29377921E+11  1.18589521E+11  5.52727245E+10  2.46100004E+10  1.09002426E+10 
 5.47987115E+09  2.63926255E+09  1.24688213E+09  6.16261343E+08  3.23131368E+08 
 1.76159333E+08  9.83755034E+07  5.08236832E+07  2.96701194E+07  1.74385891E+07 
 1.08505507E+07  7.77006697E+06  6.21974249E+06  5.10246509E+06  4.09331370E+06 
 3.29645239E+06  2.56847568E+06  1.98815503E+06  1.50374884E+06  8.51567080E+05 
 3.96534059E+05  1.31131682E+05  2.27533079E+04  2.90146733E+03  8.79313948E+01 
 8.94508280E+00  1.46214900E+00  3.23310449E-01  1.32061510E-01  1.06924197E-01 
 1.90194595E-01  3.25232731E-01  4.36297977E-01  4.86170746E-01  5.37125962E-01 
 5.92498033E-01  6.51471677E-01  7.12165681E-01  7.70906770E-01  8.30466832E-01 
 8.81420087E-01  9.33153256E-01  1.00337022E+00  1.04533392E+00  1.11422670E+00 
 1.17269032E+00  1.23743097E+00  1.32169939E+00  1.49811443E+00  1.54671720E+00 
 1.67022519E+00  1.75675092E+00  1.84351842E+00  1.88961805E+00  1.91675078E+00 
 1.92446256E+00  1.91293315E+00  1.88337307E+00  1.84560204E+00  1.80084611E+00 
 1.75477146E+00  1.70738953E+00  ) >                                            
CA2            4        72
 1.58520158E+10  1.18081665E+10  8.60332269E+09  6.05971784E+09  4.06457694E+09 
 2.42180867E+09  1.32257530E+09  6.53839215E+08  3.08454538E+08  1.44621916E+08 
 7.58797998E+07  3.81107979E+07  1.87321795E+07  9.55769288E+06  5.13619286E+06 
 2.84436940E+06  1.60027272E+06  8.19333210E+05  4.69720310E+05  2.66856338E+05 
 1.59443862E+05  1.08927119E+05  8.33455631E+04  6.59958032E+04  5.15289512E+04 
 4.01789454E+04  3.02058562E+04  2.23688217E+04  1.61004882E+04  8.64963436E+03 
 3.47534013E+03  8.25724197E+02  3.76378659E+01  1.80528200E+00  5.40120537E-02 
 9.50036141E-03  4.58999189E-03  2.94012503E-03  3.66069311E-03  9.64869454E-03 
 4.72118202E-02  1.35630183E-01  2.61810275E-01  3.74179384E-01  4.82171677E-01 
 5.69401244E-01  6.50206058E-01  7.19289718E-01  7.82851816E-01  8.43652743E-01 
 8.96801710E-01  9.51147222E-01  1.01945091E+00  1.06542532E+00  1.12164105E+00 
 1.17782457E+00  1.24096440E+00  1.32244505E+00  1.49816628E+00  1.54744915E+00 
 1.67016232E+00  1.75659872E+00  1.84337532E+00  1.88953541E+00  1.91671702E+00 
 1.92444151E+00  1.91291957E+00  1.88336257E+00  1.84559272E+00  1.80083880E+00 
 1.75476479E+00  1.70738390E+00  ) >                                            
CA2            5        72
 1.35422650E+10  1.01074158E+10  7.37681713E+09  5.20493153E+09  3.49753046E+09 
 2.08835438E+09  1.14302924E+09  5.66531553E+08  2.68133550E+08  1.26215953E+08 
 6.63455071E+07  3.33742268E+07  1.64567631E+07  8.44357013E+06  4.56604711E+06 
 2.54886193E+06  1.44801399E+06  7.52755609E+05  4.37732547E+05  2.52539089E+05 
 1.52864710E+05  1.05637840E+05  8.15560999E+04  6.50631511E+04  5.11488966E+04 
 4.01719191E+04  3.04390343E+04  2.27469725E+04  1.65209123E+04  9.00048154E+03 
 3.71869758E+03  9.32328301E+02  5.13153848E+01  2.74498194E+00  8.69900793E-02 
 1.68662161E-02  9.22786637E-03  5.84521213E-03  6.53554164E-03  1.48085051E-02 
 6.35460723E-02  1.68024302E-01  2.98882738E-01  4.00383633E-01  4.94844085E-01 
 5.74092870E-01  6.49471721E-01  7.16458738E-01  7.78867715E-01  8.39345717E-01 
 8.91955087E-01  9.45668462E-01  1.01454076E+00  1.05959071E+00  1.11933682E+00 
 1.17624663E+00  1.23989384E+00  1.32218070E+00  1.49813865E+00  1.54722826E+00 
 1.67017619E+00  1.75664116E+00  1.84341690E+00  1.88955968E+00  1.91672679E+00 
 1.92444764E+00  1.91292354E+00  1.88336569E+00  1.84559556E+00  1.80084104E+00 
 1.75476686E+00  1.70738567E+00  ) >                                            
[ KURUCZ - b data end ] > 
