> from Overall Iteration 11 of 11                                Pandora 78.018
> Run Data:    72    5    5  0  0  CA   2   2014-Mar-24 17:21:15    56740.72309
> LEID       MODEL LEID   5 L CA-II    ITER 05-15   2014-Mar-24                 
> -------.---------.---------.---------.---------.---------.---------.---------.
N (  72 ) > 
Z                 ( > 
-1.34498000E+07 -1.21944000E+07 -1.12022000E+07 -1.02707000E+07 -9.37975000E+06 
-8.42803000E+06 -7.51697000E+06 -6.61782000E+06 -5.83930000E+06 -5.12657000E+06 
-4.60024000E+06 -4.09435050E+06 -3.63687425E+06 -3.24977900E+06 -2.92602650E+06 
-2.64516100E+06 -2.38700375E+06 -2.12435750E+06 -1.93793938E+06 -1.77342962E+06 
-1.65317400E+06 -1.56464938E+06 -1.49935950E+06 -1.45315425E+06 -1.40835625E+06 
-1.36888500E+06 -1.32489688E+06 -1.28316725E+06 -1.24143762E+06 -1.17600188E+06 
-1.11081900E+06 -1.03895056E+06 -9.50368688E+05 -8.73719375E+05 -7.53134125E+05 
-6.45131875E+05 -5.34926062E+05 -4.39226438E+05 -3.58032750E+05 -2.89285000E+05 
-2.28503000E+05 -1.89761938E+05 -1.53873234E+05 -1.20708102E+05 -8.90504766E+04 
-6.69403828E+04 -4.78453047E+04 -3.62877578E+04 -2.96164629E+04 -2.41961484E+04 
-1.77903223E+04 -1.18772637E+04 -6.94971484E+03 -2.19222998E+03 -8.38047974E+02 
 3.45502014E+02  1.58172998E+03  2.50011011E+03  4.80000000E+03  5.80000000E+03 
 6.60000000E+03  7.30000000E+03  8.29053027E+03  9.32879980E+03  1.08495000E+04 
 1.28045996E+04  1.51942002E+04  1.80183008E+04  2.06975996E+04  2.35940996E+04 
 2.62733008E+04  2.90250000E+04  ) >                                            
TE                ( > 
 1.32412000E+05  1.22873000E+05  1.14001000E+05  1.05571000E+05  9.73640000E+04 
 8.84590000E+04  7.99340000E+04  7.19440000E+04  6.49690000E+04  5.92620000E+04 
 5.51960000E+04  5.14970000E+04  4.81520000E+04  4.54070000E+04  4.30320000E+04 
 4.10490000E+04  3.92260000E+04  3.72280000E+04  3.55840000E+04  3.38660000E+04 
 3.21850000E+04  3.09470000E+04  3.01210000E+04  2.95150000E+04  2.88920000E+04 
 2.80760000E+04  2.71670000E+04  2.64580000E+04  2.57490000E+04  2.39980000E+04 
 2.09300000E+04  1.75480000E+04  1.34210000E+04  1.01960000E+04  7.92300000E+03 
 6.85900000E+03  6.10900000E+03  5.54400000E+03  5.19000000E+03  4.94800000E+03 
 4.77100000E+03  4.66300000E+03  4.59800000E+03  4.55500000E+03  4.54200000E+03 
 4.55000000E+03  4.58100000E+03  4.62500000E+03  4.66100000E+03  4.70500000E+03 
 4.76800000E+03  4.84500000E+03  4.95300000E+03  5.09900000E+03  5.24000000E+03 
 5.35900000E+03  5.50800000E+03  5.66600000E+03  6.06200000E+03  6.23400000E+03 
 6.47900000E+03  6.69400000E+03  6.97500000E+03  7.20700000E+03  7.46100000E+03 
 7.73200000E+03  8.01100000E+03  8.30800000E+03  8.57000000E+03  8.82400000E+03 
 9.06100000E+03  9.29800000E+03  ) >                                            
[ CENSUS data start ] > 
> LEID       MODEL LEID   5 L CA-II    ITER 05-15   2014-Mar-24                 
CA            2   72
Z                 ( > 
-1.34498000E+07 -1.21944000E+07 -1.12022000E+07 -1.02707000E+07 -9.37975000E+06 
-8.42803000E+06 -7.51697000E+06 -6.61782000E+06 -5.83930000E+06 -5.12657000E+06 
-4.60024000E+06 -4.09435050E+06 -3.63687425E+06 -3.24977900E+06 -2.92602650E+06 
-2.64516100E+06 -2.38700375E+06 -2.12435750E+06 -1.93793938E+06 -1.77342962E+06 
-1.65317400E+06 -1.56464938E+06 -1.49935950E+06 -1.45315425E+06 -1.40835625E+06 
-1.36888500E+06 -1.32489688E+06 -1.28316725E+06 -1.24143762E+06 -1.17600188E+06 
-1.11081900E+06 -1.03895056E+06 -9.50368688E+05 -8.73719375E+05 -7.53134125E+05 
-6.45131875E+05 -5.34926062E+05 -4.39226438E+05 -3.58032750E+05 -2.89285000E+05 
-2.28503000E+05 -1.89761938E+05 -1.53873234E+05 -1.20708102E+05 -8.90504766E+04 
-6.69403828E+04 -4.78453047E+04 -3.62877578E+04 -2.96164629E+04 -2.41961484E+04 
-1.77903223E+04 -1.18772637E+04 -6.94971484E+03 -2.19222998E+03 -8.38047974E+02 
 3.45502014E+02  1.58172998E+03  2.50011011E+03  4.80000000E+03  5.80000000E+03 
 6.60000000E+03  7.30000000E+03  8.29053027E+03  9.32879980E+03  1.08495000E+04 
 1.28045996E+04  1.51942002E+04  1.80183008E+04  2.06975996E+04  2.35940996E+04 
 2.62733008E+04  2.90250000E+04  ) >                                            
FLVSL             ( > 
-4.39877892E+00 -4.23511522E+00 -4.10583844E+00 -3.98349723E+00 -3.86759950E+00 
-3.74830164E+00 -3.64192028E+00 -3.54552236E+00 -3.47419352E+00 -3.41094841E+00 
-3.37437028E+00 -3.34960693E+00 -3.33885851E+00 -3.33645658E+00 -3.34242219E+00 
-3.34902122E+00 -3.35067833E+00 -3.34954705E+00 -3.34401716E+00 -3.32935519E+00 
-3.29019648E+00 -3.09171906E+00 -2.97011473E+00 -2.89312049E+00 -2.82553055E+00 
-2.75182956E+00 -2.68157866E+00 -2.63300157E+00 -2.58522093E+00 -2.47359669E+00 
-2.25859930E+00 -2.02855422E+00 -1.86992982E+00 -1.77577137E+00 -1.50279893E+00 
-1.11312884E+00 -7.39288059E-01 -4.86267914E-01 -2.89500026E-01 -1.13816899E-01 
-2.41268755E-02 -7.29265739E-03 -2.96628103E-03 -1.53416004E-03 -9.06137250E-04 
-6.40833695E-04 -5.08672775E-04 -4.68756166E-04 -4.49085052E-04 -4.49869011E-04 
-4.76360410E-04 -5.25681389E-04 -6.26184836E-04 -8.33134150E-04 -1.10653757E-03 
-1.37738523E-03 -1.79750303E-03 -2.32914166E-03 -4.17887128E-03 -5.32668697E-03 
-7.19677309E-03 -9.28460771E-03 -1.27670139E-02 -1.64540116E-02 -2.14951778E-02 
-2.82309934E-02 -3.68874072E-02 -4.83873457E-02 -6.08310405E-02 -7.52174379E-02 
-9.10367457E-02 -1.09315357E-01  ) >                                            
FIONL             ( > 
-1.73386015E-05 -2.52744511E-05 -3.40379102E-05 -4.51138242E-05 -5.89134249E-05 
-7.75392225E-05 -9.90634753E-05 -1.23686927E-04 -1.45768498E-04 -1.68624318E-04 
-1.83444946E-04 -1.94211295E-04 -1.99078949E-04 -2.00183286E-04 -1.97451686E-04 
-1.94473453E-04 -1.93732662E-04 -1.94238081E-04 -1.96727700E-04 -2.03484278E-04 
-2.22689208E-04 -3.51755682E-04 -4.65481367E-04 -5.55829648E-04 -6.49498982E-04 
-7.69732027E-04 -9.05019799E-04 -1.01225229E-03 -1.13012978E-03 -1.46190236E-03 
-2.40096007E-03 -4.08574596E-03 -5.89930433E-03 -7.33968823E-03 -1.38643371E-02 
-3.48300511E-02 -8.73893439E-02 -1.71589169E-01 -3.12874439E-01 -6.37243876E-01 
-1.26729082E+00 -1.77853973E+00 -2.16705431E+00 -2.45268050E+00 -2.68104332E+00 
-2.83135935E+00 -2.93160013E+00 -2.96707167E+00 -2.98568024E+00 -2.98492315E+00 
-2.96008681E+00 -2.91732452E+00 -2.84139482E+00 -2.71748588E+00 -2.59437130E+00 
-2.49941740E+00 -2.38401312E+00 -2.27175246E+00 -2.01881308E+00 -1.91398776E+00 
-1.78423992E+00 -1.67465479E+00 -1.53806285E+00 -1.42971354E+00 -1.31614653E+00 
-1.20109719E+00 -1.08921935E+00 -9.77021578E-01 -8.83719623E-01 -7.98531827E-01 
-7.23291121E-01 -6.52614935E-01  ) >                                            
[ CENSUS data end ] > 
[ KURUCZ - b data start ] > 
> LEID       MODEL LEID   5 L CA-II    ITER 05-15   2014-Mar-24                 
CA2            1        72
 3.41774001E+14  2.39249555E+14  1.64743419E+14  1.09516595E+14  6.90852520E+13 
 3.82275358E+13  1.92485059E+13  8.68098448E+12  3.72804716E+12  1.58857764E+12 
 7.71464298E+11  3.57108796E+11  1.62137858E+11  7.81625101E+10  3.94737549E+10 
 2.11641581E+10  1.16583899E+10  6.01792633E+09  3.55022428E+09  2.10308949E+09 
 1.31132884E+09  8.69812074E+08  6.83373562E+08  5.79589487E+08  4.92218180E+08 
 4.10069025E+08  3.32828422E+08  2.76675586E+08  2.29381972E+08  1.48321428E+08 
 6.57781779E+07  1.68633264E+07  8.10416483E+05  1.31801714E+04  1.35730928E+02 
 8.46058142E+00  1.73524352E+00  4.63206619E-01  2.13087782E-01  1.59525505E-01 
 2.35815403E-01  3.44250822E-01  4.39779951E-01  4.86814026E-01  5.37550637E-01 
 5.92846950E-01  6.51874523E-01  7.12787118E-01  7.71670591E-01  8.31430304E-01 
 8.82567032E-01  9.34704142E-01  1.00495291E+00  1.04693289E+00  1.11646140E+00 
 1.17502738E+00  1.23988089E+00  1.32422384E+00  1.50127353E+00  1.55044652E+00 
 1.67399062E+00  1.76008112E+00  1.84614164E+00  1.89175094E+00  1.91853519E+00 
 1.92602635E+00  1.91432172E+00  1.88456704E+00  1.84660881E+00  1.80167163E+00 
 1.75544011E+00  1.70792134E+00  ) >                                            
CA2            2        72
 3.46079113E+12  2.43979460E+12  1.69441395E+12  1.13722820E+12  7.25585240E+11 
 4.07765322E+11  2.09211736E+11  9.63992871E+10  4.23807731E+10  1.84533432E+10 
 9.13443113E+09  4.32577338E+09  2.00796311E+09  9.81668895E+08  5.01632177E+08 
 2.70624527E+08  1.49603143E+08  7.71212216E+07  4.52775542E+07  2.67759819E+07 
 1.68207633E+07  1.11827842E+07  8.82438672E+06  7.50518280E+06  6.41253199E+06 
 5.40538135E+06  4.46932052E+06  3.77197037E+06  3.18142521E+06  2.18026118E+06 
 1.10259661E+06  3.49126246E+05  2.96054241E+04  2.30803307E+03  6.29702228E+01 
 5.74898144E+00  1.45577751E+00  4.43569679E-01  2.13072740E-01  1.60577228E-01 
 2.36022728E-01  3.43997889E-01  4.39281133E-01  4.86660265E-01  5.37797767E-01 
 5.93364701E-01  6.52537955E-01  7.13458350E-01  7.72363507E-01  8.32086851E-01 
 8.83191321E-01  9.35323779E-01  1.00549576E+00  1.04753360E+00  1.11676163E+00 
 1.17524808E+00  1.24003740E+00  1.32429319E+00  1.50129065E+00  1.55048308E+00 
 1.67399251E+00  1.76007573E+00  1.84613449E+00  1.89174632E+00  1.91853333E+00 
 1.92602516E+00  1.91432097E+00  1.88456645E+00  1.84660824E+00  1.80167121E+00 
 1.75543971E+00  1.70792101E+00  ) >                                            
CA2            3        72
 3.25601305E+12  2.30003693E+12  1.60007776E+12  1.07576774E+12  6.87593434E+11 
 3.87207390E+11  1.99088322E+11  9.19464850E+10  4.05206939E+10  1.77045219E+10 
 8.78515357E+09  4.16685278E+09  1.93920716E+09  9.53274638E+08  4.90285335E+08 
 2.66770843E+08  1.49026910E+08  7.81277969E+07  4.66188620E+07  2.80699186E+07 
 1.79046973E+07  1.20620006E+07  9.61364343E+06  8.23909761E+06  7.08638132E+06 
 6.01243777E+06  5.00500370E+06  4.25351790E+06  3.61119493E+06  2.49595488E+06 
 1.27448286E+06  4.09513857E+05  3.57838524E+04  2.56609658E+03  6.52038780E+01 
 5.88617706E+00  1.50336975E+00  4.52566798E-01  2.13349005E-01  1.60105132E-01 
 2.35527231E-01  3.43570362E-01  4.39049648E-01  4.86576632E-01  5.37772557E-01 
 5.93338466E-01  6.52502358E-01  7.13420652E-01  7.72324161E-01  8.32049211E-01 
 8.83156277E-01  9.35291003E-01  1.00546802E+00  1.04751040E+00  1.11674623E+00 
 1.17523804E+00  1.24003194E+00  1.32428924E+00  1.50128946E+00  1.55048285E+00 
 1.67399217E+00  1.76007554E+00  1.84613434E+00  1.89174621E+00  1.91853325E+00 
 1.92602509E+00  1.91432091E+00  1.88456639E+00  1.84660819E+00  1.80167116E+00 
 1.75543967E+00  1.70792098E+00  ) >                                            
CA2            4        72
 2.71379685E+10  2.01937814E+10  1.46949930E+10  1.03342670E+10  6.91551040E+09 
 4.10530091E+09  2.22988344E+09  1.09239111E+09  5.09605967E+08  2.35740730E+08 
 1.22315154E+08  6.05176371E+07  2.92746970E+07  1.48586981E+07  7.84110504E+06 
 4.33686763E+06  2.44235031E+06  1.26941188E+06  7.43972690E+05  4.33049383E+05 
 2.66473296E+05  1.72070359E+05  1.31311891E+05  1.08185532E+05  8.98035739E+04 
 7.34598295E+04  5.86761597E+04  4.73578816E+04  3.79585221E+04  2.45098937E+04 
 1.18690199E+04  3.40690134E+03  1.32035759E+02  1.56907085E+00  4.09275454E-02 
 6.59073154E-03  4.81658713E-03  4.40449210E-03  6.79989570E-03  1.58816350E-02 
 6.03941650E-02  1.45055940E-01  2.64378850E-01  3.74793876E-01  4.82787536E-01 
 5.70191298E-01  6.51212785E-01  7.20538268E-01  7.84274154E-01  8.45244729E-01 
 8.98554825E-01  9.53314688E-01  1.02157300E+00  1.06763592E+00  1.12417318E+00 
 1.18038058E+00  1.24357096E+00  1.32503556E+00  1.50134127E+00  1.55121633E+00 
 1.67392916E+00  1.75992311E+00  1.84599110E+00  1.89166351E+00  1.91849947E+00 
 1.92600403E+00  1.91430731E+00  1.88455589E+00  1.84659886E+00  1.80166385E+00 
 1.75543300E+00  1.70791535E+00  ) >                                            
CA2            5        72
 2.30965274E+10  1.72179067E+10  1.25495306E+10  8.83984542E+09  5.92541847E+09 
 3.52443448E+09  1.91826975E+09  9.41908049E+08  4.40471969E+08  2.04538094E+08 
 1.06403297E+08  5.27178345E+07  2.55618905E+07  1.30426674E+07  6.92444614E+06 
 3.85936377E+06  2.19351756E+06  1.15652045E+06  6.86823073E+05  4.05442872E+05 
 2.52443312E+05  1.64680993E+05  1.26652172E+05  1.05003087E+05  8.76508893E+04 
 7.21274414E+04  5.79799627E+04  4.71304178E+04  3.80468206E+04  2.48369139E+04 
 1.22078316E+04  3.59770785E+03  1.55444950E+02  2.36200147E+00  6.67008326E-02 
 1.20167043E-02  9.53838676E-03  8.50600427E-03  1.15506922E-02  2.36280192E-02 
 7.99783792E-02  1.78081551E-01  3.00886144E-01  4.00742051E-01  4.95422355E-01 
 5.74884173E-01  6.50481220E-01  7.17707113E-01  7.80287513E-01  8.40933922E-01 
 8.93702512E-01  9.47826738E-01  1.01665535E+00  1.06179141E+00  1.12186501E+00 
 1.17880009E+00  1.24249871E+00  1.32477095E+00  1.50131363E+00  1.55099498E+00 
 1.67394306E+00  1.75996561E+00  1.84603272E+00  1.89168780E+00  1.91850925E+00 
 1.92601017E+00  1.91431129E+00  1.88455901E+00  1.84660170E+00  1.80166609E+00 
 1.75543507E+00  1.70791712E+00  ) >                                            
[ KURUCZ - b data end ] > 
