> from Overall Iteration 11 of 11                                Pandora 78.018
> Run Data:    72    5    5  0  0  CA   2   2014-Mar-24 17:21:15    56740.72309
> LEID       MODEL LEID   5 L CA-II    ITER 05-15   2014-Mar-24                 
> -------.---------.---------.---------.---------.---------.---------.---------.
> LEID       MODEL LEID   5 L CA-II    ITER 05-15   2014-Mar-24                 
RHO          4  1 ( > 
-1.66180634E-03 -1.66108887E-03 -1.65826888E-03 -1.65593848E-03 -1.65674943E-03 
-1.65968487E-03 -1.66061481E-03 -1.65313716E-03 -1.64580358E-03 -1.60664816E-03 
-1.57484006E-03 -1.55436797E-03 -1.49608286E-03 -1.37184095E-03 -1.21720928E-03 
-1.01286148E-03 -7.36142193E-04 -2.68355979E-04  3.05120513E-05  7.42779529E-04 
 1.40953088E-03  2.08640919E-03  2.71258037E-03  3.28980300E-03  3.94172924E-03 
 4.67513070E-03  5.59929474E-03  6.69456835E-03  8.02374337E-03  1.05101538E-02 
 1.40560609E-02  2.11749594E-02  6.12530160E-02  1.67380677E-01  1.69141512E-01 
 1.32023232E-01  2.83944452E-02  2.32654298E-03  1.77041752E-04  1.07822547E-05 
 1.69947368E-05  1.43265486E-05  1.19909396E-05  6.31922848E-06  5.87400639E-07 
-3.88727211E-06 -7.99306704E-06 -1.01150368E-05 -1.18249898E-05 -1.26236621E-05 
-1.47491261E-05 -1.85481074E-05 -2.11104677E-05 -3.49782377E-05 -2.14857946E-05 
-1.95769852E-05 -1.82780259E-05 -9.03792213E-06 -3.63336693E-06 -1.40301630E-05 
-1.79822667E-07  4.25036176E-06  7.20362078E-06  6.04288298E-06  3.35631197E-06 
 2.97728503E-06  2.67459994E-06  2.98633192E-06  3.73287789E-06  3.81498613E-06 
 4.60655463E-06  4.98473910E-06  ) >                                            
RHWT         4  1 ( > 
 5.00000000E-01  5.00000000E-01  5.00000000E-01  5.00000000E-01  5.00000000E-01 
 5.00000000E-01  5.00000000E-01  5.00000000E-01  5.00000000E-01  5.00000000E-01 
 5.00000000E-01  5.00000000E-01  5.00000000E-01  5.00000000E-01  5.00000000E-01 
 5.00000000E-01  5.00000000E-01  5.00000000E-01  5.00000000E-01  5.00000000E-01 
 5.00000000E-01  5.00000000E-01  5.00000000E-01  5.00000000E-01  5.00000000E-01 
 5.00000000E-01  5.00000000E-01  5.00000000E-01  5.00000000E-01  5.00000000E-01 
 5.00000000E-01  5.00000000E-01  5.00000000E-01  1.00000000E+00  1.00000000E+00 
 8.00000000E-01  6.00000000E-01  5.00000000E-01  5.00000000E-01  5.00000000E-01 
 1.00000000E+00  5.00000000E-01  5.00000000E-01  5.00000000E-01  5.00000000E-01 
 6.00000000E-01  5.00000000E-01  5.00000000E-01  5.00000000E-01  5.00000000E-01 
 7.00000000E-01  1.00000000E+00  1.00000000E+00  1.00000000E+00  1.00000000E+00 
 1.00000000E+00  1.00000000E+00  8.00000000E-01  6.00000000E-01  1.00000000E+00 
 1.00000000E+00  1.00000000E+00  1.00000000E+00  1.00000000E+00  1.00000000E+00 
 1.00000000E+00  1.00000000E+00  1.00000000E+00  1.00000000E+00  1.00000000E+00 
 1.00000000E+00  1.00000000E+00  ) >                                            
JBAR         4  1 ( > 
 3.85038174E-07  4.00553000E-07  4.13584784E-07  4.26440553E-07  4.39350482E-07 
 4.53871851E-07  4.68529272E-07  4.83776591E-07  4.97694247E-07  5.11855159E-07 
 5.22626817E-07  5.32735112E-07  5.40357704E-07  5.43411911E-07  5.43124174E-07 
 5.37666852E-07  5.27249692E-07  5.04729187E-07  4.78916741E-07  4.46402178E-07 
 4.16139939E-07  3.86869163E-07  3.63557080E-07  3.44259507E-07  3.27412865E-07 
 3.09685919E-07  2.91557954E-07  2.72779718E-07  2.53565746E-07  2.27868792E-07 
 1.98699122E-07  1.58245258E-07  6.50719459E-08  1.79849289E-08  1.63974428E-08 
 2.17216208E-08  4.52535313E-08  8.68441558E-08  1.87037281E-07  4.14469622E-07 
 8.10989162E-07  1.11736394E-06  1.42616738E-06  1.69607544E-06  1.94367371E-06 
 2.11781030E-06  2.32438566E-06  2.53653949E-06  2.70952897E-06  2.91486338E-06 
 3.23216139E-06  3.65393562E-06  4.28757256E-06  5.30475320E-06  6.34281862E-06 
 7.37974331E-06  8.84944755E-06  1.06096571E-05  1.61180859E-05  1.90264130E-05 
 2.37095077E-05  2.83955732E-05  3.53559476E-05  4.18376716E-05  4.97132391E-05 
 5.90273710E-05  6.96104780E-05  8.19890745E-05  9.38601005E-05  1.06214818E-04 
 1.18486654E-04  1.31468403E-04  ) >                                            
CHI          4  1 ( > 
 3.85038173E-07  4.00552998E-07  4.13584781E-07  4.26440549E-07  4.39350474E-07 
 4.53871834E-07  4.68529228E-07  4.83776532E-07  4.97694120E-07  5.11854920E-07 
 5.22626316E-07  5.32734550E-07  5.40356778E-07  5.43410454E-07  5.43121792E-07 
 5.37664677E-07  5.27246269E-07  5.04724712E-07  4.78910916E-07  4.46397316E-07 
 4.16134576E-07  3.86862787E-07  3.63549728E-07  3.44253681E-07  3.27405958E-07 
 3.09676565E-07  2.91544375E-07  2.72769498E-07  2.53547480E-07  2.27831816E-07 
 1.98600763E-07  1.58094772E-07  6.48227880E-08  1.72870575E-08  1.28976921E-08 
 7.77588613E-09  3.20006475E-09  1.07199781E-09  4.81120351E-10  2.91817424E-10 
 2.42506606E-10  2.24060098E-10  1.90088812E-10  1.63485248E-10  1.55635550E-10 
 1.61108421E-10  1.87014311E-10  2.47209167E-10  3.03392755E-10  3.16603109E-10 
 3.33761207E-10  3.99396515E-10  4.84260523E-10  9.19828003E-10  1.35808539E-09 
 1.59415211E-09  2.03258458E-09  1.94873225E-09  2.73769836E-09  4.59460770E-09 
 6.11106947E-09  6.59780077E-09  6.78772864E-09  6.59137570E-09  5.66408116E-09 
 5.26294262E-09  5.10954694E-09  5.65261340E-09  6.39760874E-09  7.33048753E-09 
 8.48640621E-09 -6.55338954E-10  ) >                                            
AW           4  1 ( > 
-9.99999998E-01 -9.99999995E-01 -9.99999992E-01 -9.99999991E-01 -9.99999983E-01 
-9.99999962E-01 -9.99999905E-01 -9.99999878E-01 -9.99999744E-01 -9.99999531E-01 
-9.99999040E-01 -9.99998944E-01 -9.99998283E-01 -9.99997315E-01 -9.99995609E-01 
-9.99995952E-01 -9.99993504E-01 -9.99991131E-01 -9.99987841E-01 -9.99989119E-01 
-9.99987131E-01 -9.99983557E-01 -9.99979836E-01 -9.99983134E-01 -9.99978990E-01 
-9.99969941E-01 -9.99953693E-01 -9.99962792E-01 -9.99928550E-01 -9.99839459E-01 
-9.99512020E-01 -9.99069326E-01 -9.96406292E-01 -9.67692932E-01 -8.22670074E-01 
-4.42766646E-01 -9.71204586E-02 -1.46475439E-02 -2.75110168E-03 -7.15394300E-04 
-3.16014131E-04 -2.14649956E-04 -1.44925782E-04 -1.02379422E-04 -8.05809460E-05 
-7.21961401E-05 -7.24830279E-05 -8.73551184E-05 -1.00153678E-04 -9.59970659E-05 
-8.85155404E-05 -9.07598024E-05 -9.18370660E-05 -1.38424773E-04 -1.92632668E-04 
-1.96444529E-04 -2.11411069E-04 -1.74639100E-04 -1.66219865E-04 -2.27458972E-04 
-2.57567857E-04 -2.36602520E-04 -1.99184891E-04 -1.63588359E-04 -1.17290995E-04 
-9.21380737E-05 -7.60763840E-05 -7.19296216E-05 -7.18937346E-05 -7.28303992E-05 
-7.62295336E-05  5.68281621E-18  ) >                                            
RHO          4  2 ( > 
 2.27921791E-02  2.27780164E-02  2.27368135E-02  2.27019159E-02  2.27083463E-02 
 2.27436247E-02  2.27596992E-02  2.26796125E-02  2.26064003E-02  2.21378555E-02 
 2.17820171E-02  2.16241270E-02  2.10499390E-02  1.96892270E-02  1.80368513E-02 
 1.58310851E-02  1.28686634E-02  7.66490611E-03  4.41104393E-03 -2.17272882E-03 
-9.27506071E-03 -1.63302388E-02 -2.27903462E-02 -2.87914904E-02 -3.56501616E-02 
-4.34568983E-02 -5.33083999E-02 -6.50061807E-02 -7.92622319E-02 -1.06691658E-01 
-1.47541570E-01 -2.30929377E-01 -6.99900019E-01 -1.87621889E+00 -1.76964123E+00 
-1.24391353E+00 -2.19233829E-01  6.51945832E-03  7.06047020E-03  3.16024799E-03 
 1.21053684E-03  6.70073450E-04  3.97513958E-04  2.54067098E-04  1.72367480E-04 
 1.34862766E-04  1.04233727E-04  8.34975512E-05  6.91740251E-05  5.80308921E-05 
 3.90051721E-05  1.22183332E-05 -8.11682705E-06 -9.03005720E-05 -1.29084122E-05 
-1.31975845E-05 -2.13904954E-05  3.73258607E-05  3.26229535E-05 -5.03873000E-05 
 2.95328996E-05  4.41220214E-05  5.21936858E-05  4.14149364E-05  2.74999674E-05 
 2.67337345E-05  2.73594805E-05  3.19669837E-05  3.80346470E-05  4.10729675E-05 
 4.61494300E-05  4.80192167E-05  ) >                                            
RHWT         4  2 ( > 
 5.00000000E-01  5.00000000E-01  5.00000000E-01  5.00000000E-01  5.00000000E-01 
 5.00000000E-01  5.00000000E-01  5.00000000E-01  5.00000000E-01  5.00000000E-01 
 5.00000000E-01  5.00000000E-01  5.00000000E-01  5.00000000E-01  5.00000000E-01 
 5.00000000E-01  5.00000000E-01  5.00000000E-01  5.00000000E-01  5.00000000E-01 
 5.00000000E-01  5.00000000E-01  5.00000000E-01  5.00000000E-01  5.00000000E-01 
 5.00000000E-01  5.00000000E-01  5.00000000E-01  5.00000000E-01  5.00000000E-01 
 5.00000000E-01  5.00000000E-01  6.00000000E-01  1.00000000E+00  1.00000000E+00 
 1.00000000E+00  1.00000000E+00  9.00000000E-01  7.00000000E-01  8.00000000E-01 
 8.00000000E-01  8.00000000E-01  5.00000000E-01  5.00000000E-01  1.00000000E+00 
 5.00000000E-01  6.00000000E-01  5.00000000E-01  1.00000000E+00  1.00000000E+00 
 1.00000000E+00  1.00000000E+00  1.00000000E+00  1.00000000E+00  1.00000000E+00 
 1.00000000E+00  1.00000000E+00  1.00000000E+00  1.00000000E+00  1.00000000E+00 
 1.00000000E+00  1.00000000E+00  1.00000000E+00  1.00000000E+00  1.00000000E+00 
 1.00000000E+00  1.00000000E+00  1.00000000E+00  9.00000000E-01  1.00000000E+00 
 1.00000000E+00  1.00000000E+00  ) >                                            
JBAR         4  2 ( > 
 4.17591940E-06  4.36517809E-06  4.52634777E-06  4.68819546E-06  4.85244519E-06 
 5.03850311E-06  5.22850043E-06  5.43282259E-06  5.62444390E-06  5.83355197E-06 
 5.99222192E-06  6.12758993E-06  6.24780556E-06  6.36138396E-06  6.44883369E-06 
 6.50310752E-06  6.51949349E-06  6.45379430E-06  6.34070363E-06  6.12930071E-06 
 5.88833723E-06  5.63775406E-06  5.40357974E-06  5.20340590E-06  5.02545009E-06 
 4.82997700E-06  4.61544081E-06  4.38806310E-06  4.15115335E-06  3.82337828E-06 
 3.42744350E-06  2.85758766E-06  1.34826167E-06  2.34325693E-07  1.35107488E-07 
 1.39302780E-07  1.62170119E-07  3.00250953E-07  7.88004911E-07  2.10466805E-06 
 4.84207220E-06  7.39576750E-06  1.00845730E-05  1.25259644E-05  1.45025158E-05 
 1.56535326E-05  1.66891578E-05  1.75035183E-05  1.81109180E-05  1.87508509E-05 
 1.97068156E-05  2.09062808E-05  2.25145363E-05  2.49591023E-05  2.69938754E-05 
 2.89870501E-05  3.16030552E-05  3.44464019E-05  4.21939619E-05  4.57802097E-05 
 5.10050113E-05  5.57773963E-05  6.22374362E-05  6.77480165E-05  7.39488006E-05 
 8.07422689E-05  8.79162360E-05  9.57383150E-05  1.02785678E-04  1.09740760E-04 
 1.16331776E-04  1.23015361E-04  ) >                                            
CHI          4  2 ( > 
 4.17591939E-06  4.36517807E-06  4.52634774E-06  4.68819543E-06  4.85244512E-06 
 5.03850297E-06  5.22850011E-06  5.43282217E-06  5.62444308E-06  5.83355058E-06 
 5.99221929E-06  6.12758686E-06  6.24780065E-06  6.36137652E-06  6.44882194E-06 
 6.50309616E-06  6.51947592E-06  6.45377171E-06  6.34067478E-06  6.12927665E-06 
 5.88831411E-06  5.63773237E-06  5.40355948E-06  5.20339199E-06  5.02543570E-06 
 4.82996030E-06  4.61541960E-06  4.38804848E-06  4.15113169E-06  3.82334702E-06 
 3.42739449E-06  2.85753633E-06  1.34819477E-06  2.34225406E-07  1.34538428E-07 
 1.34439815E-07  1.17636425E-07  9.19858145E-08  6.96109621E-08  5.13149413E-08 
 4.81053454E-08  4.58293047E-08  3.58765028E-08  2.68496517E-08  2.15283715E-08 
 2.03806521E-08  2.20636265E-08  2.92073923E-08  3.53748826E-08  3.41346973E-08 
 3.17159990E-08  3.38093786E-08  3.55459001E-08  6.28719344E-08  9.23800893E-08 
 9.61982818E-08  1.08700671E-07  8.84680588E-08  8.80435756E-08  1.33999033E-07 
 1.57109057E-07  1.45188033E-07  1.20723575E-07  1.00393710E-07  7.31769531E-08 
 5.84708286E-08  4.87376786E-08  4.60709046E-08  4.56443896E-08  4.59807747E-08 
 4.75414443E-08 -5.90738496E-09  ) >                                            
AW           4  2 ( > 
-9.99999998E-01 -9.99999996E-01 -9.99999993E-01 -9.99999993E-01 -9.99999986E-01 
-9.99999973E-01 -9.99999939E-01 -9.99999925E-01 -9.99999858E-01 -9.99999767E-01 
-9.99999571E-01 -9.99999510E-01 -9.99999233E-01 -9.99998855E-01 -9.99998213E-01 
-9.99998283E-01 -9.99997341E-01 -9.99996529E-01 -9.99995472E-01 -9.99996069E-01 
-9.99996040E-01 -9.99996093E-01 -9.99996170E-01 -9.99997251E-01 -9.99997036E-01 
-9.99996396E-01 -9.99995163E-01 -9.99996455E-01 -9.99994374E-01 -9.99990959E-01 
-9.99983605E-01 -9.99977909E-01 -9.99915706E-01 -9.98769001E-01 -9.88334527E-01 
-9.21666514E-01 -6.65185460E-01 -3.10891199E-01 -9.47779013E-02 -2.74653205E-02 
-1.11334291E-02 -6.86233693E-03 -3.95318657E-03 -2.39678336E-03 -1.65659681E-03 
-1.43677764E-03 -1.42615658E-03 -1.75201863E-03 -2.02227293E-03 -1.87835983E-03 
-1.64833478E-03 -1.62938620E-03 -1.57069377E-03 -2.42892512E-03 -3.40939684E-03 
-3.30551029E-03 -3.41824518E-03 -2.60551156E-03 -2.11919410E-03 -2.87676804E-03 
-3.10970900E-03 -2.64699767E-03 -1.99181847E-03 -1.52322293E-03 -1.01703516E-03 
-7.50880656E-04 -5.81709250E-04 -5.13168600E-04 -4.82091201E-04 -4.60050256E-04 
-4.54801751E-04 -1.05929729E-17  ) >                                            
RHO          5  1 ( > 
 8.77170564E-04  8.93629521E-04  9.21537994E-04  9.30363146E-04  9.28804649E-04 
 9.41910190E-04  9.66311177E-04  9.95311160E-04  1.03391235E-03  1.02336681E-03 
 1.10934103E-03  1.21393164E-03  1.32806079E-03  1.45725483E-03  1.61883826E-03 
 1.86112498E-03  2.18346166E-03  2.68790546E-03  3.27302698E-03  4.07318874E-03 
 4.94547546E-03  5.86978034E-03  6.75348184E-03  7.53822882E-03  8.37989050E-03 
 9.30762777E-03  1.04766875E-02  1.18166581E-02  1.34206173E-02  1.62623113E-02 
 2.02394371E-02  2.79602028E-02  6.83635635E-02  1.69326995E-01  1.73624660E-01 
 1.20388074E-01  1.99085527E-02  1.70805555E-03  1.57667392E-04  4.57996546E-05 
 3.44842031E-05  2.15466856E-05  1.24397507E-05  5.17930603E-06  2.46409102E-07 
-2.96098784E-06 -5.85375646E-06 -7.27919384E-06 -8.50174473E-06 -9.03440566E-06 
-1.05959150E-05 -1.34444187E-05 -1.53226088E-05 -2.57410019E-05 -1.56102941E-05 
-1.42790805E-05 -1.33585453E-05 -6.60048515E-06 -2.66957625E-06 -9.96643935E-06 
-2.56433767E-08  3.21040013E-06  5.29145608E-06  4.41447625E-06  2.49576340E-06 
 2.19677360E-06  1.96071853E-06  2.14035449E-06  2.61257983E-06  2.64135339E-06 
 3.15322570E-06  3.31065534E-06  ) >                                            
RHWT         5  1 ( > 
 5.00000000E-01  5.00000000E-01  5.00000000E-01  5.00000000E-01  5.00000000E-01 
 5.00000000E-01  5.00000000E-01  5.00000000E-01  5.00000000E-01  5.00000000E-01 
 5.00000000E-01  5.00000000E-01  5.00000000E-01  5.00000000E-01  5.00000000E-01 
 5.00000000E-01  5.00000000E-01  5.00000000E-01  5.00000000E-01  5.00000000E-01 
 5.00000000E-01  5.00000000E-01  5.00000000E-01  5.00000000E-01  5.00000000E-01 
 5.00000000E-01  5.00000000E-01  5.00000000E-01  5.00000000E-01  5.00000000E-01 
 5.00000000E-01  5.00000000E-01  5.00000000E-01  1.00000000E+00  1.00000000E+00 
 8.00000000E-01  5.00000000E-01  1.00000000E+00  1.00000000E+00  8.00000000E-01 
 1.00000000E+00  5.00000000E-01  5.00000000E-01  5.00000000E-01  5.00000000E-01 
 1.00000000E+00  5.00000000E-01  5.00000000E-01  5.00000000E-01  7.00000000E-01 
 1.00000000E+00  1.00000000E+00  1.00000000E+00  1.00000000E+00  1.00000000E+00 
 1.00000000E+00  1.00000000E+00  1.00000000E+00  1.00000000E+00  1.00000000E+00 
 1.00000000E+00  1.00000000E+00  1.00000000E+00  1.00000000E+00  1.00000000E+00 
 1.00000000E+00  1.00000000E+00  1.00000000E+00  9.00000000E-01  1.00000000E+00 
 1.00000000E+00  1.00000000E+00  ) >                                            
JBAR         5  1 ( > 
 3.32807279E-07  3.46779478E-07  3.58558203E-07  3.70217138E-07  3.81960762E-07 
 3.95216028E-07  4.08639729E-07  4.22714370E-07  4.35709021E-07  4.49603248E-07 
 4.60070735E-07  4.69389842E-07  4.77000315E-07  4.82027367E-07  4.84484184E-07 
 4.83111034E-07  4.77919625E-07  4.63850522E-07  4.45737527E-07  4.21059105E-07 
 3.96872150E-07  3.72478936E-07  3.52562185E-07  3.35798297E-07  3.21010756E-07 
 3.05273945E-07  2.89044616E-07  2.72189963E-07  2.54656151E-07  2.31037052E-07 
 2.03951612E-07  1.66093115E-07  7.55147438E-08  2.65608821E-08  2.58919928E-08 
 3.89024910E-08  8.72895309E-08  1.61427623E-07  3.07135122E-07  6.09301380E-07 
 1.07152889E-06  1.34926261E-06  1.56357558E-06  1.72043839E-06  1.88608078E-06 
 2.02719028E-06  2.21696586E-06  2.42151060E-06  2.58816921E-06  2.78731800E-06 
 3.09291278E-06  3.49791367E-06  4.11169522E-06  5.08994774E-06  6.11474981E-06 
 7.12843635E-06  8.56559060E-06  1.02925737E-05  1.56962821E-05  1.85527263E-05 
 2.31669613E-05  2.77894358E-05  3.46663682E-05  4.10802835E-05  4.88844936E-05 
 5.81276017E-05  6.86444122E-05  8.09617832E-05  9.27880983E-05  1.05108735E-04 
 1.17357811E-04  1.30326064E-04  ) >                                            
CHI          5  1 ( > 
 3.32807278E-07  3.46779476E-07  3.58558199E-07  3.70217134E-07  3.81960754E-07 
 3.95216009E-07  4.08639677E-07  4.22714299E-07  4.35708862E-07  4.49602935E-07 
 4.60070058E-07  4.69389091E-07  4.76999059E-07  4.82025358E-07  4.84480840E-07 
 4.83107990E-07  4.77914749E-07  4.63843987E-07  4.45728819E-07  4.21051687E-07 
 3.96863619E-07  3.72468296E-07  3.52549507E-07  3.35788052E-07  3.20998411E-07 
 3.05256951E-07  2.89019605E-07  2.72171011E-07  2.54621779E-07  2.30966024E-07 
 2.03758173E-07  1.65789332E-07  7.49546528E-08  2.47002124E-08  1.74858980E-08 
 9.59696418E-09  3.20912588E-09  1.03279903E-09  4.29702854E-10  2.41082264E-10 
 1.91552532E-10  1.72060700E-10  1.40390253E-10  1.15702939E-10  1.06850879E-10 
 1.09007431E-10  1.25949149E-10  1.66626958E-10  2.04819680E-10  2.13844842E-10 
 2.25712385E-10  2.70829082E-10  3.29339667E-10  6.29200594E-10  9.29005178E-10 
 1.09263543E-09  1.39421390E-09  1.33608244E-09  1.87614872E-09  3.13817845E-09 
 4.15793408E-09  4.47916761E-09  4.60474081E-09  4.46429135E-09  3.82397534E-09 
 3.54038355E-09  3.41134483E-09  3.76060675E-09  4.24528809E-09  4.84417147E-09 
 5.58897947E-09 -4.31466106E-10  ) >                                            
AW           5  1 ( > 
-9.99999998E-01 -9.99999995E-01 -9.99999990E-01 -9.99999990E-01 -9.99999979E-01 
-9.99999952E-01 -9.99999872E-01 -9.99999834E-01 -9.99999634E-01 -9.99999305E-01 
-9.99998533E-01 -9.99998403E-01 -9.99997373E-01 -9.99995840E-01 -9.99993115E-01 
-9.99993715E-01 -9.99989825E-01 -9.99985959E-01 -9.99980541E-01 -9.99982466E-01 
-9.99978623E-01 -9.99971617E-01 -9.99964301E-01 -9.99969738E-01 -9.99961881E-01 
-9.99944876E-01 -9.99914411E-01 -9.99931223E-01 -9.99866884E-01 -9.99697676E-01 
-9.99071046E-01 -9.98222650E-01 -9.93090981E-01 -9.41810566E-01 -7.31713599E-01 
-3.37417873E-01 -5.59455462E-02 -8.09492335E-03 -1.55649200E-03 -4.41389726E-04 
-2.13220843E-04 -1.48919098E-04 -1.01950221E-04 -7.21136548E-05 -5.68357190E-05 
-5.08144816E-05 -5.09779519E-05 -6.15451115E-05 -7.06399693E-05 -6.76878599E-05 
-6.23820975E-05 -6.39825131E-05 -6.47768866E-05 -9.78784974E-05 -1.36320645E-04 
-1.39001524E-04 -1.49412779E-04 -1.23210707E-04 -1.16858966E-04 -1.59184427E-04 
-1.79451247E-04 -1.64392270E-04 -1.38120959E-04 -1.13086356E-04 -8.07202783E-05 
-6.31037382E-05 -5.16565064E-05 -4.85894143E-05 -4.83649672E-05 -4.87284713E-05 
-5.07764885E-05  2.44359201E-18  ) >                                            
RHO          5  2 ( > 
-1.19782797E-01 -1.19863123E-01 -1.20135167E-01 -1.20008984E-01 -1.19822827E-01 
-1.20076853E-01 -1.20516399E-01 -1.20648924E-01 -1.21229477E-01 -1.19093780E-01 
-1.19693234E-01 -1.22281268E-01 -1.23929090E-01 -1.23115745E-01 -1.22609597E-01 
-1.23182918E-01 -1.24748263E-01 -1.27669607E-01 -1.33692516E-01 -1.45956723E-01 
-1.60310261E-01 -1.77473013E-01 -1.94972649E-01 -2.10065697E-01 -2.25414857E-01 
-2.42406305E-01 -2.64236697E-01 -2.88334062E-01 -3.17239619E-01 -3.65936810E-01 
-4.38170194E-01 -5.83782848E-01 -1.44256719E+00 -4.72991497E+00 -4.78099803E+00 
-3.25060966E+00 -9.08825714E-01 -1.15428801E-01  3.21863281E-02  1.99944299E-02 
 7.79593348E-03  3.57683636E-03  1.52459840E-03  6.53800886E-04  3.16924106E-04 
 2.13725040E-04  1.59895610E-04  1.37077368E-04  1.13597454E-04  1.03522136E-04 
 6.84586423E-05  4.19439531E-06 -3.01582308E-05 -3.27468525E-04 -1.43585600E-05 
-5.19881901E-05 -1.15146948E-04  9.25542807E-05  8.51470380E-05 -2.21191247E-04 
 8.23444910E-05  1.38652367E-04  1.80314285E-04  1.47689705E-04  9.86534508E-05 
 9.64637648E-05  9.82653182E-05  1.13212533E-04  1.31866280E-04  1.38112264E-04 
 1.49663692E-04  1.47548121E-04  ) >                                            
RHWT         5  2 ( > 
 8.00000000E-01  7.00000000E-01  7.00000000E-01  7.00000000E-01  7.00000000E-01 
 7.00000000E-01  7.00000000E-01  7.00000000E-01  7.00000000E-01  1.00000000E+00 
 8.00000000E-01  8.00000000E-01  8.00000000E-01  8.00000000E-01  8.00000000E-01 
 8.00000000E-01  8.00000000E-01  8.00000000E-01  8.00000000E-01  8.00000000E-01 
 8.00000000E-01  8.00000000E-01  6.00000000E-01  5.00000000E-01  5.00000000E-01 
 5.00000000E-01  5.00000000E-01  6.00000000E-01  5.00000000E-01  9.00000000E-01 
 6.00000000E-01  1.00000000E+00  1.00000000E+00  5.00000000E-01  5.00000000E-01 
 5.00000000E-01  5.00000000E-01  5.00000000E-01  8.00000000E-01  6.00000000E-01 
 5.00000000E-01  1.00000000E+00  5.00000000E-01  5.00000000E-01  5.00000000E-01 
 5.00000000E-01  5.00000000E-01  5.00000000E-01  5.00000000E-01  7.00000000E-01 
 1.00000000E+00  1.00000000E+00  1.00000000E+00  1.00000000E+00  8.00000000E-01 
 1.00000000E+00  1.00000000E+00  1.00000000E+00  1.00000000E+00  1.00000000E+00 
 1.00000000E+00  1.00000000E+00  1.00000000E+00  1.00000000E+00  1.00000000E+00 
 1.00000000E+00  1.00000000E+00  9.00000000E-01  8.00000000E-01  1.00000000E+00 
 1.00000000E+00  1.00000000E+00  ) >                                            
JBAR         5  2 ( > 
 4.33695466E-06  4.53982745E-06  4.71228611E-06  4.88610346E-06  5.06423964E-06 
 5.26768592E-06  5.47583635E-06  5.69835319E-06  5.91062939E-06  6.13861922E-06 
 6.31465308E-06  6.47357319E-06  6.61658906E-06  6.75264834E-06  6.86859627E-06 
 6.95991987E-06  7.02374639E-06  7.03034898E-06  6.99151062E-06  6.87615519E-06 
 6.71228216E-06  6.53392766E-06  6.35726300E-06  6.19536593E-06  6.04630962E-06 
 5.87618404E-06  5.69056349E-06  5.48633960E-06  5.26751458E-06  4.95263432E-06 
 4.56419222E-06  3.99333413E-06  2.32381167E-06  7.10991353E-07  4.61056322E-07 
 4.78818816E-07  4.98189139E-07  6.44229781E-07  1.29749611E-06  3.12346763E-06 
 6.51030925E-06  9.10109997E-06  1.12488813E-05  1.29174890E-05  1.43875592E-05 
 1.53873113E-05  1.63756101E-05  1.71961368E-05  1.78039124E-05  1.84526462E-05 
 1.94060642E-05  2.05939856E-05  2.22150481E-05  2.46403865E-05  2.67682075E-05 
 2.87994278E-05  3.14599408E-05  3.43581536E-05  4.22299949E-05  4.58810629E-05 
 5.11993672E-05  5.60639904E-05  6.26563065E-05  6.82885412E-05  7.46336405E-05 
 8.15899364E-05  8.89424541E-05  9.69653909E-05  1.04198833E-04  1.11343022E-04 
 1.18116695E-04  1.24990225E-04  ) >                                            
CHI          5  2 ( > 
 4.33695465E-06  4.53982743E-06  4.71228608E-06  4.88610342E-06  5.06423958E-06 
 5.26768579E-06  5.47583606E-06  5.69835281E-06  5.91062864E-06  6.13861795E-06 
 6.31465068E-06  6.47357037E-06  6.61658456E-06  6.75264149E-06  6.86858540E-06 
 6.95990927E-06  7.02372985E-06  7.03032742E-06  6.99148281E-06  6.87613166E-06 
 6.71225935E-06  6.53390616E-06  6.35724289E-06  6.19535207E-06  6.04629527E-06 
 5.87616740E-06  5.69054236E-06  5.48632495E-06  5.26749297E-06  4.95260355E-06 
 4.56414624E-06  3.99328970E-06  2.32377270E-06  7.10948561E-07  4.60829510E-07 
 4.76773242E-07  4.66885206E-07  4.25426218E-07  3.66523211E-07  2.86210877E-07 
 2.53450197E-07  2.27935637E-07  1.63835273E-07  1.11337433E-07  8.08894165E-08 
 7.13477074E-08  7.31290436E-08  9.71627335E-08  1.18581709E-07  1.11416026E-07 
 9.90088161E-08  1.03844822E-07  1.07848892E-07  2.08909837E-07  3.21484286E-07 
 3.36363419E-07  3.85470901E-07  3.12503309E-07  3.09406283E-07  4.86824053E-07 
 5.78603189E-07  5.36959163E-07  4.45865830E-07  3.71900226E-07  2.71315924E-07 
 2.15861117E-07  1.77928075E-07  1.64899508E-07  1.59373772E-07  1.55449597E-07 
 1.54752429E-07 -1.84447944E-08  ) >                                            
AW           5  2 ( > 
-9.99999998E-01 -9.99999996E-01 -9.99999993E-01 -9.99999993E-01 -9.99999986E-01 
-9.99999973E-01 -9.99999939E-01 -9.99999925E-01 -9.99999858E-01 -9.99999768E-01 
-9.99999573E-01 -9.99999512E-01 -9.99999236E-01 -9.99998861E-01 -9.99998223E-01 
-9.99998290E-01 -9.99997352E-01 -9.99996543E-01 -9.99995491E-01 -9.99996080E-01 
-9.99996058E-01 -9.99996126E-01 -9.99996220E-01 -9.99997293E-01 -9.99997092E-01 
-9.99996484E-01 -9.99995307E-01 -9.99996562E-01 -9.99994596E-01 -9.99991512E-01 
-9.99985506E-01 -9.99982378E-01 -9.99959030E-01 -9.99655527E-01 -9.97161617E-01 
-9.81890860E-01 -8.80329166E-01 -6.21456577E-01 -3.05607049E-01 -1.09776528E-01 
-4.64339584E-02 -2.85327065E-02 -1.60465658E-02 -9.23675588E-03 -5.93404158E-03 
-4.85514617E-03 -4.62750707E-03 -5.78744154E-03 -6.77341519E-03 -6.14084237E-03 
-5.17005220E-03 -5.04665623E-03 -4.82475561E-03 -8.15362319E-03 -1.19957545E-02 
-1.16281364E-02 -1.21390175E-02 -9.18717528E-03 -7.41121797E-03 -1.03917219E-02 
-1.13823971E-02 -9.71493670E-03 -7.29508787E-03 -5.59289754E-03 -3.73359817E-03 
-2.74189166E-03 -2.09855408E-03 -1.81362172E-03 -1.66118050E-03 -1.53405182E-03 
-1.45963320E-03 -6.73781257E-18  ) >                                            
RHO          5  3 ( > 
 7.02823778E-03  6.64786353E-03  5.79807980E-03  5.68091931E-03  6.05696400E-03 
 5.98516618E-03  5.60429905E-03  5.06490099E-03  4.41920749E-03  5.12833408E-03 
 3.02701430E-03  1.88154777E-03  1.13837505E-03 -3.18155081E-04 -1.39499947E-03 
-4.18490252E-03 -8.11265613E-03 -1.39183427E-02 -2.02462660E-02 -2.84371071E-02 
-3.75130247E-02 -4.71128861E-02 -5.62561443E-02 -6.44153202E-02 -7.30305021E-02 
-8.25680546E-02 -9.43842924E-02 -1.07665366E-01 -1.22954972E-01 -1.51937019E-01 
-1.94032530E-01 -2.76456365E-01 -6.94720803E-01 -1.50648099E+00 -1.32802296E+00 
-7.08733036E-01  1.07646179E-02  3.63623493E-02  7.98990582E-03  2.70410783E-03 
 1.02473376E-03  5.22278885E-04  2.87275593E-04  1.84486813E-04  1.32061561E-04 
 1.03613666E-04  7.80756994E-05  6.20783499E-05  5.02578699E-05  4.20081804E-05 
 2.66576284E-05  4.72669635E-06 -1.03678875E-05 -7.62817855E-05 -1.31360862E-05 
-1.20673755E-05 -1.53311733E-05  2.82272302E-05  2.44124269E-05 -3.25185049E-05 
 2.21163694E-05  3.18470698E-05  3.61662867E-05  2.81579887E-05  1.85246393E-05 
 1.77889847E-05  1.80528975E-05  2.09742430E-05  2.49175917E-05  2.69469848E-05 
 3.04047986E-05  3.18097010E-05  ) >                                            
RHWT         5  3 ( > 
 5.00000000E-01  5.00000000E-01  5.00000000E-01  5.00000000E-01  5.00000000E-01 
 5.00000000E-01  5.00000000E-01  5.00000000E-01  5.00000000E-01  5.00000000E-01 
 5.00000000E-01  6.00000000E-01  5.00000000E-01  5.00000000E-01  5.00000000E-01 
 5.00000000E-01  5.00000000E-01  5.00000000E-01  5.00000000E-01  5.00000000E-01 
 5.00000000E-01  5.00000000E-01  5.00000000E-01  5.00000000E-01  5.00000000E-01 
 5.00000000E-01  5.00000000E-01  5.00000000E-01  8.00000000E-01  8.00000000E-01 
 8.00000000E-01  1.00000000E+00  8.00000000E-01  8.00000000E-01  1.00000000E+00 
 5.00000000E-01  7.00000000E-01  5.00000000E-01  1.00000000E+00  7.00000000E-01 
 7.00000000E-01  5.00000000E-01  5.00000000E-01  5.00000000E-01  5.00000000E-01 
 5.00000000E-01  5.00000000E-01  5.00000000E-01  5.00000000E-01  5.00000000E-01 
 8.00000000E-01  1.00000000E+00  1.00000000E+00  1.00000000E+00  1.00000000E+00 
 8.00000000E-01  8.00000000E-01  9.00000000E-01  1.00000000E+00  1.00000000E+00 
 1.00000000E+00  1.00000000E+00  1.00000000E+00  1.00000000E+00  1.00000000E+00 
 1.00000000E+00  1.00000000E+00  9.00000000E-01  8.00000000E-01  1.00000000E+00 
 1.00000000E+00  1.00000000E+00  ) >                                            
JBAR         5  3 ( > 
 4.02430721E-06  4.20537227E-06  4.35945807E-06  4.51412889E-06  4.67112621E-06 
 4.84896284E-06  5.03026106E-06  5.22523747E-06  5.40811506E-06  5.60787835E-06 
 5.75945513E-06  5.88875156E-06  6.00231763E-06  6.10700389E-06  6.18571120E-06 
 6.23011040E-06  6.23609851E-06  6.15598335E-06  6.03034888E-06  5.81074076E-06 
 5.56741541E-06  5.32057824E-06  5.09465043E-06  4.90397980E-06  4.73488167E-06 
 4.55132476E-06  4.35106218E-06  4.14033432E-06  3.92167031E-06  3.62036021E-06 
 3.25741365E-06  2.73350994E-06  1.33568367E-06  2.80646339E-07  1.79979320E-07 
 1.89155055E-07  2.51811021E-07  5.49565493E-07  1.33956079E-06  3.22709760E-06 
 6.71210703E-06  9.42389337E-06  1.17367107E-05  1.35029217E-05  1.47804003E-05 
 1.55783761E-05  1.64744624E-05  1.72716829E-05  1.78737004E-05  1.85196657E-05 
 1.94704022E-05  2.06552533E-05  2.22729152E-05  2.46883836E-05  2.68171757E-05 
 2.88417612E-05  3.14919750E-05  3.43852587E-05  4.22255857E-05  4.58489285E-05 
 5.11528163E-05  5.59948669E-05  6.25535263E-05  6.81518001E-05  7.44557331E-05 
 8.13678596E-05  8.86720861E-05  9.66414278E-05  1.03825585E-04  1.10918889E-04 
 1.17643790E-04  1.24465522E-04  ) >                                            
CHI          5  3 ( > 
 4.02430721E-06  4.20537225E-06  4.35945803E-06  4.51412885E-06  4.67112614E-06 
 4.84896271E-06  5.03026075E-06  5.22523708E-06  5.40811429E-06  5.60787703E-06 
 5.75945263E-06  5.88874865E-06  6.00231299E-06  6.10699685E-06  6.18570009E-06 
 6.23009969E-06  6.23608196E-06  6.15596212E-06  6.03032191E-06  5.81071838E-06 
 5.56739395E-06  5.32055809E-06  5.09463157E-06  4.90396682E-06  4.73486820E-06 
 4.55130905E-06  4.35104210E-06  4.14032044E-06  3.92164950E-06  3.62032928E-06 
 3.25736162E-06  2.73344876E-06  1.33557731E-06  2.80415876E-07  1.78512347E-07 
 1.75299034E-07  1.39328968E-07  1.03133515E-07  6.89077690E-08  4.57046874E-08 
 3.90870577E-08  3.52002529E-08  2.59698134E-08  1.86173423E-08  1.47404885E-08 
 1.40450740E-08  1.53946564E-08  2.02678353E-08  2.44573368E-08  2.38312537E-08 
 2.24915869E-08  2.41107082E-08  2.54343437E-08  4.37100115E-08  6.29329810E-08 
 6.55725024E-08  7.37206328E-08  6.00832627E-08  6.00196514E-08  8.99526858E-08 
 1.04548820E-07  9.62792877E-08  7.99459269E-08  6.62108122E-08  4.80586495E-08 
 3.82944187E-08  3.18942743E-08  3.01916650E-08  3.00051485E-08  3.03544460E-08 
 3.15683081E-08 -3.95933699E-09  ) >                                            
AW           5  3 ( > 
-9.99999998E-01 -9.99999996E-01 -9.99999993E-01 -9.99999993E-01 -9.99999986E-01 
-9.99999973E-01 -9.99999939E-01 -9.99999925E-01 -9.99999857E-01 -9.99999766E-01 
-9.99999569E-01 -9.99999507E-01 -9.99999229E-01 -9.99998848E-01 -9.99998202E-01 
-9.99998275E-01 -9.99997327E-01 -9.99996509E-01 -9.99995443E-01 -9.99996045E-01 
-9.99996007E-01 -9.99996042E-01 -9.99996097E-01 -9.99997189E-01 -9.99996954E-01 
-9.99996272E-01 -9.99994962E-01 -9.99996294E-01 -9.99994048E-01 -9.99990167E-01 
-9.99980937E-01 -9.99971436E-01 -9.99865002E-01 -9.97940942E-01 -9.81022456E-01 
-8.74800752E-01 -5.58121921E-01 -2.17170277E-01 -5.90048391E-02 -1.68098552E-02 
-6.83780684E-03 -4.25746788E-03 -2.50600596E-03 -1.57055388E-03 -1.13126601E-03 
-1.00476471E-03 -1.01207878E-03 -1.23519914E-03 -1.41828760E-03 -1.32856438E-03 
-1.18171912E-03 -1.17200405E-03 -1.13158444E-03 -1.69432202E-03 -2.33363524E-03 
-2.26148228E-03 -2.32563618E-03 -1.77553298E-03 -1.44578254E-03 -1.92948178E-03 
-2.06592384E-03 -1.75122291E-03 -1.31416036E-03 -9.99650272E-04 -6.63978752E-04 
-4.88413844E-04 -3.77734281E-04 -3.33376830E-04 -3.13906103E-04 -3.00603063E-04 
-2.98734715E-04  3.33902532E-18  ) >                                            
NK                ( > 
 5.98316148E-04  1.02843293E-03  1.65010689E-03  2.66951034E-03  4.40615558E-03 
 7.95174460E-03  1.49542155E-02  2.99842795E-02  5.89768227E-02  1.15447544E-01 
 1.97112300E-01  3.40689163E-01  5.78477627E-01  9.30416601E-01  1.41910808E+00 
 2.08232422E+00  3.01219243E+00  4.48547537E+00  6.07348922E+00  8.10310459E+00 
 1.02489218E+01  1.22853827E+01  1.40732410E+01  1.55482120E+01  1.71889896E+01 
 1.90092280E+01  2.13598019E+01  2.38362525E+01  2.67419189E+01  3.34247188E+01 
 4.57350343E+01  6.76251149E+01  1.21132715E+02  2.36628861E+02  7.37766377E+02 
 2.55231692E+03  1.35992736E+04  6.42937155E+04  2.25382856E+05  4.34571843E+05 
 3.68530784E+05  2.64042520E+05  2.37428197E+05  2.56135069E+05  3.04368783E+05 
 3.49426044E+05  4.18496251E+05  4.90954921E+05  5.38780287E+05  6.00222455E+05 
 7.17880569E+05  8.81526571E+05  1.13563668E+06  1.61287905E+06  2.13899672E+06 
 2.66120875E+06  3.45475729E+06  4.42067926E+06  7.69039769E+06  9.67303977E+06 
 1.26996715E+07  1.59771283E+07  2.12767301E+07  2.67701411E+07  3.41998445E+07 
 4.39570321E+07  5.62645800E+07  7.21243740E+07  8.86211637E+07  1.07006772E+08 
 1.25991480E+08  1.46504203E+08  ) >                                            
ND           1    ( > 
 2.28808171E-08  5.73365439E-08  1.23905985E-07  2.65710730E-07  5.72793527E-07 
 1.36074135E-06  3.26997391E-06  8.18810767E-06  1.89854872E-05  4.30054436E-05 
 7.99012132E-05  1.46237564E-04  2.54592037E-04  4.11913537E-04  6.19939824E-04 
 8.96349928E-04  1.29233285E-03  1.93073795E-03  2.64955303E-03  3.65859745E-03 
 5.06610397E-03  9.59760089E-03  1.45529411E-02  1.92032227E-02  2.48113604E-02 
 3.25234732E-02  4.29707099E-02  5.36341455E-02  6.71776245E-02  1.08596353E-01 
 2.44058450E-01  6.14233264E-01  1.57780166E+00  3.55371118E+00  2.00013052E+01 
 1.78384558E+02  2.59044680E+03  2.73508593E+04  2.13743637E+05  1.32554011E+06 
 5.96714102E+06  1.45201283E+07  3.23849346E+07  6.78262422E+07  1.36648516E+08 
 2.21772167E+08  3.34027591E+08  4.24088594E+08  4.84692231E+08  5.37505934E+08 
 6.04593750E+08  6.69228974E+08  7.18242018E+08  7.58353972E+08  7.48905116E+08 
 7.41261156E+08  7.28064775E+08  7.08946051E+08  6.61988719E+08  6.41928525E+08 
 6.07962185E+08  5.79080827E+08  5.43089592E+08  5.15677130E+08  4.88525918E+08 
 4.61371803E+08  4.34822978E+08  4.06726242E+08  3.81491595E+08  3.57034295E+08 
 3.32930968E+08  3.08177759E+08  ) >                                            
ND           2    ( > 
 3.99506411E-10  9.96664131E-10  2.14544207E-09  4.58158343E-09  9.83399471E-09 
 2.32498254E-08  5.55981328E-08  1.38409210E-07  3.19049499E-07  7.17292614E-07 
 1.32563285E-06  2.41950694E-06  4.19387276E-06  6.71372578E-06  9.98275403E-06 
 1.42066823E-05  2.01033750E-05  2.91993443E-05  3.89168462E-05  5.21651797E-05 
 7.06045322E-05  1.30830904E-04  1.95813390E-04  2.55662027E-04  3.27598980E-04 
 4.25996850E-04  5.60104418E-04  6.96147189E-04  8.69106385E-04  1.40843462E-03 
 3.20145689E-03  8.30524770E-03  2.66829305E-02  1.81346199E-01  1.55608266E+00 
 1.38379675E+01  1.74569678E+02  1.51611149E+03  9.71628832E+03  5.04090444E+04 
 1.94741901E+05  4.30087918E+05  9.03438483E+05  1.81885320E+06  3.62228166E+06 
 5.92605336E+06  9.19154988E+06  1.21546622E+07  1.43541338E+07  1.65561771E+07 
 1.96769312E+07  2.32529827E+07  2.72588312E+07  3.22425898E+07  3.53071486E+07 
 3.79766139E+07  4.11853376E+07  4.42929870E+07  5.18668994E+07  5.49985891E+07 
 5.86770847E+07  6.16043121E+07  6.50241489E+07  6.75998231E+07  7.02660159E+07 
 7.27739790E+07  7.49299781E+07  7.65079363E+07  7.71391810E+07  7.71166443E+07 
 7.62209939E+07  7.45615784E+07  ) >                                            
ND           3    ( > 
 5.63427327E-10  1.40835270E-09  3.03665380E-09  6.49556180E-09  1.39660322E-08 
 3.30836504E-08  7.92746579E-08  1.97782458E-07  4.56952081E-07  1.03075061E-06 
 1.90937762E-06  3.48997553E-06  6.06433841E-06  9.76041887E-06  1.46056002E-05 
 2.09617052E-05  2.99717797E-05  4.42661964E-05  5.99565280E-05  8.18167543E-05 
 1.12424476E-04  2.11076255E-04  3.19059531E-04  4.19743983E-04  5.41389148E-04 
 7.08539936E-04  9.37821462E-04  1.17363144E-03  1.47473218E-03  2.40972730E-03 
 5.52758196E-03  1.45397823E-02  4.80618664E-02  2.99841986E-01  2.39029459E+00 
 2.09821039E+01  2.66557985E+02  2.28385337E+03  1.43486299E+04  7.40658291E+04 
 2.86186439E+05  6.32316441E+05  1.32883615E+06  2.67575606E+06  5.32919263E+06 
 8.71887939E+06  1.35249621E+07  1.78883425E+07  2.11285003E+07  2.43742184E+07 
 2.89759348E+07  3.42521482E+07  4.01690123E+07  4.75375223E+07  5.20803678E+07 
 5.60391367E+07  6.08011824E+07  6.54181035E+07  7.66820397E+07  8.13445905E+07 
 8.68314053E+07  9.12028492E+07  9.63166501E+07  1.00172421E+08  1.04166481E+08 
 1.07928922E+08  1.11170358E+08  1.13555971E+08  1.14529870E+08  1.14530166E+08 
 1.13229439E+08  1.10791659E+08  ) >                                            
ND           4    ( > 
 1.38174904E-12  3.60319935E-12  8.04218143E-12  1.77870219E-11  3.95150919E-11 
 9.70051660E-11  2.40714150E-10  6.22578894E-10  1.48554762E-09  3.46201295E-09 
 6.56946471E-09  1.22593560E-08  2.16543808E-08  3.52467204E-08  5.30414691E-08 
 7.59589039E-08  1.07460291E-07  1.53831764E-07  2.00495995E-07  2.58336122E-07 
 3.33833841E-07  5.88561937E-07  8.39454005E-07  1.04976737E-06  1.29109022E-06 
 1.60223049E-06  1.99521290E-06  2.33298145E-06  2.72045236E-06  3.96290487E-06 
 7.79359193E-06  1.57293726E-05  1.72645541E-05  1.20931832E-05  6.21754751E-05 
 7.04557772E-04  1.90557641E-02  3.76500348E-01  6.32186431E+00  8.69213968E+01 
 7.67066824E+02  2.57548193E+03  7.34243223E+03  1.82816088E+04  4.19988791E+04 
 7.40243649E+04  1.22220026E+05  1.69295434E+05  2.06671701E+05  2.46548194E+05 
 3.07488361E+05  3.84745525E+05  4.84478783E+05  6.32784550E+05  7.47076949E+05 
 8.60203504E+05  1.01292260E+06  1.18219434E+06  1.67557920E+06  1.91708675E+06 
 2.26091367E+06  2.57725542E+06  3.00627924E+06  3.37442476E+06  3.79383362E+06 
 4.24806848E+06  4.71365337E+06  5.18313435E+06  5.55520402E+06  5.87215440E+06 
 6.09679932E+06  6.24928928E+06  ) >                                            
ND           5    ( > 
 2.34628579E-12  6.12846967E-12  1.36976213E-11  3.03378124E-11  6.74936722E-11 
 1.65959133E-10  4.12499800E-10  1.06887426E-09  2.55543726E-09  5.97526992E-09 
 1.13637490E-08  2.12265576E-08  3.75660489E-08  6.14439895E-08  9.29886065E-08 
 1.34143285E-07  1.91458575E-07  2.77907734E-07  3.66881060E-07  4.79193957E-07 
 6.26268477E-07  1.11500594E-06  1.60224960E-06  2.01584009E-06  2.49257411E-06 
 3.11074808E-06  3.89699111E-06  4.58783089E-06  5.38632967E-06  7.92536921E-06 
 1.57893292E-05  3.26214113E-05  3.96948915E-05  3.52860647E-05  1.94650965E-04 
 2.45230405E-03  7.16283473E-02  1.37278995E+00  2.01954362E+01  2.42467700E+02 
 1.90005354E+03  5.90504938E+03  1.55910908E+04  3.64471116E+04  8.03426885E+04 
 1.39148096E+05  2.27721132E+05  3.14755002E+05  3.84004770E+05  4.58382887E+05 
 5.72023417E+05  7.16251174E+05  9.04070923E+05  1.18221702E+06  1.40291082E+06 
 1.61869302E+06  1.91006017E+06  2.23434295E+06  3.17909839E+06  3.64215270E+06 
 4.30434803E+06  4.91445545E+06  5.74356323E+06  6.45636131E+06  7.26972949E+06 
 8.15234010E+06  9.05884360E+06  9.97531043E+06  1.07039572E+07  1.13268100E+07 
 1.17712668E+07  1.20765280E+07  ) >                                            
BD           1    ( > 
 3.41774001E+14  2.39249555E+14  1.64743419E+14  1.09516595E+14  6.90852520E+13 
 3.82275358E+13  1.92485059E+13  8.68098448E+12  3.72804716E+12  1.58857764E+12 
 7.71464298E+11  3.57108796E+11  1.62137858E+11  7.81625101E+10  3.94737549E+10 
 2.11641581E+10  1.16583899E+10  6.01792633E+09  3.55022428E+09  2.10308949E+09 
 1.31132884E+09  8.69812074E+08  6.83373562E+08  5.79589487E+08  4.92218180E+08 
 4.10069025E+08  3.32828422E+08  2.76675586E+08  2.29381972E+08  1.48321428E+08 
 6.57781779E+07  1.68633264E+07  8.10416483E+05  1.31801714E+04  1.35730928E+02 
 8.46058142E+00  1.73524352E+00  4.63206619E-01  2.13087782E-01  1.59525505E-01 
 2.35815403E-01  3.44250822E-01  4.39779951E-01  4.86814026E-01  5.37550637E-01 
 5.92846950E-01  6.51874523E-01  7.12787118E-01  7.71670591E-01  8.31430304E-01 
 8.82567032E-01  9.34704142E-01  1.00495291E+00  1.04693289E+00  1.11646140E+00 
 1.17502738E+00  1.23988089E+00  1.32422384E+00  1.50127353E+00  1.55044652E+00 
 1.67399062E+00  1.76008112E+00  1.84614164E+00  1.89175094E+00  1.91853519E+00 
 1.92602635E+00  1.91432172E+00  1.88456704E+00  1.84660881E+00  1.80167163E+00 
 1.75544011E+00  1.70792134E+00  ) >                                            
BD           2    ( > 
 3.46079113E+12  2.43979460E+12  1.69441395E+12  1.13722820E+12  7.25585240E+11 
 4.07765322E+11  2.09211736E+11  9.63992871E+10  4.23807731E+10  1.84533432E+10 
 9.13443113E+09  4.32577338E+09  2.00796311E+09  9.81668895E+08  5.01632177E+08 
 2.70624527E+08  1.49603143E+08  7.71212216E+07  4.52775542E+07  2.67759819E+07 
 1.68207633E+07  1.11827842E+07  8.82438672E+06  7.50518280E+06  6.41253199E+06 
 5.40538135E+06  4.46932052E+06  3.77197037E+06  3.18142521E+06  2.18026118E+06 
 1.10259661E+06  3.49126246E+05  2.96054241E+04  2.30803307E+03  6.29702228E+01 
 5.74898144E+00  1.45577751E+00  4.43569679E-01  2.13072740E-01  1.60577228E-01 
 2.36022728E-01  3.43997889E-01  4.39281133E-01  4.86660265E-01  5.37797767E-01 
 5.93364701E-01  6.52537955E-01  7.13458350E-01  7.72363507E-01  8.32086851E-01 
 8.83191321E-01  9.35323779E-01  1.00549576E+00  1.04753360E+00  1.11676163E+00 
 1.17524808E+00  1.24003740E+00  1.32429319E+00  1.50129065E+00  1.55048308E+00 
 1.67399251E+00  1.76007573E+00  1.84613449E+00  1.89174632E+00  1.91853333E+00 
 1.92602516E+00  1.91432097E+00  1.88456645E+00  1.84660824E+00  1.80167121E+00 
 1.75543971E+00  1.70792101E+00  ) >                                            
BD           3    ( > 
 3.25601305E+12  2.30003693E+12  1.60007776E+12  1.07576774E+12  6.87593434E+11 
 3.87207390E+11  1.99088322E+11  9.19464850E+10  4.05206939E+10  1.77045219E+10 
 8.78515357E+09  4.16685278E+09  1.93920716E+09  9.53274638E+08  4.90285335E+08 
 2.66770843E+08  1.49026910E+08  7.81277969E+07  4.66188620E+07  2.80699186E+07 
 1.79046973E+07  1.20620006E+07  9.61364343E+06  8.23909761E+06  7.08638132E+06 
 6.01243777E+06  5.00500370E+06  4.25351790E+06  3.61119493E+06  2.49595488E+06 
 1.27448286E+06  4.09513857E+05  3.57838524E+04  2.56609658E+03  6.52038780E+01 
 5.88617706E+00  1.50336975E+00  4.52566798E-01  2.13349005E-01  1.60105132E-01 
 2.35527231E-01  3.43570362E-01  4.39049648E-01  4.86576632E-01  5.37772557E-01 
 5.93338466E-01  6.52502358E-01  7.13420652E-01  7.72324161E-01  8.32049211E-01 
 8.83156277E-01  9.35291003E-01  1.00546802E+00  1.04751040E+00  1.11674623E+00 
 1.17523804E+00  1.24003194E+00  1.32428924E+00  1.50128946E+00  1.55048285E+00 
 1.67399217E+00  1.76007554E+00  1.84613434E+00  1.89174621E+00  1.91853325E+00 
 1.92602509E+00  1.91432091E+00  1.88456639E+00  1.84660819E+00  1.80167116E+00 
 1.75543967E+00  1.70792098E+00  ) >                                            
BD           4    ( > 
 2.71379685E+10  2.01937814E+10  1.46949930E+10  1.03342670E+10  6.91551040E+09 
 4.10530091E+09  2.22988344E+09  1.09239111E+09  5.09605967E+08  2.35740730E+08 
 1.22315154E+08  6.05176371E+07  2.92746970E+07  1.48586981E+07  7.84110504E+06 
 4.33686763E+06  2.44235031E+06  1.26941188E+06  7.43972690E+05  4.33049383E+05 
 2.66473296E+05  1.72070359E+05  1.31311891E+05  1.08185532E+05  8.98035739E+04 
 7.34598295E+04  5.86761597E+04  4.73578816E+04  3.79585221E+04  2.45098937E+04 
 1.18690199E+04  3.40690134E+03  1.32035759E+02  1.56907085E+00  4.09275454E-02 
 6.59073154E-03  4.81658713E-03  4.40449210E-03  6.79989570E-03  1.58816350E-02 
 6.03941650E-02  1.45055940E-01  2.64378850E-01  3.74793876E-01  4.82787536E-01 
 5.70191298E-01  6.51212785E-01  7.20538268E-01  7.84274154E-01  8.45244729E-01 
 8.98554825E-01  9.53314688E-01  1.02157300E+00  1.06763592E+00  1.12417318E+00 
 1.18038058E+00  1.24357096E+00  1.32503556E+00  1.50134127E+00  1.55121633E+00 
 1.67392916E+00  1.75992311E+00  1.84599110E+00  1.89166351E+00  1.91849947E+00 
 1.92600403E+00  1.91430731E+00  1.88455589E+00  1.84659886E+00  1.80166385E+00 
 1.75543300E+00  1.70791535E+00  ) >                                            
BD           5    ( > 
 2.30965274E+10  1.72179067E+10  1.25495306E+10  8.83984542E+09  5.92541847E+09 
 3.52443448E+09  1.91826975E+09  9.41908049E+08  4.40471969E+08  2.04538094E+08 
 1.06403297E+08  5.27178345E+07  2.55618905E+07  1.30426674E+07  6.92444614E+06 
 3.85936377E+06  2.19351756E+06  1.15652045E+06  6.86823073E+05  4.05442872E+05 
 2.52443312E+05  1.64680993E+05  1.26652172E+05  1.05003087E+05  8.76508893E+04 
 7.21274414E+04  5.79799627E+04  4.71304178E+04  3.80468206E+04  2.48369139E+04 
 1.22078316E+04  3.59770785E+03  1.55444950E+02  2.36200147E+00  6.67008326E-02 
 1.20167043E-02  9.53838676E-03  8.50600427E-03  1.15506922E-02  2.36280192E-02 
 7.99783792E-02  1.78081551E-01  3.00886144E-01  4.00742051E-01  4.95422355E-01 
 5.74884173E-01  6.50481220E-01  7.17707113E-01  7.80287513E-01  8.40933922E-01 
 8.93702512E-01  9.47826738E-01  1.01665535E+00  1.06179141E+00  1.12186501E+00 
 1.17880009E+00  1.24249871E+00  1.32477095E+00  1.50131363E+00  1.55099498E+00 
 1.67394306E+00  1.75996561E+00  1.84603272E+00  1.89168780E+00  1.91850925E+00 
 1.92601017E+00  1.91431129E+00  1.88455901E+00  1.84660170E+00  1.80166609E+00 
 1.75543507E+00  1.70791712E+00  ) >                                            
USE ( INPUT ) > 
