> from Overall Iteration 11 of 11                                Pandora 78.018
> Run Data:    72    5   10  0  0  H    1   2014-Mar-24 17:11:04    56740.71602
> LEID       MODEL LEID   5 L H        ITER 07-17   2014-Mar-24                 
> -------.---------.---------.---------.---------.---------.---------.---------.
> LEID       MODEL LEID   5 L H        ITER 07-17   2014-Mar-24                 
NE                ( > 
 1.38248883E+04  2.37408813E+04  3.80332610E+04  6.13691129E+04  1.00815652E+05 
 1.80126580E+05  3.32568860E+05  6.49362417E+05  1.24537004E+06  2.40195556E+06 
 4.07616397E+06  7.02317999E+06  1.19069901E+07  1.91369913E+07  2.91759382E+07 
 4.27976835E+07  6.18884689E+07  9.21137857E+07  1.24651805E+08  1.66166725E+08 
 2.09861762E+08  2.51184710E+08  2.87145896E+08  3.16496708E+08  3.48843028E+08 
 3.84260167E+08  4.29249380E+08  4.75126711E+08  5.26455289E+08  6.35212705E+08 
 8.24780894E+08  1.18282851E+09  2.11061930E+09  3.84399130E+09  9.56986817E+09 
 2.14994016E+10  2.04095296E+10  1.48331207E+10  1.19581333E+10  1.30587033E+10 
 1.58076063E+10  1.82079321E+10  2.27983481E+10  2.97121146E+10  4.16570991E+10 
 5.64688222E+10  8.00788674E+10  1.07030469E+11  1.31107578E+11  1.61956193E+11 
 2.15516088E+11  2.97382754E+11  4.42718080E+11  7.31722588E+11  1.10110669E+12 
 1.54325598E+12  2.31102838E+12  3.45050959E+12  8.84863889E+12  1.28944226E+13 
 2.10498235E+13  3.15098825E+13  5.15533690E+13  7.53049833E+13  1.11172886E+14 
 1.63957140E+14  2.38220806E+14  3.44820282E+14  4.67214263E+14  6.15920970E+14 
 7.83643989E+14  9.81927546E+14  ) >                                            
> LEID       MODEL LEID   5 L H        ITER 07-17   2014-Mar-24                 
ZME               ( > 
 1.11121707E-04  1.11121707E-04  1.11121707E-04  1.11121707E-04  1.11121707E-04 
 1.11121707E-04  1.11121707E-04  1.11121707E-04  1.11121707E-04  1.11121707E-04 
 1.11121707E-04  1.11121707E-04  1.11121707E-04  1.11121707E-04  1.11121707E-04 
 1.11121707E-04  1.11121706E-04  1.11121704E-04  1.11121699E-04  1.11121686E-04 
 1.11121636E-04  1.11121512E-04  1.11121289E-04  1.11120952E-04  1.11120295E-04 
 1.11118502E-04  1.11113534E-04  1.11103287E-04  1.11078262E-04  1.10751966E-04 
 1.00553529E-04  9.34635005E-05  7.77792503E-05  6.80121946E-05  6.33158639E-05 
 5.23573036E-05  1.42690463E-05  3.40290635E-06  2.15532720E-06  1.85269843E-06 
 1.72473092E-06  1.66615072E-06  1.63441992E-06  1.61736700E-06  1.59847684E-06 
 1.58154029E-06  1.56735561E-06  1.56078083E-06  1.55969742E-06  1.56129811E-06 
 1.56245287E-06  1.56486004E-06  1.56887170E-06  1.57714759E-06  1.58915970E-06 
 1.60184665E-06  1.61888255E-06  1.64013391E-06  1.68731332E-06  1.73002732E-06 
 1.79380384E-06  1.87151584E-06  2.01714848E-06  2.18865943E-06  2.44635453E-06 
 2.82483661E-06  3.35613417E-06  4.12241623E-06  5.01188590E-06  6.10252474E-06 
 7.36337381E-06  8.89011817E-06  ) >                                            
> LEID       MODEL LEID   5 L H        ITER 07-17   2014-Mar-24                 
NC                ( > 
 2.59524928E+04  4.45897045E+04  7.14922496E+04  1.15517910E+05  1.90247438E+05 
 3.41734012E+05  6.37199205E+05  1.26215764E+06  2.45431045E+06  4.77254832E+06 
 8.12643251E+06  1.40259131E+07  2.37984146E+07  3.82621648E+07  5.83427693E+07 
 8.55886319E+07  1.23771879E+08  1.84224251E+08  2.49301510E+08  3.32332184E+08 
 4.19722814E+08  5.02368975E+08  5.74291497E+08  6.32993204E+08  6.97685906E+08 
 7.68520231E+08  8.58498692E+08  9.50253381E+08  1.05291056E+09  1.27042540E+09 
 1.64956179E+09  2.36565703E+09  4.22123861E+09  7.68798260E+09  1.91397363E+10 
 4.29988032E+10  4.08190592E+10  2.96662415E+10  2.39162665E+10  2.61174066E+10 
 3.16152127E+10  3.64158641E+10  4.55966963E+10  5.94242292E+10  8.33141982E+10 
 1.12937644E+11  1.60157735E+11  2.14060939E+11  2.62215156E+11  3.23912386E+11 
 4.31032177E+11  5.94765509E+11  8.85436160E+11  1.46344518E+12  2.20221339E+12 
 3.08651197E+12  4.62205677E+12  6.90101918E+12  1.76972778E+13  2.57888452E+13 
 4.20996470E+13  6.30197649E+13  1.03106738E+14  1.50609967E+14  2.22345772E+14 
 3.27914280E+14  4.76441613E+14  6.89640565E+14  9.34428525E+14  1.23184194E+15 
 1.56728798E+15  1.96385509E+15  ) >                                            
> LEID       MODEL LEID   5 L H        ITER 07-17   2014-Mar-24                 
BDHM              ( > 
 1.05022715E+03  1.00842953E+03  9.65429068E+02  9.20336522E+02  8.71899792E+02 
 8.13538571E+02  7.51182063E+02  6.86181560E+02  6.23652631E+02  5.68147314E+02 
 5.26109606E+02  4.86041080E+02  4.48330625E+02  4.16377718E+02  3.88046644E+02 
 3.63946877E+02  3.41474561E+02  3.16549878E+02  2.95859305E+02  2.74118792E+02 
 2.52793025E+02  2.37095810E+02  2.26644887E+02  2.18996459E+02  2.11155663E+02 
 2.00929335E+02  1.89608793E+02  1.80842308E+02  1.72141771E+02  1.51002680E+02 
 1.15577687E+02  7.99357042E+01  4.33497954E+01  2.16459764E+01  1.06623080E+01 
 6.85436009E+00  4.69886705E+00  3.36259159E+00  2.62592369E+00  2.11793802E+00 
 1.68044537E+00  1.40514567E+00  1.21984968E+00  1.10847877E+00  1.04970146E+00 
 1.02563663E+00  1.01282695E+00  1.00783447E+00  1.00546018E+00  1.00400042E+00 
 1.00224326E+00  1.00055886E+00  9.99517352E-01  9.97632365E-01  9.99453936E-01 
 1.00016603E+00  1.00092005E+00  1.00255059E+00  1.00271091E+00  1.00069485E+00 
 1.00258414E+00  1.00306158E+00  1.00278630E+00  1.00204616E+00  1.00151307E+00 
 1.00147578E+00  1.00149459E+00  1.00158372E+00  1.00165218E+00  1.00165859E+00 
 1.00166056E+00  1.00160286E+00  ) >                                            
> LEID       MODEL LEID   5 L H        ITER 07-17   2014-Mar-24                 
NH                ( > 
 1.03979574E+04  1.78731544E+04  2.86778148E+04  4.63955837E+04  7.65805776E+04 
 1.38210114E+05  2.59933662E+05  5.21215223E+05  1.02524320E+06  2.00702627E+06 
 3.42686423E+06  5.92314370E+06  1.00573926E+07  1.61762336E+07  2.46724751E+07 
 3.62028391E+07  5.23692385E+07  7.79834647E+07  1.05592918E+08  1.40881739E+08 
 1.78197084E+08  2.13668241E+08  2.44826790E+08  2.70542462E+08  2.99156743E+08 
 3.30927512E+08  3.71963694E+08  4.15191262E+08  4.65929574E+08  5.82808787E+08 
 7.99177158E+08  1.18626180E+09  2.13376428E+09  4.18225765E+09  1.32370777E+10 
 4.80593112E+10  2.89012591E+11  1.65866640E+12  8.04980500E+12  3.27560896E+13 
 1.18505283E+14  2.75529290E+14  6.06102717E+14  1.26219455E+15  2.53765322E+15 
 4.11823516E+15  6.21285589E+15  7.90884633E+15  9.05923082E+15  1.00747523E+16 
 1.13798846E+16  1.26636436E+16  1.36972427E+16  1.46246708E+16  1.46076343E+16 
 1.46047738E+16  1.45354707E+16  1.43628258E+16  1.39559784E+16  1.37895188E+16 
 1.34286058E+16  1.31265972E+16  1.27633992E+16  1.25130401E+16  1.23074847E+16 
 1.21373596E+16  1.20075154E+16  1.18878257E+16  1.17830016E+16  1.16934331E+16 
 1.15779407E+16  1.14410032E+16  ) >                                            
> LEID       MODEL LEID   5 L H        ITER 07-17   2014-Mar-24                 
NP                ( > 
 1.03979568E+04  1.78731527E+04  2.86778101E+04  4.63955709E+04  7.65805409E+04 
 1.38209987E+05  2.59933136E+05  5.21213316E+05  1.02523565E+06  2.00699709E+06 
 3.42677921E+06  5.92289363E+06  1.00566911E+07  1.61744910E+07  2.46685888E+07 
 3.61948886E+07  5.23535257E+07  7.79506542E+07  1.05534944E+08  1.40780255E+08 
 1.78031905E+08  2.13428747E+08  2.44514254E+08  2.70162972E+08  2.98695678E+08 
 3.30353173E+08  3.71227196E+08  4.14283290E+08  4.64812499E+08  5.81037399E+08 
 7.95220748E+08  1.17679471E+09  2.11016109E+09  3.84384636E+09  9.56809613E+09 
 2.14939186E+10  2.04005641E+10  1.48260852E+10  1.19411803E+10  1.29988917E+10 
 1.56043326E+10  1.77501257E+10  2.18092531E+10  2.76726696E+10  3.76032474E+10 
 4.99589075E+10  7.03455490E+10  9.46923078E+10  1.16984897E+11  1.46234933E+11 
 1.97746333E+11  2.77580229E+11  4.21248364E+11  7.08686809E+11  1.07793439E+12 
 1.51991660E+12  2.28757565E+12  3.42706447E+12  8.82523391E+12  1.28708086E+13 
 2.10262340E+13  3.14863395E+13  5.15292658E+13  7.52800181E+13  1.11146408E+14 
 1.63928368E+14  2.38188969E+14  3.44784807E+14  4.67176196E+14  6.15882702E+14 
 7.83610567E+14  9.81908428E+14  ) >                                            
HN           1    ( > 
 5.32052814E-04  1.70380119E-03  4.66691359E-03  1.27287287E-02  3.67209649E-02 
 1.26897516E-01  5.25905048E-01  1.90682950E+00  7.54271624E+00  2.91741071E+01 
 8.50188232E+01  2.50072227E+02  7.01482441E+02  1.74260733E+03  3.88625031E+03 
 7.95058764E+03  1.57127174E+04  3.28105502E+04  5.79737136E+04  1.01484372E+05 
 1.65178997E+05  2.39494153E+05  3.12536329E+05  3.79488901E+05  4.61064796E+05 
 5.74338258E+05  7.36495810E+05  9.07970258E+05  1.11707238E+06  1.77138323E+06 
 3.95640055E+06  9.46707099E+06  2.36031065E+07  3.38410806E+08  3.66897626E+09 
 2.65653693E+10  2.68612008E+11  1.64384028E+12  8.03786259E+12  3.27430574E+13 
 1.18489035E+14  2.75507058E+14  6.06055504E+14  1.26204427E+15  2.53710359E+15 
 4.11686396E+15  6.21000365E+15  7.90470674E+15  9.05424928E+15  1.00691869E+16 
 1.13737130E+16  1.26571458E+16  1.36910613E+16  1.46190968E+16  1.46028631E+16 
 1.46002887E+16  1.45309200E+16  1.43576967E+16  1.39462647E+16  1.37759610E+16 
 1.34071015E+16  1.30947557E+16  1.27116214E+16  1.24375691E+16  1.21961888E+16 
 1.19733095E+16  1.17692189E+16  1.15429350E+16  1.13157089E+16  1.10774109E+16 
 1.07941569E+16  1.04588738E+16  ) >                                            
HN           2    ( > 
 1.80093331E-11  5.43760034E-11  1.49069477E-10  4.23494901E-10  1.30576753E-09 
 4.90155505E-09  2.00119782E-08  9.11561987E-08  3.95415283E-07  1.69210386E-06 
 5.31806519E-06  1.75212273E-05  6.01667763E-05  2.06682142E-04  6.37805662E-04 
 1.84048991E-03  5.12674930E-03  1.56160200E-02  3.77587902E-02  8.78616677E-02 
 1.79702324E-01  3.10831527E-01  4.62773063E-01  6.15762406E-01  8.21069168E-01 
 1.09458760E+00  1.50648999E+00  2.00134018E+00  2.66019177E+00  4.65818396E+00 
 9.91095847E+00  2.41362801E+01  8.44284756E+01  4.90676314E+02  5.32047900E+03 
 2.30105196E+04  1.78581300E+04  8.99017872E+03  5.76909244E+03  6.76824755E+03 
 9.48506293E+03  1.21202549E+04  1.80115485E+04  2.87464798E+04  5.18817174E+04 
 8.67002907E+04  1.54216442E+05  2.49343674E+05  3.47742923E+05  4.87116539E+05 
 7.64095098E+05  1.25755972E+06  2.30854576E+06  4.98406470E+06  9.07873535E+06 
 1.49778591E+07  2.70786233E+07  4.84757599E+07  1.84769263E+08  3.15015518E+08 
 6.24895868E+08  1.09828819E+09  2.17340231E+09  3.67189378E+09  6.29755737E+09 
 1.07799769E+10  1.80579518E+10  3.00334015E+10  4.55103128E+10  6.62992182E+10 
 9.17523540E+10  1.24023728E+11  ) >                                            
HN           3    ( > 
 1.03914017E-13  3.71541004E-13  1.16044820E-12  3.69469902E-12  1.23143657E-11 
 5.01052777E-11  2.21088212E-10  1.07267983E-09  4.21443813E-09  1.62472028E-08 
 4.63077036E-08  1.45297084E-07  4.67556873E-07  1.42679684E-06  3.92946275E-06 
 1.03983841E-05  2.70265130E-05  7.61438194E-05  1.72668864E-04  3.78553137E-04 
 7.26801954E-04  1.20002034E-03  1.72977053E-03  2.24940288E-03  2.92986065E-03 
 3.80495441E-03  5.09638680E-03  6.61852301E-03  8.58755834E-03  1.42698000E-02 
 2.82716374E-02  5.71576218E-02  1.45832926E-01  1.40400036E+00  2.52486150E+01 
 2.60523829E+02  3.10059149E+02  1.94489543E+02  1.21104578E+02  1.45818914E+02 
 2.08992009E+02  2.70303474E+02  4.04464974E+02  6.45095684E+02  1.15267548E+03 
 1.91719358E+03  3.45128875E+03  5.64334685E+03  8.02445769E+03  1.15884505E+04 
 1.91114536E+04  3.34668685E+04  6.69569832E+04  1.60393249E+05  3.25433298E+05 
 5.84706503E+05  1.16845270E+06  2.31353928E+06  1.12978501E+07  2.11736319E+07 
 4.77278338E+07  9.32039474E+07  2.10589558E+08  3.94040414E+08  7.50009767E+08 
 1.42360527E+09  2.63283524E+09  4.82960564E+09  7.93394332E+09  1.24420244E+10 
 1.83753882E+10  2.64190506E+10  ) >                                            
HN           4    ( > 
 4.35725465E-14  1.44899460E-13  4.23107325E-13  1.19847720E-12  2.99388174E-12 
 8.56000296E-12  6.66825195E-11  4.51727036E-10  2.46713249E-09  1.00917059E-08 
 3.06303708E-08  9.92058255E-08  3.19129655E-07  9.34463655E-07  2.48254230E-06 
 6.19425755E-06  1.53826727E-05  4.06704407E-05  8.72457050E-05  1.80004094E-04 
 3.27519879E-04  5.17485525E-04  7.22827007E-04  9.19479188E-04  1.17009297E-03 
 1.48223038E-03  1.93283852E-03  2.45004465E-03  3.11266157E-03  4.91036639E-03 
 9.04633084E-03  1.68114039E-02  3.54120058E-02  1.76488501E-01  4.14811802E+00 
 4.70380891E+01  7.09280526E+01  4.51817768E+01  3.17883233E+01  3.95321336E+01 
 5.84700737E+01  7.73211109E+01  1.18422792E+02  1.94060403E+02  3.59060288E+02 
 6.18384732E+02  1.15751597E+03  1.93595612E+03  2.79716579E+03  4.10351154E+03 
 6.91717081E+03  1.24219385E+04  2.56599667E+04  6.39897151E+04  1.34958035E+05 
 2.50059051E+05  5.18274734E+05  1.06447476E+06  5.65150057E+06  1.09741056E+07 
 2.59296253E+07  5.26052464E+07  1.24535056E+08  2.41507401E+08  4.76749610E+08 
 9.38237236E+08  1.79632053E+09  3.41003204E+09  5.76244083E+09  9.27269530E+09 
 1.40097879E+10  2.05820024E+10  ) >                                            
HN           5    ( > 
 1.03931857E-13  1.54777859E-13  8.03516540E-13  3.35080144E-12  8.30444898E-12 
 2.35977732E-11  1.16091032E-10  6.26616918E-10  2.63275525E-09  1.08780539E-08 
 3.36972011E-08  1.10904863E-07  3.59307312E-07  1.04848570E-06  2.75671527E-06 
 6.74306012E-06  1.62715311E-05  4.19129674E-05  8.75825360E-05  1.76549340E-04 
 3.13405536E-04  4.85447280E-04  6.67998072E-04  8.40396380E-04  1.05661299E-03 
 1.32131091E-03  1.69844934E-03  2.12249984E-03  2.66594187E-03  4.08048431E-03 
 7.24102031E-03  1.33009506E-02  2.87593119E-02  1.36257623E-01  2.29241185E+00 
 2.44138029E+01  3.90582129E+01  2.53031004E+01  1.83363180E+01  2.31287668E+01 
 3.49651382E+01  4.72503617E+01  7.44577037E+01  1.26449715E+02  2.42798253E+02 
 4.31586178E+02  8.22739613E+02  1.40004788E+03  2.04024384E+03  3.01910219E+03 
 5.14689165E+03  9.37235676E+03  1.96531045E+04  5.00182189E+04  1.07424080E+05 
 2.01944894E+05  4.25788294E+05  8.89692410E+05  4.92141804E+06  9.70378433E+06 
 2.34087157E+07  4.83384013E+07  1.16926798E+08  2.30528100E+08  4.62805894E+08 
 9.26146614E+08  1.80179539E+09  3.47509589E+09  5.94966029E+09  9.68886811E+09 
 1.47934917E+10  2.19515638E+10  ) >                                            
HN           6    ( > 
 1.12599743E-13  1.96309555E-13  8.97497856E-13  3.55261113E-12  9.05610828E-12 
 2.69146746E-11  1.27798886E-10  6.72022161E-10  2.83789399E-09  1.17945510E-08 
 3.67268680E-08  1.20815395E-07  3.89827819E-07  1.13017656E-06  2.94842502E-06 
 7.14183160E-06  1.70288858E-05  4.33711304E-05  8.97592843E-05  1.79497437E-04 
 3.16941309E-04  4.89175281E-04  6.71717887E-04  8.44193694E-04  1.06057067E-03 
 1.32739707E-03  1.70934719E-03  2.14138437E-03  2.69734584E-03  4.16903434E-03 
 7.60908716E-03  1.52006663E-02  4.38900217E-02  2.19627548E-01  2.85530918E+00 
 2.53150542E+01  3.60757317E+01  2.29055289E+01  1.65040663E+01  2.08628059E+01 
 3.16684333E+01  4.28428234E+01  6.74592456E+01  1.14126622E+02  2.18900609E+02 
 3.90382112E+02  7.52739001E+02  1.29793471E+03  1.90732098E+03  2.84834340E+03 
 4.90916648E+03  9.04836216E+03  1.92254417E+04  4.96233296E+04  1.07273095E+05 
 2.02586303E+05  4.30389569E+05  9.06193270E+05  5.13076030E+06  1.02205972E+07 
 2.49814701E+07  5.21140885E+07  1.27615756E+08  2.53935015E+08  5.14545773E+08 
 1.03913134E+09  2.03932599E+09  3.96731212E+09  6.84084435E+09  1.12126354E+10 
 1.72183105E+10  2.56887693E+10  ) >                                            
HN           7    ( > 
 1.23530034E-13  2.45902856E-13  1.01409934E-12  3.82048517E-12  1.00165755E-11 
 3.10255477E-11  1.42813283E-10  7.33321817E-10  3.11507868E-09  1.30311019E-08 
 4.08060307E-08  1.34279055E-07  4.32009201E-07  1.24592839E-06  3.22932521E-06 
 7.75600097E-06  1.82960407E-05  4.61314703E-05  9.46482990E-05  1.87965506E-04 
 3.30503163E-04  5.08762497E-04  6.97618439E-04  8.76291332E-04  1.10067801E-03 
 1.37990214E-03  1.78185665E-03  2.23942342E-03  2.83103967E-03  4.42630867E-03 
 8.32192854E-03  1.78583224E-02  6.08165302E-02  3.08621999E-01  3.54539338E+00 
 2.82353521E+01  3.72391475E+01  2.33976458E+01  1.68361074E+01  2.13513100E+01 
 3.25330454E+01  4.40676538E+01  6.93715795E+01  1.17091947E+02  2.24443807E+02 
 4.01101660E+02  7.78999612E+02  1.35428680E+03  2.00040229E+03  3.00411475E+03 
 5.21217272E+03  9.67748863E+03  2.07261893E+04  5.39522469E+04  1.17092110E+05 
 2.21740978E+05  4.73237842E+05  1.00099481E+06  5.74766437E+06  1.15204077E+07 
 2.83825409E+07  5.95738205E+07  1.46966083E+08  2.94071178E+08  5.99213660E+08 
 1.21680013E+09  2.40060664E+09  4.69451661E+09  8.12954361E+09  1.33771250E+10 
 2.06131380E+10  3.08545112E+10  ) >                                            
HN           8    ( > 
 1.36497685E-13  3.03390189E-13  1.15150056E-12  4.14473859E-12  1.11620071E-11 
 3.58671135E-11  1.60742390E-10  8.07964276E-10  3.45265298E-09  1.45360265E-08 
 4.57661331E-08  1.50701742E-07  4.83770301E-07  1.38917773E-06  3.58078747E-06 
 8.53642555E-06  1.99446275E-05  4.98348843E-05  1.01444748E-04  2.00215338E-04 
 3.50805269E-04  5.38875394E-04  7.38127416E-04  9.26949997E-04  1.16441379E-03 
 1.46277172E-03  1.89478747E-03  2.38964318E-03  3.03253144E-03  4.79742991E-03 
 9.27825728E-03  2.11212195E-02  7.99267103E-02  4.07326812E-01  4.35601882E+00 
 3.23922218E+01  4.04742624E+01  2.52796001E+01  1.81939522E+01  2.31431827E+01 
 3.53720722E+01  4.79647972E+01  7.55030055E+01  1.27251156E+02  2.43815962E+02 
 4.36331232E+02  8.51509014E+02  1.48841440E+03  2.20597678E+03  3.32500474E+03 
 5.79399405E+03  1.08091465E+04  2.32695124E+04  6.09065625E+04  1.32524587E+05 
 2.51416141E+05  5.38160702E+05  1.14171126E+06  6.61568929E+06  1.33135302E+07 
 3.29694040E+07  6.94778630E+07  1.72223842E+08  3.45857663E+08  7.07297950E+08 
 1.44142440E+09  2.85349444E+09  5.59904348E+09  9.72293985E+09  1.60397169E+10 
 2.47714027E+10  3.71576261E+10  ) >                                            
HN           9    ( > 
 1.51397300E-13  3.68693171E-13  1.30885157E-12  4.52085788E-12  1.24813134E-11 
 4.14100160E-11  1.81404996E-10  8.94773677E-10  3.84526524E-09  1.62856841E-08 
 5.15303055E-08  1.69813379E-07  5.44168150E-07  1.55695981E-06  3.99442222E-06 
 9.46103412E-06  2.19171532E-05  5.43210751E-05  1.09790452E-04  2.15476016E-04 
 3.76395676E-04  5.77164117E-04  7.89915570E-04  9.91894544E-04  1.24629110E-03 
 1.56898698E-03  2.03890073E-03  2.58030940E-03  3.28685150E-03  5.25872999E-03 
 1.04349484E-02  2.49252900E-02  1.01369364E-01  5.17221649E-01  5.28325966E+00 
 3.74992930E+01  4.50624782E+01  2.80440125E+01  2.01977764E+01  2.57577529E+01 
 3.94635881E+01  5.35592617E+01  8.43110976E+01  1.41951029E+02  2.71904223E+02 
 4.87075682E+02  9.53742131E+02  1.67342707E+03  2.48599906E+03  3.75656272E+03 
 6.56556730E+03  1.22887157E+04  2.65483367E+04  6.97508535E+04  1.52036164E+05 
 2.88786780E+05  6.19408126E+05  1.31675856E+06  7.67785393E+06  1.54936067E+07 
 3.85037140E+07  8.13626235E+07  2.02349153E+08  4.07362537E+08  8.35153717E+08 
 1.70616051E+09  3.38549413E+09  6.65831900E+09  1.15844890E+10  1.91439626E+10 
 2.96109632E+10  4.44818215E+10  ) >                                            
HN          10    ( > 
 1.68174075E-13  4.41771080E-13  1.48571132E-12  4.94650378E-12  1.39687546E-11 
 4.76390857E-11  2.04707651E-10  9.93145028E-10  4.29016867E-09  1.82679703E-08 
 5.80592665E-08  1.91476243E-07  6.12722928E-07  1.74776907E-06  4.46597744E-06 
 1.05186608E-05  2.41845853E-05  5.95092743E-05  1.19505294E-04  2.33360752E-04 
 4.06547670E-04  6.22454827E-04  8.51322117E-04  1.06899459E-03  1.34357878E-03 
 1.69505961E-03  2.20961305E-03  2.80560941E-03  3.58659599E-03  5.79855145E-03 
 1.17709417E-02  2.92395453E-02  1.25212055E-01  6.38951654E-01  6.32490376E+00 
 4.34299422E+01  5.06977212E+01  3.14781130E+01  2.26897014E+01  2.89960824E+01 
 4.45093715E+01  6.04487944E+01  9.51602346E+01  1.60100326E+02  3.06606905E+02 
 5.49632667E+02  1.07886535E+03  1.89814096E+03  2.82458557E+03  4.27595861E+03 
 7.48935278E+03  1.40506334E+04  3.04315847E+04  8.01689344E+04  1.74965017E+05 
 3.32631531E+05  7.14484462E+05  1.52108903E+06  8.90903137E+06  1.80134900E+07 
 4.48790957E+07  9.50201008E+07  2.36872455E+08  4.77709206E+08  9.81119032E+08 
 2.00787299E+09  3.99085441E+09  7.86190529E+09  1.36972295E+10  2.26635712E+10 
 3.50934445E+10  5.27726095E+10  ) >                                            
HN          11    ( > 
 1.86797192E-13  5.22601025E-13  1.68183214E-12  5.42036368E-12  1.56211126E-11 
 5.45458282E-11  2.30598099E-10  1.10274057E-09  4.78583239E-09  2.04761495E-08 
 6.53311892E-08  2.15613916E-07  6.89168806E-07  1.96077260E-06  4.99310395E-06 
 1.17031442E-05  2.67309240E-05  6.53550392E-05  1.30490302E-04  2.53657345E-04 
 4.40863232E-04  6.74105491E-04  9.21439560E-04  1.15708689E-03  1.45478675E-03 
 1.83908845E-03  2.40442961E-03  3.06238252E-03  3.92774337E-03  6.41058067E-03 
 1.32748988E-02  3.40474127E-02  1.51489279E-01  7.72836543E-01  7.47966224E+00 
 5.01205538E+01  5.72302907E+01  3.54789586E+01  2.55938015E+01  3.27627694E+01 
 5.03665731E+01  6.84408668E+01  1.07746426E+02  1.81177861E+02  3.46920627E+02 
 6.22232972E+02  1.22360221E+03  2.15717203E+03  3.21406919E+03  4.87213889E+03 
 8.54710767E+03  1.60629048E+04  3.48549920E+04  9.20050054E+04  2.00984290E+05 
 3.82346218E+05  8.22151819E+05  1.75219203E+06  1.02966191E+07  2.08494462E+07 
 5.20417459E+07  1.10344701E+08  2.75554305E+08  5.56449154E+08  1.14434067E+09 
 2.34494670E+09  4.66660311E+09  9.20439092E+09  1.60523443E+10  2.65848433E+10 
 4.11988080E+10  6.20014796E+10  ) >                                            
HN          12    ( > 
 2.07248226E-13  6.11169330E-13  1.89706611E-12  5.94165415E-12  1.74364682E-11 
 6.21251810E-11  2.59045229E-10  1.22335945E-09  5.33134706E-09  2.29062261E-08 
 7.33331375E-08  2.42181156E-07  7.73348570E-07  2.19547827E-06  5.57441516E-06 
 1.30108511E-05  2.95467432E-05  7.18322149E-05  1.42687288E-04  2.76241181E-04 
 4.79108915E-04  7.31739913E-04  9.99736532E-04  1.25549070E-03  1.57904347E-03 
 1.99996242E-03  2.62189369E-03  3.34878459E-03  4.30794908E-03  7.09114457E-03 
 1.49402518E-02  3.93393386E-02  1.80220238E-01  9.19050306E-01  8.74675076E+00 
 5.75360835E+01  6.45793488E+01  3.99913980E+01  2.88695759E+01  3.70070233E+01 
 5.69591989E+01  7.74331100E+01  1.21908126E+02  2.04906943E+02  3.92312851E+02 
 7.03936953E+02  1.38620822E+03  2.44764507E+03  3.65034740E+03  5.53917596E+03 
 9.72902247E+03  1.83082727E+04  3.97837781E+04  1.05174437E+05  2.29916143E+05 
 4.37601723E+05  9.41734528E+05  2.00869441E+06  1.18336826E+07  2.39883807E+07 
 5.99618771E+07  1.27277807E+08  3.18261346E+08  6.43331973E+08  1.32434107E+09 
 2.71647543E+09  5.41106872E+09  1.06827255E+10  1.86448540E+10  3.09000283E+10 
 4.79156989E+10  7.21522531E+10  ) >                                            
HN          13    ( > 
 2.29515609E-13  7.07467410E-13  2.13132041E-12  6.50988385E-12  1.94136181E-11 
 7.03739725E-11  2.90029564E-10  1.35487603E-09  5.92614445E-09  2.55557053E-08 
 8.20570406E-08  2.71149760E-07  8.65164290E-07  2.45157980E-06  6.20904866E-06 
 1.44395232E-05  3.26261879E-05  7.89245698E-05  1.56060170E-04  3.01035049E-04 
 5.21140205E-04  7.95125382E-04  1.08588450E-03  1.36378530E-03  1.71581054E-03 
 2.17699552E-03  2.86110655E-03  3.66367851E-03  4.72576826E-03  7.83798317E-03 
 1.67629728E-02  4.51094849E-02  2.11416353E-01  1.07769463E+00  1.01256720E+01 
 6.56558337E+01  7.26978740E+01  4.49835413E+01  3.24936814E+01  4.16996121E+01 
 6.42435331E+01  8.73666584E+01  1.37552475E+02  2.31128646E+02  4.42477766E+02 
 7.94204734E+02  1.56567920E+03  2.76790120E+03  4.13104967E+03  6.27363898E+03 
 1.10294079E+04  2.07767055E+04  4.51976725E+04  1.19627771E+05  2.61656511E+05 
 4.98205284E+05  1.07283627E+06  2.28978955E+06  1.35161294E+07  2.74225502E+07 
 6.86218291E+07  1.45784593E+08  3.64914161E+08  7.38208257E+08  1.52083479E+09 
 3.12191649E+09  6.22324851E+09  1.22950761E+10  2.14717618E+10  3.56044557E+10 
 5.52372670E+10  8.32151583E+10  ) >                                            
HN          14    ( > 
 2.53591777E-13  8.11489650E-13  2.38453441E-12  7.12473179E-12  2.15517767E-11 
 7.92901326E-11  3.23538399E-10  1.49720841E-09  6.56985440E-09  2.84229629E-08 
 9.14976477E-08  3.02501388E-07  9.64552333E-07  2.72887825E-06  6.89644468E-06 
 1.59876955E-05  3.59654619E-05  8.66215857E-05  1.70585578E-04  3.27988978E-04 
 5.66863644E-04  8.64111484E-04  1.17967122E-03  1.48169895E-03  1.86474034E-03 
 2.36974504E-03  3.12148843E-03  4.00633109E-03  5.18026975E-03  8.64964176E-03 
 1.87404756E-02  5.13541134E-02  2.45084784E-01  1.24883237E+00  1.16160991E+01 
 7.44668951E+01  8.15568853E+01  5.04358238E+01  3.64518320E+01  4.68226649E+01 
 7.21928605E+01  9.82055474E+01  1.54622758E+02  2.59745959E+02  4.97228732E+02 
 8.92706683E+02  1.76140110E+03  3.11692430E+03  4.65472224E+03  7.07342117E+03 
 1.24447648E+04  2.34620219E+04  5.10841608E+04  1.35334406E+05  2.96140947E+05 
 5.64037445E+05  1.21521115E+06  2.59497639E+06  1.53414085E+07  3.11471203E+07 
 7.80105538E+07  1.65843241E+08  4.15462896E+08  8.40984087E+08  1.73364213E+09 
 3.56092778E+09  7.10250946E+09  1.40402837E+10  2.45311713E+10  4.06951668E+10 
 6.31591688E+10  9.51839941E+10  ) >                                            
HN          15    ( > 
 2.79471614E-13  9.23232257E-13  2.65666709E-12  7.78598108E-12  2.38504131E-11 
 8.88722634E-11  3.59563159E-10  1.65030133E-09  7.26222726E-09  3.15069043E-08 
 1.01651421E-07  3.36223690E-07  1.07146986E-06  3.02723979E-06  7.63622678E-06 
 1.76543832E-05  3.95620144E-05  9.49161993E-05  1.86247825E-04  3.57069442E-04 
 6.16216559E-04  9.38597402E-04  1.28095444E-03  1.60904961E-03  2.02560004E-03 
 2.57791458E-03  3.40265139E-03  4.37625185E-03  5.67083083E-03  9.52514841E-03 
 2.08710356E-02  5.80707369E-02  2.81230215E-01  1.43250418E+00  1.32178101E+01 
 8.39608541E+01  9.11376729E+01  5.63356607E+01  4.07348564E+01  5.23647180E+01 
 8.07900481E+01  1.09926718E+02  1.73082619E+02  2.90696723E+02  5.56446177E+02 
 9.99231554E+02  1.97297996E+03  3.49406145E+03  5.22043019E+03  7.93716627E+03 
 1.39728377E+04  2.63602320E+04  5.74351523E+04  1.52274526E+05  3.33327685E+05 
 6.35020743E+05  1.36869958E+06  2.92392941E+06  1.73078579E+07  3.51589377E+07 
 8.81208334E+07  1.87439479E+08  4.69874891E+08  9.51597866E+08  1.96264509E+09 
 4.03328441E+09  8.04843505E+09  1.59175852E+10  2.78218322E+10  4.61702095E+10 
 7.16785364E+10  1.08054664E+11  ) >                                            
> LEID       MODEL LEID   5 L H        ITER 07-17   2014-Mar-24                 
BDH          1    ( > 
 1.30960652E+11  1.15674860E+11  9.97309010E+10  8.31388942E+10  6.90537166E+10 
 5.44384729E+10  4.62713779E+10  2.93026070E+10  2.08331894E+10  1.47145951E+10 
 1.09332489E+10  7.92497226E+09  5.64360881E+09  4.07396058E+09  2.97570049E+09 
 2.20745444E+09  1.62958119E+09  1.14401129E+09  8.47674788E+08  6.18690379E+08 
 4.57970002E+08  3.58615597E+08  2.98348953E+08  2.59110965E+08  2.22958796E+08 
 1.86332197E+08  1.50119838E+08  1.23247349E+08  9.93727341E+07  6.01441899E+07 
 2.35104013E+07  4.75692135E+06  1.55840493E+05  1.08163303E+04  1.52762318E+02 
 8.03663224E+00  4.49822062E+00  3.24010875E+00  3.17175516E+00  2.28698816E+00 
 1.65175051E+00  1.31654836E+00  1.14241019E+00  1.02593254E+00  9.76170460E-01 
 9.37392715E-01  9.04613923E-01  9.01031875E-01  8.97986918E-01  9.00209665E-01 
 8.97917753E-01  8.94173422E-01  9.00230051E-01  8.99102073E-01  9.40012868E-01 
 9.59999807E-01  9.79690019E-01  1.00378991E+00  1.00775346E+00  1.00175368E+00 
 1.00877513E+00  1.00926473E+00  1.00602053E+00  1.00358855E+00  1.00217853E+00 
 1.00145112E+00  1.00098917E+00  1.00068370E+00  1.00050582E+00  1.00038342E+00 
 1.00030233E+00  1.00024122E+00  ) >                                            
BDH          2    ( > 
 2.70896540E+03  2.41814675E+03  2.24904908E+03  2.12168190E+03  2.07009925E+03 
 2.00347054E+03  1.93491241E+03  1.81451428E+03  1.68796210E+03  1.57197935E+03 
 1.45931305E+03  1.38212245E+03  1.41345750E+03  1.63695489E+03  1.91046353E+03 
 2.28307206E+03  2.71614769E+03  3.27038670E+03  3.84074930E+03  4.41113021E+03 
 4.92473017E+03  5.32957176E+03  5.61786495E+03  5.79582934E+03  5.96773660E+03 
 6.01233997E+03  5.98635821E+03  5.95189821E+03  5.86434505E+03  5.48111081E+03 
 4.20536839E+03  2.57519289E+03  9.41745070E+02  4.31051966E+02  1.70121886E+02 
 5.42473046E+01  1.93843195E+01  8.27237820E+00  4.55828040E+00  2.88753207E+00 
 1.96153927E+00  1.52625995E+00  1.28085250E+00  1.12407727E+00  1.03434762E+00 
 9.77109282E-01  9.32447567E-01  9.22638811E-01  9.18794449E-01  9.14949715E-01 
 9.08972496E-01  9.02315809E-01  9.05053467E-01  9.22045688E-01  9.41359815E-01 
 9.60675645E-01  9.79897081E-01  9.99119242E-01  1.00567828E+00  1.00684627E+00 
 1.00803812E+00  1.00932397E+00  1.00603299E+00  1.00359274E+00  1.00217561E+00 
 1.00144401E+00  1.00097897E+00  1.00067143E+00  1.00049225E+00  1.00036900E+00 
 1.00028737E+00  1.00022587E+00  ) >                                            
BDH          3    ( > 
 8.19751020E+00  8.77737664E+00  9.43077135E+00  1.01248712E+01  1.08671469E+01 
 1.16614384E+01  1.24977624E+01  1.28695781E+01  1.12039920E+01  9.71026370E+00 
 8.40063918E+00  7.79632488E+00  7.69575828E+00  8.13835925E+00  8.70550462E+00 
 9.77795066E+00  1.11268825E+01  1.27690532E+01  1.44517241E+01  1.61344673E+01 
 1.74904805E+01  1.85670750E+01  1.93202953E+01  1.97733336E+01  2.02088233E+01 
 2.02759705E+01  2.01670134E+01  2.00293669E+01  1.97085048E+01  1.86002704E+01 
 1.51924780E+01  9.45040307E+00  3.70111342E+00  4.70391206E+00  5.70458766E+00 
 6.66556477E+00  5.40713072E+00  4.14432792E+00  2.90171592E+00  2.31933180E+00 
 1.89911744E+00  1.66357026E+00  1.50230504E+00  1.37818330E+00  1.27295056E+00 
 1.18674177E+00  1.10939529E+00  1.06075300E+00  1.03830371E+00  1.02009558E+00 
 1.00188454E+00  9.83646515E-01  9.74289747E-01  9.70255428E-01  9.82863571E-01 
 9.95473602E-01  1.00480606E+00  1.01413937E+00  1.01581146E+00  1.01179501E+00 
 1.00778991E+00  1.00575494E+00  1.00315434E+00  1.00170059E+00  1.00093633E+00 
 1.00058113E+00  1.00036981E+00  1.00023910E+00  1.00016692E+00  1.00011928E+00 
 1.00008915E+00  1.00006713E+00  ) >                                            
BDH          4    ( > 
 2.04881536E+00  2.04955703E+00  2.06879413E+00  1.98663906E+00  1.60796585E+00 
 1.22215343E+00  2.33387917E+00  3.39155277E+00  4.15169285E+00  3.86148798E+00 
 3.59161764E+00  3.47523609E+00  3.46491199E+00  3.54999463E+00  3.69740722E+00 
 3.94958062E+00  4.33178353E+00  4.71424830E+00  5.09557937E+00  5.41256842E+00 
 5.62670810E+00  5.77065219E+00  5.85846019E+00  5.89588841E+00  5.92029036E+00 
 5.83885556E+00  5.70590903E+00  5.57334951E+00  5.41276357E+00  4.95631193E+00 
 3.94495789E+00  2.42074455E+00  8.95312111E-01  7.05779570E-01  1.38814616E+00 
 2.07139337E+00  2.44226683E+00  2.16047675E+00  1.87835224E+00  1.66689583E+00 
 1.49191239E+00  1.38690815E+00  1.31211621E+00  1.25637513E+00  1.20743773E+00 
 1.16212351E+00  1.11681324E+00  1.07498672E+00  1.05558589E+00  1.03741780E+00 
 1.01924675E+00  1.00031311E+00  9.88275091E-01  9.80123675E-01  9.91106108E-01 
 1.00209047E+00  1.00922285E+00  1.01635610E+00  1.01312234E+00  1.00968166E+00 
 1.00624744E+00  1.00434368E+00  1.00223219E+00  1.00114798E+00  1.00060787E+00 
 1.00036749E+00  1.00022856E+00  1.00014470E+00  1.00009932E+00  1.00006985E+00 
 1.00005150E+00  1.00003825E+00  ) >                                            
BDH          5    ( > 
 3.21265278E+00  1.44221948E+00  2.59398506E+00  3.67640943E+00  2.96053470E+00 
 2.24457588E+00  2.71853898E+00  3.16327917E+00  2.99472645E+00  2.82840009E+00 
 2.69679498E+00  2.66391665E+00  2.68778216E+00  2.75655495E+00  2.85368242E+00 
 3.00028761E+00  3.21035653E+00  3.42043719E+00  3.61726460E+00  3.77310272E+00 
 3.84780434E+00  3.88575067E+00  3.89849389E+00  3.88969137E+00  3.86891094E+00 
 3.78023104E+00  3.65696516E+00  3.53386439E+00  3.40566954E+00  3.05626194E+00 
 2.39454179E+00  1.50064945E+00  6.06282201E-01  4.93999382E-01  7.68557422E-01 
 1.15461775E+00  1.53913661E+00  1.46917434E+00  1.37437674E+00  1.27916303E+00 
 1.20177052E+00  1.16149392E+00  1.14283504E+00  1.14236002E+00  1.14186451E+00 
 1.13275450E+00  1.10280158E+00  1.07208600E+00  1.05550800E+00  1.03892967E+00 
 1.02205868E+00  1.00516110E+00  9.92095658E-01  9.83751676E-01  9.94196730E-01 
 1.00464373E+00  1.01100178E+00  1.01736073E+00  1.01422681E+00  1.00991551E+00 
 1.00568357E+00  1.00386840E+00  1.00194042E+00  1.00098214E+00  1.00051423E+00 
 1.00030821E+00  1.00019020E+00  1.00011954E+00  1.00008156E+00  1.00005706E+00 
 1.00004186E+00  1.00003095E+00  ) >                                            
BDH          6    ( > 
 2.99138751E+00  1.39799753E+00  2.43458655E+00  3.40876849E+00  2.76448123E+00 
 2.12011829E+00  2.54668509E+00  2.94695125E+00  2.79525380E+00  2.64556008E+00 
 2.52711548E+00  2.49752498E+00  2.51900395E+00  2.58089946E+00  2.66831418E+00 
 2.80025885E+00  2.98932088E+00  3.17839348E+00  3.35553814E+00  3.49579245E+00 
 3.56302391E+00  3.59717560E+00  3.60864450E+00  3.60072224E+00  3.58201985E+00 
 3.50220794E+00  3.39126864E+00  3.28047795E+00  3.16510258E+00  2.85063575E+00 
 2.25508761E+00  1.45058450E+00  6.45653981E-01  5.44599443E-01  7.91701680E-01 
 1.13915598E+00  1.48522295E+00  1.42225690E+00  1.33693907E+00  1.25124672E+00 
 1.18159346E+00  1.14534453E+00  1.12855154E+00  1.12812402E+00  1.12767806E+00 
 1.11947905E+00  1.09252142E+00  1.06487740E+00  1.04995720E+00  1.03503670E+00 
 1.01985281E+00  1.00464499E+00  9.92886092E-01  9.85376509E-01  9.94777057E-01 
 1.00417936E+00  1.00990160E+00  1.01562465E+00  1.01280413E+00  1.00892396E+00 
 1.00511521E+00  1.00348156E+00  1.00174637E+00  1.00088393E+00  1.00046281E+00 
 1.00027739E+00  1.00017118E+00  1.00010758E+00  1.00007341E+00  1.00005135E+00 
 1.00003768E+00  1.00002785E+00  ) >                                            
BDH          7    ( > 
 2.77012223E+00  1.35377558E+00  2.27518805E+00  3.14112754E+00  2.56842776E+00 
 1.99566070E+00  2.37483119E+00  2.73062334E+00  2.59578116E+00  2.46272007E+00 
 2.35743598E+00  2.33113332E+00  2.35022573E+00  2.40524396E+00  2.48294594E+00 
 2.60023009E+00  2.76828523E+00  2.93634976E+00  3.09381168E+00  3.21848218E+00 
 3.27824347E+00  3.30860054E+00  3.31879511E+00  3.31175310E+00  3.29512875E+00 
 3.22418483E+00  3.12557213E+00  3.02709151E+00  2.92453563E+00  2.64500955E+00 
 2.11563343E+00  1.40051956E+00  6.85025761E-01  5.95199505E-01  8.14845937E-01 
 1.12369420E+00  1.43130929E+00  1.37533947E+00  1.29950139E+00  1.22333042E+00 
 1.16141641E+00  1.12919514E+00  1.11426803E+00  1.11388802E+00  1.11349161E+00 
 1.10620360E+00  1.08224126E+00  1.05766880E+00  1.04440640E+00  1.03114374E+00 
 1.01764695E+00  1.00412888E+00  9.93676526E-01  9.87001341E-01  9.95357384E-01 
 1.00371498E+00  1.00880143E+00  1.01388858E+00  1.01138145E+00  1.00793241E+00 
 1.00454685E+00  1.00309472E+00  1.00155233E+00  1.00078571E+00  1.00041138E+00 
 1.00024657E+00  1.00015216E+00  1.00009563E+00  1.00006525E+00  1.00004564E+00 
 1.00003349E+00  1.00002476E+00  ) >                                            
BDH          8    ( > 
 2.54885695E+00  1.30955364E+00  2.11578954E+00  2.87348660E+00  2.37237429E+00 
 1.87120311E+00  2.20297729E+00  2.51429542E+00  2.39630851E+00  2.27988006E+00 
 2.18775648E+00  2.16474165E+00  2.18144751E+00  2.22958847E+00  2.29757770E+00 
 2.40020133E+00  2.54724957E+00  2.69430604E+00  2.83208522E+00  2.94117191E+00 
 2.99346304E+00  3.02002547E+00  3.02894573E+00  3.02278396E+00  3.00823766E+00 
 2.94616173E+00  2.85987561E+00  2.77370507E+00  2.68396868E+00  2.43938336E+00 
 1.97617925E+00  1.35045461E+00  7.24397541E-01  6.45799567E-01  8.37990195E-01 
 1.10823243E+00  1.37739563E+00  1.32842204E+00  1.26206372E+00  1.19541412E+00 
 1.14123936E+00  1.11304575E+00  1.09998453E+00  1.09965201E+00  1.09930516E+00 
 1.09292815E+00  1.07196111E+00  1.05046020E+00  1.03885560E+00  1.02725077E+00 
 1.01544108E+00  1.00361277E+00  9.94466960E-01  9.88626173E-01  9.95937711E-01 
 1.00325061E+00  1.00770125E+00  1.01215251E+00  1.00995877E+00  1.00694086E+00 
 1.00397850E+00  1.00270788E+00  1.00135829E+00  1.00068750E+00  1.00035996E+00 
 1.00021575E+00  1.00013314E+00  1.00008368E+00  1.00005709E+00  1.00003994E+00 
 1.00002930E+00  1.00002166E+00  ) >                                            
BDH          9    ( > 
 2.32759167E+00  1.26533169E+00  1.95639104E+00  2.60584566E+00  2.17632082E+00 
 1.74674553E+00  2.03112339E+00  2.29796750E+00  2.19683587E+00  2.09704005E+00 
 2.01807699E+00  1.99834999E+00  2.01266930E+00  2.05393297E+00  2.11220945E+00 
 2.20017257E+00  2.32621392E+00  2.45226232E+00  2.57035876E+00  2.66386163E+00 
 2.70868260E+00  2.73145040E+00  2.73909634E+00  2.73381482E+00  2.72134656E+00 
 2.66813862E+00  2.59417910E+00  2.52031864E+00  2.44340172E+00  2.23375716E+00 
 1.83672507E+00  1.30038967E+00  7.63769320E-01  6.96399629E-01  8.61134453E-01 
 1.09277065E+00  1.32348197E+00  1.28150460E+00  1.22462604E+00  1.16749782E+00 
 1.12106231E+00  1.09689635E+00  1.08570103E+00  1.08541601E+00  1.08511871E+00 
 1.07965270E+00  1.06168095E+00  1.04325160E+00  1.03330480E+00  1.02335780E+00 
 1.01323521E+00  1.00309666E+00  9.95257395E-01  9.90251006E-01  9.96518038E-01 
 1.00278624E+00  1.00660107E+00  1.01041644E+00  1.00853609E+00  1.00594931E+00 
 1.00341014E+00  1.00232104E+00  1.00116425E+00  1.00058928E+00  1.00030854E+00 
 1.00018493E+00  1.00011412E+00  1.00007172E+00  1.00004894E+00  1.00003423E+00 
 1.00002512E+00  1.00001857E+00  ) >                                            
BDH         10    ( > 
 2.10632639E+00  1.22110974E+00  1.79699253E+00  2.33820471E+00  1.98026735E+00 
 1.62228794E+00  1.85926949E+00  2.08163958E+00  1.99736322E+00  1.91420005E+00 
 1.84839749E+00  1.83195832E+00  1.84389108E+00  1.87827748E+00  1.92684121E+00 
 2.00014381E+00  2.10517827E+00  2.21021860E+00  2.30863230E+00  2.38655136E+00 
 2.42390217E+00  2.44287534E+00  2.44924695E+00  2.44484569E+00  2.43445547E+00 
 2.39011552E+00  2.32848258E+00  2.26693220E+00  2.20283477E+00  2.02813097E+00 
 1.69727089E+00  1.25032472E+00  8.03141100E-01  7.46999691E-01  8.84278711E-01 
 1.07730888E+00  1.26956831E+00  1.23458717E+00  1.18718837E+00  1.13958151E+00 
 1.10088526E+00  1.08074696E+00  1.07141752E+00  1.07118001E+00  1.07093225E+00 
 1.06637725E+00  1.05140079E+00  1.03604300E+00  1.02775400E+00  1.01946483E+00 
 1.01102934E+00  1.00258055E+00  9.96047829E-01  9.91875838E-01  9.97098365E-01 
 1.00232186E+00  1.00550089E+00  1.00868036E+00  1.00711341E+00  1.00495776E+00 
 1.00284178E+00  1.00193420E+00  1.00097021E+00  1.00049107E+00  1.00025712E+00 
 1.00015410E+00  1.00009510E+00  1.00005977E+00  1.00004078E+00  1.00002853E+00 
 1.00002093E+00  1.00001547E+00  ) >                                            
BDH         11    ( > 
 1.88506111E+00  1.17688779E+00  1.63759402E+00  2.07056377E+00  1.78421388E+00 
 1.49783035E+00  1.68741559E+00  1.86531167E+00  1.79789058E+00  1.73136004E+00 
 1.67871799E+00  1.66556666E+00  1.67511286E+00  1.70262198E+00  1.74147297E+00 
 1.80011505E+00  1.88414261E+00  1.96817488E+00  2.04690584E+00  2.10924109E+00 
 2.13912174E+00  2.15430027E+00  2.15939756E+00  2.15587655E+00  2.14756438E+00 
 2.11209242E+00  2.06278606E+00  2.01354576E+00  1.96226782E+00  1.82250478E+00 
 1.55781671E+00  1.20025978E+00  8.42512880E-01  7.97599753E-01  9.07422969E-01 
 1.06184710E+00  1.21565465E+00  1.18766974E+00  1.14975070E+00  1.11166521E+00 
 1.08070821E+00  1.06459757E+00  1.05713402E+00  1.05694401E+00  1.05674580E+00 
 1.05310180E+00  1.04112063E+00  1.02883440E+00  1.02220320E+00  1.01557187E+00 
 1.00882347E+00  1.00206444E+00  9.96838263E-01  9.93500670E-01  9.97678692E-01 
 1.00185749E+00  1.00440071E+00  1.00694429E+00  1.00569072E+00  1.00396620E+00 
 1.00227343E+00  1.00154736E+00  1.00077617E+00  1.00039286E+00  1.00020569E+00 
 1.00012328E+00  1.00007608E+00  1.00004781E+00  1.00003263E+00  1.00002282E+00 
 1.00001675E+00  1.00001238E+00  ) >                                            
BDH         12    ( > 
 1.66379584E+00  1.13266584E+00  1.47819552E+00  1.80292283E+00  1.58816041E+00 
 1.37337276E+00  1.51556170E+00  1.64898375E+00  1.59841793E+00  1.54852003E+00 
 1.50903849E+00  1.49917499E+00  1.50633465E+00  1.52696649E+00  1.55610473E+00 
 1.60008628E+00  1.66310696E+00  1.72613116E+00  1.78517938E+00  1.83193082E+00 
 1.85434130E+00  1.86572520E+00  1.86954817E+00  1.86690741E+00  1.86067328E+00 
 1.83406931E+00  1.79708955E+00  1.76015932E+00  1.72170086E+00  1.61687858E+00 
 1.41836254E+00  1.15019483E+00  8.81884660E-01  8.48199814E-01  9.30567227E-01 
 1.04638533E+00  1.16174098E+00  1.14075230E+00  1.11231302E+00  1.08374891E+00 
 1.06053115E+00  1.04844818E+00  1.04285051E+00  1.04270801E+00  1.04255935E+00 
 1.03982635E+00  1.03084047E+00  1.02162580E+00  1.01665240E+00  1.01167890E+00 
 1.00661760E+00  1.00154833E+00  9.97628697E-01  9.95125503E-01  9.98259019E-01 
 1.00139312E+00  1.00330053E+00  1.00520822E+00  1.00426804E+00  1.00297465E+00 
 1.00170507E+00  1.00116052E+00  1.00058212E+00  1.00029464E+00  1.00015427E+00 
 1.00009246E+00  1.00005706E+00  1.00003586E+00  1.00002447E+00  1.00001712E+00 
 1.00001256E+00  1.00000928E+00  ) >                                            
BDH         13    ( > 
 1.44253056E+00  1.08844390E+00  1.31879701E+00  1.53528189E+00  1.39210694E+00 
 1.24891518E+00  1.34370780E+00  1.43265583E+00  1.39894529E+00  1.36568002E+00 
 1.33935900E+00  1.33278333E+00  1.33755643E+00  1.35131099E+00  1.37073648E+00 
 1.40005752E+00  1.44207131E+00  1.48408744E+00  1.52345292E+00  1.55462054E+00 
 1.56956087E+00  1.57715013E+00  1.57969878E+00  1.57793827E+00  1.57378219E+00 
 1.55604621E+00  1.53139303E+00  1.50677288E+00  1.48113391E+00  1.41125239E+00 
 1.27890836E+00  1.10012989E+00  9.21256440E-01  8.98799876E-01  9.53711484E-01 
 1.03092355E+00  1.10782732E+00  1.09383487E+00  1.07487535E+00  1.05583261E+00 
 1.04035410E+00  1.03229878E+00  1.02856701E+00  1.02847200E+00  1.02837290E+00 
 1.02655090E+00  1.02056032E+00  1.01441720E+00  1.01110160E+00  1.00778593E+00 
 1.00441174E+00  1.00103222E+00  9.98419132E-01  9.96750335E-01  9.98839346E-01 
 1.00092875E+00  1.00220036E+00  1.00347215E+00  1.00284536E+00  1.00198310E+00 
 1.00113671E+00  1.00077368E+00  1.00038808E+00  1.00019643E+00  1.00010285E+00 
 1.00006164E+00  1.00003804E+00  1.00002391E+00  1.00001631E+00  1.00001141E+00 
 1.00000837E+00  1.00000619E+00  ) >                                            
BDH         14    ( > 
 1.22126528E+00  1.04422195E+00  1.15939851E+00  1.26764094E+00  1.19605347E+00 
 1.12445759E+00  1.17185390E+00  1.21632792E+00  1.19947264E+00  1.18284001E+00 
 1.16967950E+00  1.16639166E+00  1.16877822E+00  1.17565550E+00  1.18536824E+00 
 1.20002876E+00  1.22103565E+00  1.24204372E+00  1.26172646E+00  1.27731027E+00 
 1.28478043E+00  1.28857507E+00  1.28984939E+00  1.28896914E+00  1.28689109E+00 
 1.27802310E+00  1.26569652E+00  1.25338644E+00  1.24056695E+00  1.20562619E+00 
 1.13945418E+00  1.05006494E+00  9.60628220E-01  9.49399938E-01  9.76855742E-01 
 1.01546178E+00  1.05391366E+00  1.04691743E+00  1.03743767E+00  1.02791630E+00 
 1.02017705E+00  1.01614939E+00  1.01428350E+00  1.01423600E+00  1.01418645E+00 
 1.01327545E+00  1.01028016E+00  1.00720860E+00  1.00555080E+00  1.00389297E+00 
 1.00220587E+00  1.00051611E+00  9.99209566E-01  9.98375168E-01  9.99419673E-01 
 1.00046437E+00  1.00110018E+00  1.00173607E+00  1.00142268E+00  1.00099155E+00 
 1.00056836E+00  1.00038684E+00  1.00019404E+00  1.00009821E+00  1.00005142E+00 
 1.00003082E+00  1.00001902E+00  1.00001195E+00  1.00000816E+00  1.00000571E+00 
 1.00000419E+00  1.00000309E+00  ) >                                            
BDH         15    ( > 
 1.00000000E+00  1.00000000E+00  1.00000000E+00  1.00000000E+00  1.00000000E+00 
 1.00000000E+00  1.00000000E+00  1.00000000E+00  1.00000000E+00  1.00000000E+00 
 1.00000000E+00  1.00000000E+00  1.00000000E+00  1.00000000E+00  1.00000000E+00 
 1.00000000E+00  1.00000000E+00  1.00000000E+00  1.00000000E+00  1.00000000E+00 
 1.00000000E+00  1.00000000E+00  1.00000000E+00  1.00000000E+00  1.00000000E+00 
 1.00000000E+00  1.00000000E+00  1.00000000E+00  1.00000000E+00  1.00000000E+00 
 1.00000000E+00  1.00000000E+00  1.00000000E+00  1.00000000E+00  1.00000000E+00 
 1.00000000E+00  1.00000000E+00  1.00000000E+00  1.00000000E+00  1.00000000E+00 
 1.00000000E+00  1.00000000E+00  1.00000000E+00  1.00000000E+00  1.00000000E+00 
 1.00000000E+00  1.00000000E+00  1.00000000E+00  1.00000000E+00  1.00000000E+00 
 1.00000000E+00  1.00000000E+00  1.00000000E+00  1.00000000E+00  1.00000000E+00 
 1.00000000E+00  1.00000000E+00  1.00000000E+00  1.00000000E+00  1.00000000E+00 
 1.00000000E+00  1.00000000E+00  1.00000000E+00  1.00000000E+00  1.00000000E+00 
 1.00000000E+00  1.00000000E+00  1.00000000E+00  1.00000000E+00  1.00000000E+00 
 1.00000000E+00  1.00000000E+00  ) >                                            
> LEID       MODEL LEID   5 L H        ITER 07-17   2014-Mar-24                 
HEK               ( > 
 3.40749218E+01  8.91238830E+01  2.22431061E+02  5.76228599E+02  1.59286492E+03 
 5.30959050E+03  1.82663950E+04  6.00044868E+04  1.60678218E+05  3.62506536E+05 
 6.52071966E+05  1.15599316E+06  1.98507119E+06  3.20690545E+06  4.89860296E+06 
 7.19042476E+06  1.03938087E+07  1.54482783E+07  2.08573481E+07  2.77020667E+07 
 3.47398611E+07  4.12169993E+07  4.65544681E+07  5.06165948E+07  5.48005396E+07 
 5.89237298E+07  6.34113646E+07  6.63900913E+07  6.69197484E+07  5.71275004E+07 
 2.99243703E+07  6.17719440E+06  3.29504481E+05  6.84482848E+03  1.84145206E+02 
 4.34793808E+01  5.32265046E+00  5.58575462E-01  1.07892814E-01  3.73727068E-02 
 1.79705022E-02  1.12796322E-02  1.05866461E-02  9.67033879E-03  1.10871688E-02 
 1.57949112E-02  2.49769283E-02  4.05819073E-02  6.50049006E-02  1.03290207E-01 
 2.17166138E-01  3.58711418E-01  8.95743033E-01  3.24505409E+00  1.71032212E+01 
 2.87433028E+01  5.95628004E+01  4.32505748E+02  5.13027585E+03  1.37202415E+04 
 4.84068219E+04  1.36115299E+05  4.84217793E+05  1.28797379E+06  3.51045971E+06 
 9.52472359E+06  2.48797738E+07  6.45924026E+07  1.42184042E+08  2.93050723E+08 
 5.55447959E+08  1.02096772E+09  ) >                                            
HEN          1    ( > 
 6.95272106E-03  2.22740465E-02  6.39748135E-02  1.86691638E-01  5.70282492E-01 
 2.07295986E+00  7.70322415E+00  2.78929323E+01  8.60998777E+01  2.40742407E+02 
 5.43343819E+02  1.24576915E+03  2.92738822E+03  6.46819309E+03  1.32529778E+04 
 2.48929731E+04  4.91443770E+04  1.07475037E+05  2.08681979E+05  4.06011294E+05 
 8.14276591E+05  1.41488165E+06  2.29454100E+06  3.36346316E+06  4.88889310E+06 
 7.10485872E+06  1.08050619E+07  1.64514004E+07  2.60453893E+07  5.91581253E+07 
 1.29532430E+08  2.30513151E+08  4.25412441E+08  8.34463266E+08  2.64114405E+09 
 9.58909324E+09  5.76655931E+10  3.30947457E+11  1.60614726E+12  6.53569912E+12 
 2.36449126E+13  5.49753209E+13  1.20933391E+14  2.51840921E+14  5.06328384E+14 
 8.21695941E+14  1.23962772E+15  1.57802230E+15  1.80755419E+15  2.01017736E+15 
 2.27058549E+15  2.52672910E+15  2.73295921E+15  2.91800545E+15  2.91460622E+15 
 2.91403548E+15  2.90020768E+15  2.86576050E+15  2.78458378E+15  2.75137072E+15 
 2.67935912E+15  2.61910047E+15  2.54663294E+15  2.49667974E+15  2.45566603E+15 
 2.42172161E+15  2.39581427E+15  2.37193300E+15  2.35101777E+15  2.33314635E+15 
 2.31010231E+15  2.28277923E+15  ) >                                            
HEN          2    ( > 
 1.11592959E-09  4.63331461E-09  1.64051919E-08  5.88379116E-08  2.25592637E-07 
 1.10474418E-06  5.50110794E-06  2.69668609E-05  1.08754337E-04  3.92580038E-04 
 1.06653704E-03  2.86573831E-03  7.77351489E-03  1.95862074E-02  4.37144130E-02 
 9.08603980E-02  1.86773215E-01  4.05742202E-01  7.31626968E-01  1.25768002E+00 
 1.94771994E+00  2.69110125E+00  3.37321097E+00  3.91198602E+00  4.49079001E+00 
 5.17388269E+00  5.78336877E+00  6.45730958E+00  7.09746390E+00  7.42156879E+00 
 5.20073151E+00  1.60907679E+00  1.50679512E-01  5.36203739E-03  2.26845247E-04 
 9.15473200E-05  1.35262150E-05  1.18236364E-06  2.06193987E-07  7.94820488E-08 
 4.34148428E-08  2.99737736E-08  3.23205936E-08  3.06658198E-08  3.89115170E-08 
 5.60751739E-08  1.26544654E-07  1.90332113E-07  2.58429915E-07  4.59076774E-07 
 1.18505121E-06  3.33465846E-06  1.38788818E-05  1.04237040E-04  4.26160380E-04 
 9.90481518E-04  3.06599886E-03  3.35819427E-02  2.63725784E-01  7.78961194E-01 
 3.11278643E+00  9.47704674E+00  3.67458380E+01  1.04081467E+02  3.03227555E+02 
 8.80622927E+02  2.45364808E+03  6.77557369E+03  1.56476421E+04  3.36077648E+04 
 6.57729060E+04  1.24085318E+05  ) >                                            
HEN          3    ( > 
 1.77903939E-13  6.94673036E-13  2.36107438E-12  8.20629408E-12  3.03486553E-11 
 1.41695274E-10  6.77149175E-10  3.19368949E-09  1.24014505E-08  4.37522919E-08 
 1.17681455E-07  3.17731931E-07  8.75070303E-07  2.25704222E-06  5.19008643E-06 
 1.11627527E-05  2.42813404E-05  5.73723811E-05  1.13603242E-04  2.21750305E-04 
 4.08032602E-04  6.66838369E-04  1.00257260E-03  1.37353640E-03  1.85057346E-03 
 2.47443219E-03  3.31543527E-03  4.35534962E-03  5.68997184E-03  7.72438281E-03 
 6.84972869E-03  1.72857685E-03  1.58722329E-04  6.41715908E-06  5.83636174E-07 
 9.40000373E-07  2.20374597E-07  3.43396298E-08  7.44740089E-09  3.67674327E-09 
 2.35121811E-09  2.13421441E-09  2.99897942E-09  4.10313548E-09  5.83103969E-09 
 1.30290236E-08  3.07312024E-08  5.36046112E-08  1.11192398E-07  1.69445834E-07 
 4.79831416E-07  1.25268191E-06  3.91397251E-06  1.93271818E-05  7.93012082E-05 
 1.19966154E-04  2.83367779E-04  2.23680555E-03  1.89216067E-02  5.88035280E-02 
 2.47962070E-01  7.90249076E-01  3.24581403E+00  9.61086721E+00  2.92765239E+01 
 8.88246883E+01  2.58051513E+02  7.42657958E+02  1.77451159E+03  3.93152468E+03 
 7.90807174E+03  1.53122036E+04  ) >                                            
HEN          4    ( > 
 2.64855942E-11  1.19528226E-10  4.53423357E-10  1.73972790E-09  7.13469593E-09 
 3.76696822E-08  2.02337786E-07  1.07333901E-06  4.65301024E-06  1.80149609E-05 
 5.16893684E-05  1.46859060E-04  4.19809291E-04  1.10837977E-03  2.57866044E-03 
 5.60294980E-03  1.19321272E-02  2.69209736E-02  4.99721135E-02  8.93032459E-02 
 1.41064688E-01  1.98191966E-01  2.52100025E-01  2.98292905E-01  3.46044949E-01 
 4.02834942E-01  4.56179235E-01  5.18629784E-01  5.77906411E-01  6.18533025E-01 
 4.42657230E-01  1.37186007E-01  1.31582632E-02  4.73059867E-04  2.03207817E-05 
 8.31393224E-06  1.25517669E-06  1.12030783E-07  1.99625170E-08  8.03203258E-09 
 4.44811792E-09  3.10471362E-09  3.40127436E-09  3.39027330E-09  4.48539467E-09 
 6.92056889E-09  1.71194008E-08  2.77559189E-08  3.96858927E-08  7.38395636E-08 
 2.03321048E-07  6.13054180E-07  2.75151958E-06  2.27788606E-05  9.84682222E-05 
 2.40330529E-04  7.90614966E-04  9.17634927E-03  8.55618942E-02  2.73170918E-01 
 1.18055449E+00  3.85419676E+00  1.62988540E+01  4.92959784E+01  1.53224124E+02 
 4.73911715E+02  1.40222822E+03  4.10911032E+03  9.96553355E+03  2.23810260E+04 
 4.55608879E+04  8.92270996E+04  ) >                                            
HEN          5    ( > 
 7.48599352E-15  2.61746781E-14  8.09779218E-14  2.57720569E-13  8.49151671E-13 
 3.35209929E-12  1.39567958E-11  5.92338940E-11  2.10827327E-10  6.93164596E-10 
 1.74742031E-09  5.10025580E-09  1.59031349E-08  4.94635392E-08  1.41555031E-07 
 3.92667579E-07  1.12100188E-06  3.71293864E-06  9.89059369E-06  2.55638323E-05 
 6.31991852E-05  1.26357084E-04  2.22098526E-04  3.36420805E-04  4.90762150E-04 
 6.95556364E-04  9.87455305E-04  1.35031410E-03  1.82452604E-03  2.57018023E-03 
 2.33356866E-03  5.80202758E-04  5.22681677E-05  2.06887959E-06  2.03119514E-07 
 3.55548268E-07  8.73670155E-08  1.37382813E-08  2.92841820E-09  1.43316659E-09 
 9.21016317E-10  8.45539684E-10  1.22284109E-09  1.74600560E-09  2.52556583E-09 
 5.87806498E-09  1.43854901E-08  2.59097595E-08  5.58658437E-08  8.77552983E-08 
 2.60740371E-07  7.15267674E-07  2.37470423E-06  1.26374437E-05  5.55399060E-05 
 8.83637537E-05  2.16965534E-04  1.80108636E-03  1.72134067E-02  5.63973466E-02 
 2.50196540E-01  8.29574468E-01  3.56749472E+00  1.09242071E+01  3.44099294E+01 
 1.07900694E+02  3.23521600E+02  9.60614907E+02  2.35514565E+03  5.34195753E+03 
 1.09700937E+04  2.16629724E+04  ) >                                            
HEN          6    ( > 
 6.56345181E-15  2.27159041E-14  6.95064555E-14  2.18529530E-13  7.10080738E-13 
 2.75308543E-12  1.12245831E-11  4.64993536E-11  1.61256640E-10  5.16674139E-10 
 1.27461535E-09  3.63688124E-09  1.10768033E-08  3.36919963E-08  9.44267075E-08 
 2.56633859E-07  7.17640396E-07  2.31397060E-06  6.00085220E-06  1.50568352E-05 
 3.57616356E-05  6.89957310E-05  1.16851157E-04  1.71446759E-04  2.41723957E-04 
 3.30802493E-04  4.49423972E-04  5.87140507E-04  7.52352600E-04  9.60680788E-04 
 7.72704151E-04  1.61514759E-04  1.08895281E-05  3.06199503E-07  2.00462963E-08 
 2.68303218E-08  4.98469167E-09  5.92276189E-10  1.02123967E-10  4.24425233E-11 
 2.39367936E-11  2.01937841E-11  2.77029098E-11  3.81657125E-11  5.46052196E-11 
 1.27949189E-10  3.21348325E-10  6.00096482E-10  1.33209171E-09  2.16688259E-09 
 6.76097811E-09  1.96552598E-08  7.05760007E-08  4.15363261E-07  2.00117635E-06 
 3.42771111E-06  9.18962647E-06  8.33165375E-05  9.73328632E-04  3.45202249E-03 
 1.70204957E-02  6.15231101E-02  2.93807507E-01  9.74976419E-01  3.33436607E+00 
 1.13470252E+01  3.67982302E+01  1.18092537E+02  3.08689031E+02  7.42346453E+02 
 1.60522064E+03  3.32903057E+03  ) >                                            
HEN          7    ( > 
 2.14946508E-15  7.42902548E-15  2.26977506E-14  7.12451737E-14  2.31068651E-13 
 8.93719972E-13  3.63350564E-12  1.50033942E-11  5.18492610E-11  1.65551916E-10 
 4.07223453E-10  1.15840104E-09  3.51699631E-09  1.06654986E-08  2.98077594E-08 
 8.07893741E-08  2.25288220E-07  7.23804767E-07  1.87029453E-06  4.67410418E-06 
 1.10418541E-05  2.12014122E-05  3.57277644E-05  5.21964410E-05  7.32556990E-05 
 9.97803182E-05  1.34761006E-04  1.74977928E-04  2.22620408E-04  2.80534734E-04 
 2.21995660E-04  4.53324944E-05  2.93955603E-06  7.89419306E-08  4.89409200E-09 
 6.31815775E-09  1.13050655E-09  1.29358201E-10  2.16776835E-11  8.81333385E-12 
 4.88404497E-12  4.07374895E-12  5.54905104E-12  7.60814319E-12  1.08692709E-11 
 2.54916230E-11  6.42463645E-11  1.20560671E-10  2.68668710E-10  4.39095370E-10 
 1.37907881E-09  4.04062213E-09  1.46623492E-08  8.74689448E-08  4.26656267E-07 
 7.38085681E-07  2.00232316E-06  1.83703062E-05  2.20480454E-04  7.90338320E-04 
 3.95257988E-03  1.44540102E-02  7.00057437E-02  2.34832709E-01  8.12048195E-01 
 2.79401095E+00  9.15701488E+00  2.96953054E+01  7.82940818E+01  1.89771215E+02 
 4.13212119E+02  8.62615059E+02  ) >                                            
HEN          8    ( > 
 1.91988767E-14  6.63164563E-14  2.02486360E-13  6.35129969E-13  2.05825704E-12 
 7.95259112E-12  3.22928722E-11  1.33156935E-10  4.59478677E-10  1.46490643E-09 
 3.59886805E-09  1.02240697E-08  3.09989988E-08  9.38852905E-08  2.62072856E-07 
 7.09470462E-07  1.97605808E-06  6.33883668E-06  1.63540627E-05  4.08009603E-05 
 9.61633272E-05  1.84263151E-04  3.09847602E-04  4.51839529E-04  6.32893370E-04 
 8.60311824E-04  1.15897173E-03  1.50088388E-03  1.90370237E-03  2.38538461E-03 
 1.87447047E-03  3.78960176E-04  2.41657570E-05  6.36288549E-07  3.85353821E-08 
 4.89835061E-08  8.62427451E-09  9.70998135E-10  1.60738898E-10  6.47366830E-11 
 3.56054545E-11  2.95536941E-11  4.01340230E-11  5.49131456E-11  7.84013847E-11 
 1.83945771E-10  4.64290909E-10  8.73079773E-10  1.94892187E-09  3.19162700E-09 
 1.00523683E-08  2.95517175E-08  1.07721614E-07  6.46363745E-07  3.16960477E-06 
 5.50660389E-06  1.50146424E-05  1.38454630E-04  1.68110393E-03  6.05375070E-03 
 3.04607319E-02  1.11946948E-01  5.45487773E-01  1.83833562E+00  6.38719625E+00 
 2.20804250E+01  7.26941884E+01  2.36800031E+02  6.26656280E+02  1.52404282E+03 
 3.32838818E+03  6.96796684E+03  ) >                                            
HEN          9    ( > 
 3.18120267E-14  1.09834852E-13  3.35198586E-13  1.05083387E-12  3.40332359E-12 
 1.31390957E-11  5.33039122E-11  2.19558452E-10  7.56747831E-10  2.40989717E-09 
 5.91476794E-09  1.67864539E-08  5.08428868E-08  1.53833286E-07  4.29014970E-07 
 1.16035494E-06  3.22892229E-06  1.03454715E-05  2.66593597E-05  6.64237007E-05 
 1.56275309E-04  2.98973484E-04  5.01910978E-04  7.30884771E-04  1.02220719E-03 
 1.38736135E-03  1.86534657E-03  2.41076138E-03  3.05059468E-03  3.80585310E-03 
 2.97466668E-03  5.96775436E-04  3.75695211E-05  9.74323225E-07  5.79566587E-08 
 7.27987863E-08  1.26593368E-08  1.40769720E-09  2.30848569E-10  9.23013658E-11 
 5.04730125E-11  4.17374685E-11  5.65470715E-11  7.72476136E-11  1.10235560E-10 
 2.58712632E-10  6.53757799E-10  1.23133784E-09  2.75218670E-09  4.51407318E-09 
 1.42484245E-08  4.19951597E-08  1.53613353E-07  9.25853372E-07  4.55869425E-06 
 7.94585523E-06  2.17502882E-05  2.01351886E-04  2.46666435E-03  8.91387839E-03 
 4.50626964E-02  1.66246275E-01  8.13848222E-01  2.75252501E+00  9.59845213E+00 
 3.33022903E+01  1.10021419E+02  3.59630190E+02  9.54416851E+02  2.32719365E+03 
 5.09405474E+03  1.06875782E+04  ) >                                            
HEN         10    ( > 
 1.06036593E-14  3.66103166E-14  1.11728584E-13  3.50263472E-13  1.13439034E-12 
 4.37948244E-12  1.77670004E-11  7.31817103E-11  2.52232329E-10  8.03239887E-10 
 1.97143339E-09  5.59501034E-09  1.69460926E-08  5.12728266E-08  1.42990478E-07 
 3.86743746E-07  1.07618711E-06  3.44808178E-06  8.88534021E-06  2.21382957E-05 
 5.20843349E-05  9.96427135E-05  1.67276728E-04  2.43587094E-04  3.40675250E-04 
 4.62367640E-04  6.21659514E-04  8.03419380E-04  1.01663911E-03  1.26830479E-03 
 9.91280880E-04  1.98861389E-04  1.25182506E-05  3.24618906E-07  1.93076750E-08 
 2.42505483E-08  4.21675079E-09  4.68862740E-10  7.68848152E-11  3.07399898E-11 
 1.68089508E-11  1.38994712E-11  1.88311372E-11  2.57245394E-11  3.67098879E-11 
 8.61548465E-11  2.17711706E-10  4.10058731E-10  9.16536773E-10  1.50329564E-09 
 4.74512848E-09  1.39857797E-08  5.11593419E-08  3.08353692E-07  1.51829936E-06 
 2.64646179E-06  7.24435232E-06  6.70656054E-05  8.21629571E-04  2.96921290E-03 
 1.50107816E-02  5.53792991E-02  2.71113010E-01  9.16952767E-01  3.19761262E+00 
 1.10944980E+01  3.66538275E+01  1.19813759E+02  3.17976941E+02  7.75347553E+02 
 1.69720039E+03  3.56085387E+03  ) >                                            
HEN         11    ( > 
 6.35492314E-15  2.19391329E-14  6.69481547E-14  2.09856824E-13  6.79576345E-13 
 2.62319466E-12  1.06400225E-11  4.38166944E-11  1.50987035E-10  4.80713905E-10 
 1.17961909E-09  3.34714839E-09  1.01357268E-08  3.06611410E-08  8.54927477E-08 
 2.31189564E-07  6.43212604E-07  2.06035907E-06  5.30808797E-06  1.32219710E-05 
 3.10962345E-05  5.94718678E-05  9.98070543E-05  1.45297994E-04  2.03150195E-04 
 2.75633373E-04  3.70451087E-04  4.78572929E-04  6.05302278E-04  7.54498146E-04 
 5.89079140E-04  1.17997286E-04  7.40918873E-06  1.91562012E-07  1.13536397E-08 
 1.42269918E-08  2.46781950E-09  2.73730276E-10  4.48039985E-11  1.78880319E-11 
 9.77026425E-12  8.07318114E-12  1.09326028E-11  1.49299928E-11  2.13036353E-11 
 5.00006711E-11  1.26379235E-10  2.38109428E-10  5.32341419E-10  8.73407116E-10 
 2.75806824E-09  8.13322793E-09  2.97712595E-08  1.79598055E-07  8.85027923E-07 
 1.54363248E-06  4.22872895E-06  3.91780770E-05  4.80814569E-04  1.73877043E-03 
 8.79838923E-03  3.24842888E-02  1.59173989E-01  5.38731351E-01  1.88001717E+00 
 6.52758579E+00  2.15804509E+01  7.05897068E+01  1.87444340E+02  4.57292458E+02 
 1.00144176E+03  2.10199534E+03  ) >                                            
HEN         12    ( > 
 1.28046144E-13  4.40098780E-13  1.33656240E-12  4.16747840E-12  1.34142477E-11 
 5.13763194E-11  2.06497824E-10  8.41491269E-10  2.86713978E-09  9.02667728E-09 
 2.19432923E-08  6.16538277E-08  1.84802721E-07  5.53648253E-07  1.52980286E-06 
 4.10032330E-06  1.13058004E-05  3.57953199E-05  9.11512799E-05  2.24143746E-04 
 5.18061911E-04  9.75577983E-04  1.61103536E-03  2.31309349E-03  3.18658143E-03 
 4.25827637E-03  5.61487330E-03  7.11124394E-03  8.78955053E-03  1.04985590E-02 
 7.77668006E-03  1.44466856E-03  7.99858566E-05  1.78265079E-06  8.86077266E-08 
 9.88181469E-08  1.51811438E-08  1.49096503E-09  2.22571277E-10  8.27729091E-11 
 4.27177178E-11  3.40254089E-11  4.50324766E-11  6.05506977E-11  8.59903364E-11 
 2.02415182E-10  5.17401153E-10  9.90258474E-10  2.24205729E-09  3.73475778E-09 
 1.20468535E-08  3.64316030E-08  1.37972616E-07  8.69526550E-07  4.45932661E-06 
 8.03107202E-06  2.28569061E-05  2.20027797E-04  2.94629342E-03  1.10277810E-02 
 5.84211647E-02  2.23934450E-01  1.14837775E+00  4.02477763E+00  1.45560922E+01 
 5.23676823E+01  1.79128226E+02  6.06038540E+02  1.65468836E+03  4.14065272E+03 
 9.27332178E+03  1.98829111E+04  ) >                                            
HEN         13    ( > 
 1.94757287E-13  6.67989493E-13  2.02408190E-12  6.29546367E-12  2.02061926E-11 
 7.71046101E-11  3.08578861E-10  1.25126464E-09  4.24070449E-09  1.32807352E-08 
 3.21419296E-08  8.98907185E-08  2.68147618E-07  7.99679178E-07  2.20018973E-06 
 5.87252338E-06  1.61238184E-05  5.07698342E-05  1.28575265E-04  3.14256274E-04 
 7.20404725E-04  1.34675068E-03  2.20712602E-03  3.14834114E-03  4.30709317E-03 
 5.71450882E-03  7.46750326E-03  9.36960312E-03  1.14558275E-02  1.34108759E-02 
 9.69056116E-03  1.73738252E-03  9.06514384E-05  1.88376572E-06  8.61796732E-08 
 9.09723076E-08  1.31982686E-08  1.22395703E-09  1.74950026E-10  6.29216773E-11 
 3.16163331E-11  2.47508811E-11  3.24055453E-11  4.32547591E-11  6.12902686E-11 
 1.44472206E-10  3.71254143E-10  7.15826587E-10  1.63039015E-09  2.73535501E-09 
 8.91195326E-09  2.72733341E-08  1.04959281E-07  6.75244828E-07  3.52872822E-06 
 6.45183975E-06  1.86957530E-05  1.83248980E-04  2.55676290E-03  9.72633879E-03 
 5.26529886E-02  2.05422944E-01  1.07629373E+00  3.83471840E+00  1.41042480E+01 
 5.15990509E+01  1.79356130E+02  6.16540361E+02  1.70559061E+03  4.31944308E+03 
 9.77650546E+03  2.11730634E+04  ) >                                            
> LEID       MODEL LEID   5 L H        ITER 07-17   2014-Mar-24                 
HE2K              ( > 
 1.69728376E+03  2.89205798E+03  4.57427233E+03  7.22031598E+03  1.13838664E+04 
 1.85191480E+04  2.79385147E+04  3.65671992E+04  3.64296154E+04  3.13628027E+04 
 2.58954376E+04  2.04469277E+04  1.55656672E+04  1.18179221E+04  9.10696590E+03 
 6.73504649E+03  5.05928335E+03  3.32051155E+03  2.10036557E+03  1.26630901E+03 
 7.08912269E+02  4.44735950E+02  2.94254117E+02  2.12465230E+02  1.49566387E+02 
 1.03937494E+02  6.75058632E+01  4.08634489E+01  2.20513468E+01  5.85866121E+00 
 6.38842413E-01  1.00742634E-02  4.41609934E-06  1.97456912E-10  3.36100825E-16 
 2.24546904E-21  1.15143761E-28  1.89565979E-36  7.39137905E-44  3.87467239E-47 
 1.86932737E-49  5.58723074E-51  4.93377135E-52  1.15276749E-52  6.80461893E-53 
 9.09490678E-53  3.31970950E-52  1.27996848E-51  1.27386786E-50  4.04993238E-50 
 2.74506889E-49  4.28120641E-48  1.61459113E-46  6.33895792E-45  9.39871607E-43 
 1.15980034E-41  8.12646283E-40  8.26868680E-38  2.85155386E-34  1.11638612E-32 
 1.19092887E-30  5.14607869E-29  5.22175714E-27  1.82396057E-25  6.96948318E-24 
 2.62696534E-22  8.60868906E-21  2.75535716E-19  4.83573015E-18  6.65255176E-17 
 6.76493303E-16  6.15120166E-15  ) >                                            
HE2N         1    ( > 
 2.83420038E+01  7.41291630E+01  1.85007852E+02  4.79280285E+02  1.32487286E+03 
 4.41628815E+03  1.51932297E+04  4.99090850E+04  1.33644238E+05  3.01513179E+05 
 5.42354316E+05  9.61475782E+05  1.65102991E+06  2.66723074E+06  4.07418947E+06 
 5.98018920E+06  8.64422204E+06  1.28474143E+07  1.73445832E+07  2.30346354E+07 
 2.88776461E+07  3.42460004E+07  3.86536729E+07  4.19904525E+07  4.54277603E+07 
 4.88171667E+07  5.25512101E+07  5.52058256E+07  5.62642279E+07  5.10992473E+07 
 2.90559868E+07  5.71067304E+06  2.84441618E+05  6.20487754E+03  1.58446511E+02 
 3.55361237E+01  4.65213773E+00  5.04502994E-01  9.70119557E-02  3.68788484E-02 
 1.75198996E-02  1.03882352E-02  6.62893760E-03  6.40536083E-03  7.90890163E-03 
 1.14132372E-02  2.19916128E-02  2.99034872E-02  1.23997641E-01  1.33545198E-01 
 1.98665227E-01  5.04179497E-01  1.62827049E+00  2.61742109E+00  2.10566165E+01 
 2.50471741E+01  1.07554528E+02  6.67321925E+02  3.93065014E+03  1.14881874E+04 
 4.02538409E+04  1.13362746E+05  4.03237285E+05  1.07239297E+06  2.92245985E+06 
 7.92849433E+06  2.07083808E+07  5.37577000E+07  1.18325247E+08  2.43859262E+08 
 4.62183013E+08  8.49491188E+08  ) >                                            
HE2N         2    ( > 
 2.58124848E-13  7.15936767E-13  1.96323870E-12  6.47819303E-12  2.33365861E-11 
 1.25409587E-10  7.97062384E-10  5.11311901E-09  2.41332621E-08  8.74006200E-08 
 2.12148605E-07  4.72597516E-07  9.47328817E-07  1.66347883E-06  2.59078872E-06 
 3.67550124E-06  4.85265327E-06  5.97018243E-06  6.33922463E-06  6.00973372E-06 
 5.11717277E-06  4.16080644E-06  3.31528437E-06  2.71280775E-06  2.15915131E-06 
 1.70074192E-06  1.22155177E-06  8.06312867E-07  4.54971171E-07  1.02479016E-07 
 5.10135623E-09  1.91191253E-11  3.37276029E-15  3.88943199E-19  7.91872278E-25 
 2.72011277E-30  4.50999184E-34  3.51722724E-38  2.34068566E-41  1.62108076E-43 
 2.97416718E-45  2.24975584E-46  3.75601929E-47  1.46109022E-47  1.39945160E-47 
 2.43794751E-47  9.23466063E-47  3.25794303E-46  2.99571172E-45  1.13642733E-44 
 4.48687365E-44  5.83888214E-43  1.70947311E-41  3.28665621E-40  3.67839933E-38 
 2.39683501E-37  1.05294488E-35  6.74077397E-34  8.36080787E-31  4.06828318E-29 
 3.00480786E-27  8.16379826E-26  5.05764964E-24  1.20501091E-22  3.09216667E-21 
 7.78743813E-20  1.72186252E-18  3.70820079E-17  4.67125249E-16  4.73143632E-15 
 3.65486754E-14  2.54848600E-13  ) >                                            
HE2N         3    ( > 
 3.46516171E-14  1.05453455E-13  2.87400786E-13  8.55648094E-13  2.46865884E-12 
 8.72873833E-12  3.20748553E-11  1.02336735E-10  2.30380830E-10  4.25846093E-10 
 6.49770169E-10  9.38786252E-10  1.27786624E-09  1.64276662E-09  1.95006213E-09 
 2.24738918E-09  2.44060737E-09  2.34290245E-09  1.86973118E-09  1.32084451E-09 
 6.18313885E-10  3.00656477E-10  1.32934787E-10  6.68344568E-11  3.40472551E-11 
 1.89786815E-11  1.05010350E-11  6.48844953E-12  3.96420760E-12  1.42818991E-12 
 2.21173584E-13  5.18199343E-15  3.69677011E-18  4.75662218E-22  8.24609115E-28 
 1.18819759E-32  1.12292497E-39  6.84587108E-45  1.37381944E-48  4.40560596E-51 
 4.69961213E-53  2.71175487E-54  4.10678958E-55  1.54699251E-55  1.47289003E-55 
 2.56873819E-55  1.04393759E-54  4.14588011E-54  4.20516356E-53  1.84526862E-52 
 8.82925438E-52  1.49443370E-50  6.27711248E-49  1.94078844E-47  3.32091017E-45 
 3.01758135E-44  2.02092583E-42  1.96512445E-40  6.36433940E-37  4.86835170E-35 
 6.11324996E-33  2.56028005E-31  2.71599803E-29  9.84556788E-28  3.90612720E-26 
 1.52312489E-24  5.13988340E-23  1.68701049E-21  3.01174438E-20  4.19575806E-19 
 4.29345359E-18  3.90804528E-17  ) >                                            
HE2N         4    ( > 
 1.17884415E-14  3.58476839E-14  9.63223745E-14  2.79363389E-13  7.74669502E-13 
 2.52140938E-12  8.41419056E-12  2.60964019E-11  5.94722239E-11  1.07663752E-10 
 1.59569234E-10  2.22782969E-10  2.92338138E-10  3.62675612E-10  4.17238379E-10 
 4.65352153E-10  4.91001914E-10  4.56245088E-10  3.55291833E-10  2.46634880E-10 
 1.21018860E-10  6.60252913E-11  3.76195591E-11  2.58139097E-11  1.88233577E-11 
 1.45694430E-11  1.08707385E-11  7.87740072E-12  5.20969467E-12  1.95431227E-12 
 3.07115583E-13  7.33005469E-15  6.38660079E-18  6.12236559E-22  1.40247009E-27 
 2.49008652E-32  1.42506550E-39  1.16273073E-46  1.02394658E-50  2.27912306E-53 
 1.75612949E-55  7.89423544E-57  9.77014407E-58  3.18624341E-58  2.91477512E-58 
 5.32303617E-58  2.38582519E-57  1.05699165E-56  1.16968849E-55  5.62933069E-55 
 3.00218958E-54  5.76225708E-53  2.84081590E-51  1.06338108E-49  2.14998063E-47 
 2.22584113E-46  1.74166437E-44  1.98258749E-42  9.37661073E-39  8.27105686E-37 
 1.24941790E-34  6.06946154E-33  7.68458276E-31  3.17675080E-29  1.43372973E-27 
 6.32702459E-26  2.39717478E-24  8.80816662E-23  1.72459257E-21  2.61348223E-20 
 2.88110929E-19  2.81581268E-18  ) >                                            
HE2N         5    ( > 
 3.32646442E-14  1.01281365E-13  2.70382868E-13  7.59108010E-13  2.08024259E-12 
 6.56180580E-12  2.05655203E-11  5.98874305E-11  1.33417621E-10  2.39626763E-10 
 3.49282883E-10  4.78874713E-10  6.16828570E-10  7.52093537E-10  8.51247728E-10 
 9.35283305E-10  9.69907890E-10  8.79281018E-10  6.67509346E-10  4.49969539E-10 
 2.09867412E-10  1.08742720E-10  5.85468137E-11  3.86317855E-11  2.74709314E-11 
 2.10136951E-11  1.56162084E-11  1.13246177E-11  7.51350355E-12  2.83641991E-12 
 4.48172494E-13  1.07800061E-14  1.04418136E-17  8.45757408E-22  2.42467374E-27 
 4.50367119E-32  2.56436328E-39  4.25420885E-47  1.53035382E-51  3.46115866E-54 
 1.99719000E-56  7.72076262E-58  8.69950133E-59  2.73628197E-59  2.48580992E-59 
 4.55268223E-59  2.06836554E-58  9.26309953E-58  1.02812077E-56  4.98306151E-56 
 2.70721064E-55  5.33010149E-54  2.71215903E-52  1.06631274E-50  2.24738076E-48 
 2.39073837E-47  1.94903436E-45  2.31619623E-43  1.26042328E-39  1.19686906E-37 
 1.97502641E-35  1.03708516E-33  1.45154467E-31  6.48790730E-30  3.17035068E-28 
 1.51276032E-26  6.16872494E-25  2.43361623E-23  5.04609600E-22  8.05061446E-21 
 9.28129789E-20  9.46017144E-19  ) >                                            
HE2N         6    ( > 
 3.12201412E-14  9.49505237E-14  2.52386202E-13  6.97070987E-13  1.89865049E-12 
 5.90777636E-12  1.80026134E-11  5.05795320E-11  1.10649846E-10  2.00475957E-10 
 2.95218086E-10  4.06716794E-10  5.25031039E-10  6.40452581E-10  7.25051546E-10 
 7.95955059E-10  8.27174619E-10  7.54865313E-10  5.77272530E-10  3.92805925E-10 
 1.88777528E-10  1.01938971E-10  5.83623605E-11  4.05607162E-11  3.00268975E-11 
 2.35402190E-11  1.77671790E-11  1.29707953E-11  8.63575108E-12  3.26985911E-12 
 5.17491234E-13  1.25306793E-14  1.27019248E-17  9.69139084E-22  3.14441181E-27 
 5.93115488E-32  3.38712479E-39  4.97009712E-47  3.52001886E-52  6.37307393E-55 
 4.30262268E-57  1.82262536E-58  2.20418071E-59  7.26628133E-60  6.82499750E-60 
 1.28314630E-59  5.97824942E-59  2.72951134E-58  3.08065587E-57  1.51853699E-56 
 8.41027537E-56  1.69202778E-54  8.83956479E-53  3.60382168E-51  7.79794468E-49 
 8.55257068E-48  7.23583720E-46  8.93056139E-44  5.29205803E-40  5.17058075E-38 
 8.86655787E-36  4.81012843E-34  7.00810501E-32  3.23263615E-30  1.63278970E-28 
 8.05960409E-27  3.39778140E-25  1.38617362E-23  2.95564283E-22  4.83793524E-21 
 5.70558616E-20  5.94249774E-19  ) >                                            
HE2N         7    ( > 
 4.10268958E-14  1.24436130E-13  3.29788092E-13  9.07885468E-13  2.46368838E-12 
 7.62914112E-12  2.31180420E-11  6.45331629E-11  1.40198619E-10  2.52266852E-10 
 3.69342997E-10  5.05765109E-10  6.48806486E-10  7.86734694E-10  8.85699637E-10 
 9.67015699E-10  9.99403316E-10  9.05519422E-10  6.87538207E-10  4.64143334E-10 
 2.20686209E-10  1.18039818E-10  6.69129737E-11  4.61089541E-11  3.38249095E-11 
 2.62707512E-11  1.95964869E-11  1.41327938E-11  9.27699066E-12  3.42168353E-12 
 5.24269668E-13  1.21197210E-14  1.13700353E-17  7.91778116E-22  2.30536157E-27 
 4.04761563E-32  2.14509948E-39  2.92056749E-47  1.95452873E-52  3.38750437E-55 
 2.20858575E-57  9.14680487E-59  1.09067038E-59  3.56131238E-60  3.33526779E-60 
 6.28183562E-60  2.94706402E-59  1.35861575E-58  1.54535854E-57  7.68892278E-57 
 4.31444312E-56  8.81570404E-55  4.70298971E-53  1.96964207E-51  4.36784427E-49 
 4.88591949E-48  4.23192586E-46  5.34758515E-44  3.34348507E-40  3.33664953E-38 
 5.88549283E-36  3.26739063E-34  4.89559527E-32  2.30720975E-30  1.19125602E-28 
 6.01008383E-27  2.58739963E-25  1.07771129E-23  2.33761011E-22  3.88657405E-21 
 4.64725552E-20  4.90398762E-19  ) >                                            
HE2N         8    ( > 
 5.23779343E-14  1.58583249E-13  4.19483773E-13  1.15237193E-12  3.11960986E-12 
 9.63017592E-12  2.90755872E-11  8.08236238E-11  1.74800274E-10  3.13122785E-10 
 4.56724830E-10  6.22969170E-10  7.95908663E-10  9.61382181E-10  1.07840311E-09 
 1.17324383E-09  1.20819475E-09  1.08961227E-09  8.23476135E-10  5.53060188E-10 
 2.61142749E-10  1.38818227E-10  7.81862550E-11  5.35803221E-11  3.90742576E-11 
 3.01639887E-11  2.23297027E-11  1.59769519E-11  1.03915079E-11  3.76803315E-12 
 5.65333521E-13  1.26816297E-14  1.13140960E-17  7.42524888E-22  2.01525606E-27 
 3.37737771E-32  1.70518129E-39  2.21150343E-47  1.42656853E-52  2.40337023E-55 
 1.53187105E-57  6.25188442E-59  7.38684928E-60  2.39708416E-60  2.24068016E-60 
 4.22516228E-60  1.99111733E-59  9.23692512E-59  1.05596641E-57  5.28588347E-57 
 2.99129842E-56  6.17395211E-55  3.33873847E-53  1.42290864E-51  3.20610348E-49 
 3.63257157E-48  3.19466904E-46  4.09906676E-44  2.65366788E-40  2.68489087E-38 
 4.82340614E-36  2.71814873E-34  4.14734640E-32  1.98200337E-30  1.03804752E-28 
 5.31194178E-27  2.31815971E-25  9.78665951E-24  2.14649524E-22  3.60520260E-21 
 4.34957299E-20  4.62901522E-19  ) >                                            
> LEID       MODEL LEID   5 L H        ITER 07-17   2014-Mar-24                 
NAK               ( > 
 3.84631138E-11  9.16602941E-11  1.76607601E-10  4.26293747E-10  1.15343059E-09 
 2.63123726E-09  6.88352762E-09  2.05276841E-08  1.09451918E-07  6.21318322E-07 
 4.46868332E-06  3.69502993E-05  5.10416862E-04  2.85989907E-03  1.58117539E-02 
 5.67347090E-02  1.50837095E-01  3.21639257E-01  6.42135774E-01  1.14251011E+00 
 1.93745607E+00  3.14012290E+00  5.19757281E+00  8.73610670E+00  1.54007791E+01 
 2.59962123E+01  4.04162273E+01  6.29921373E+01  1.79650879E+02  2.85258432E+02 
 4.80306377E+02  7.47380265E+02  1.36615951E+03  3.45125011E+03  9.74462785E+03 
 2.68955596E+04  9.45336122E+04  2.44464811E+05  8.05870673E+05  1.90167632E+06 
 3.94560212E+06  7.56039513E+06  1.65740513E+07  2.94290621E+07  3.87055637E+07 
 3.99181992E+07  4.44952662E+07  5.08743819E+07  5.66456439E+07  6.24406224E+07 
 6.96768513E+07  7.66870284E+07  8.19965784E+07  8.69328577E+07  8.65980444E+07 
 8.63841310E+07  8.57692944E+07  8.46041235E+07  8.18722263E+07  8.07588287E+07 
 7.85399038E+07  7.66867505E+07  7.44482870E+07  7.28717940E+07  7.15127536E+07 
 7.03244477E+07  6.93364372E+07  6.83740714E+07  6.75183512E+07  6.67367256E+07 
 6.58289682E+07  6.47956506E+07  ) >                                            
NAN          1    ( > 
 3.46839842E-29  2.08109617E-28  8.21477717E-28  5.33956961E-27  4.44740163E-26 
 2.54164303E-25  1.90461820E-24  1.80503729E-23  5.46062997E-22  1.96623508E-20 
 2.70853908E-18  1.85296175E-16  3.19748698E-14  1.04545866E-12  3.26169911E-11 
 4.43382543E-10  3.20366943E-09  1.49850406E-08  6.23168062E-08  2.07846899E-07 
 6.40457759E-07  1.78709017E-06  5.14805898E-06  1.50196485E-05  4.83418765E-05 
 1.46817967E-04  3.82662081E-04  9.12733287E-04  7.40899603E-04  6.68168926E-04 
 5.84483432E-04  2.75239935E-03  1.32865685E-02  5.28086768E-02  2.28029329E-01 
 1.41839869E+00  3.45669282E+00  8.39799807E+00  3.60620351E+01  9.61090530E+01 
 1.90415102E+02  3.35874485E+02  6.82900025E+02  1.21691905E+03  1.61086851E+03 
 1.70286716E+03  1.97267127E+03  2.34493919E+03  2.74251707E+03  3.15078340E+03 
 3.76846616E+03  4.37553001E+03  4.98669674E+03  6.06403414E+03  7.19745107E+03 
 7.96079984E+03  8.85009325E+03  9.88601194E+03  1.14942345E+04  1.16869237E+04 
 1.25434682E+04  1.29614260E+04  1.33450901E+04  1.36613510E+04  1.40955767E+04 
 1.45932796E+04  1.51005964E+04  1.55783346E+04  1.59134345E+04  1.61746297E+04 
 1.62771673E+04  1.62528725E+04  ) >                                            
NAN          2    ( > 
 4.65774582E-32  2.74458692E-31  1.06460667E-30  6.74448146E-30  5.46638855E-29 
 3.06230097E-28  2.25320514E-27  2.10594479E-26  6.28451582E-25  2.24003242E-23 
 3.06155417E-21  2.08134597E-19  3.57704788E-17  1.16656252E-15  3.62932078E-14 
 4.92128022E-13  3.54836341E-12  1.65608488E-11  6.86877584E-11  2.28442922E-10 
 7.01917669E-10  1.95359311E-09  5.61829450E-09  1.63695152E-08  5.26092737E-08 
 1.59456944E-07  4.14151178E-07  9.84113190E-07  7.94716125E-07  7.13012754E-07 
 6.19006071E-07  2.88365367E-06  1.36344804E-05  5.18524426E-05  2.14480978E-04 
 1.30582210E-03  3.23348254E-03  8.15799579E-03  3.92751564E-02  1.28768313E-01 
 3.18536654E-01  7.11059685E-01  1.96060250E+00  4.37707251E+00  6.91003988E+00 
 7.82921504E+00  9.54741546E+00  1.22677407E+01  1.52982247E+01  1.85902877E+01 
 2.43354334E+01  3.12742919E+01  4.11651166E+01  5.75472807E+01  7.41521731E+01 
 8.92271593E+01  1.10041263E+02  1.34927263E+02  2.04868580E+02  2.35592844E+02 
 2.88033994E+02  3.34937292E+02  4.00679021E+02  4.61116002E+02  5.35102892E+02 
 6.21626798E+02  7.18151609E+02  8.26218879E+02  9.23358403E+02  1.01873598E+03 
 1.10213108E+03  1.17870642E+03  ) >                                            
NAN          3    ( > 
 7.26882107E-32  4.26341317E-31  1.64654206E-30  1.03666435E-29  8.34957156E-29 
 4.65709237E-28  3.41367620E-27  3.18180086E-26  9.47054357E-25  3.36940237E-23 
 4.59885762E-21  3.12308985E-19  5.36382306E-17  1.74854348E-15  5.43755030E-14 
 7.37029895E-13  5.31260999E-12  2.47874772E-11  1.02777374E-10  3.41726881E-10 
 1.04982553E-09  2.92196824E-09  8.40623347E-09  2.45099168E-08  7.88672340E-08 
 2.39447584E-07  6.23057359E-07  1.48398436E-06  1.19758466E-06  1.07849434E-06 
 9.43890746E-07  4.46080165E-06  2.17652271E-05  8.87334846E-05  3.93220615E-04 
 2.51573866E-03  6.37024698E-03  1.61705747E-02  7.80646776E-02  2.56124341E-01 
 6.33648251E-01  1.41445116E+00  3.89995505E+00  8.70681454E+00  1.37456994E+01 
 1.55745591E+01  1.89931284E+01  2.44058110E+01  3.04361267E+01  3.69873222E+01 
 4.84214357E+01  6.22328538E+01  8.19237831E+01  1.14543367E+02  1.47613179E+02 
 1.77641085E+02  2.19106688E+02  2.68691321E+02  4.08086191E+02  4.69339403E+02 
 5.73895969E+02  6.67429842E+02  7.98551008E+02  9.19105316E+02  1.06670070E+03 
 1.23932423E+03  1.43192158E+03  1.64757671E+03  1.84145008E+03  2.03182825E+03 
 2.19831593E+03  2.35121536E+03  ) >                                            
NAN          4    ( > 
 2.10930212E-33  1.24683751E-32  4.85172713E-32  3.08867722E-31  2.51713097E-30 
 1.41605808E-29  1.04612277E-28  9.80845930E-28  2.93639063E-26  1.04918441E-24 
 1.43673165E-22  9.78255964E-21  1.68296523E-18  5.49212082E-17  1.70989717E-15 
 2.32007042E-14  1.67377826E-13  7.81650414E-13  3.24441406E-12  1.07994198E-11 
 3.32123142E-11  9.25200311E-11  2.66288591E-10  7.76568769E-10  2.49904797E-09 
 7.58845804E-09  1.97552068E-08  4.70622356E-08  3.80040832E-08  3.41935330E-08 
 2.98441104E-08  1.40282152E-07  6.75740428E-07  2.67324003E-06  1.14379059E-05 
 6.98466814E-05  1.63896207E-04  3.85868676E-04  1.71351849E-03  5.40780514E-03 
 1.33286758E-02  3.02685453E-02  8.81399924E-02  2.11557233E-01  3.63052764E-01 
 4.28000630E-01  5.38696294E-01  7.28487432E-01  9.48824198E-01  1.19809085E+00 
 1.66714465E+00  2.29065844E+00  3.29628430E+00  4.97715644E+00  6.68340537E+00 
 8.40977952E+00  1.09649716E+01  1.41347771E+01  2.49887530E+01  3.08267831E+01 
 4.05062042E+01  5.02436894E+01  6.51802522E+01  7.97346169E+01  9.83071454E+01 
 1.21214707E+02  1.48254399E+02  1.80469255E+02  2.11294512E+02  2.43233405E+02 
 2.73192718E+02  3.02750582E+02  ) >                                            
NAN          5    ( > 
 1.32453622E-33  7.76026105E-33  2.99380059E-32  1.88187313E-31  1.51307546E-30 
 8.42844513E-30  6.17061754E-29  5.74608900E-28  1.70870654E-26  6.07488702E-25 
 8.28695522E-23  5.62516317E-21  9.65828241E-19  3.14794790E-17  9.78811009E-16 
 1.32680929E-14  9.56773546E-14  4.46803898E-13  1.85594849E-12  6.18910989E-12 
 1.91059407E-11  5.35472524E-11  1.55667419E-10  4.60196207E-10  1.50720172E-09 
 4.65414627E-09  1.22563652E-08  2.94115317E-08  2.29794457E-08  2.03456738E-08 
 1.75309254E-08  8.48881865E-08  4.20263248E-07  1.69525992E-06  7.43131106E-06 
 4.77612294E-05  1.24617023E-04  3.26656556E-04  1.61873034E-03  5.33231701E-03 
 1.32393620E-02  3.00680145E-02  8.78104569E-02  2.12578466E-01  3.69179830E-01 
 4.38013577E-01  5.54416474E-01  7.56725258E-01  9.94233546E-01  1.26574849E+00 
 1.78631365E+00  2.49518440E+00  3.67993164E+00  5.70667321E+00  7.80200602E+00 
 9.99249462E+00  1.33182429E+01  1.75194325E+01  3.28646847E+01  4.17006185E+01 
 5.63681381E+01  7.17268587E+01  9.61234733E+01  1.20401475E+02  1.52008045E+02 
 1.91852168E+02  2.39944967E+02  2.98607324E+02  3.56034783E+02  4.16718631E+02 
 4.74958016E+02  5.33718525E+02  ) >                                            
NAN          6    ( > 
 1.11685189E-33  6.57303031E-33  2.54664880E-32  1.61060873E-31  1.30307622E-30 
 7.29055339E-30  5.35810402E-29  5.00356636E-28  1.49189020E-26  5.31431894E-25 
 7.25985631E-23  4.93359968E-21  8.47689578E-19  2.76405314E-17  8.59716679E-16 
 1.16526730E-14  8.39561088E-14  3.91335017E-13  1.61925262E-12  5.36547038E-12 
 1.63896816E-11  4.52400957E-11  1.28505718E-10  3.68242217E-10  1.15797741E-09 
 3.43541270E-09  8.78469955E-09  2.06737884E-08  1.74077750E-08  1.59635132E-08 
 1.41425057E-08  6.39947905E-08  2.97931095E-07  1.16485845E-06  5.01545260E-06 
 3.19423223E-05  8.31943684E-05  2.17893368E-04  1.07929245E-03  3.55484370E-03 
 8.82572357E-03  2.00436737E-02  5.85345625E-02  1.41704412E-01  2.46094193E-01 
 2.91978564E-01  3.69572504E-01  5.04431228E-01  6.62754147E-01  8.43746089E-01 
 1.19075564E+00  1.66329088E+00  2.45304910E+00  3.80408979E+00  5.20085992E+00 
 6.66106528E+00  8.87805361E+00  1.16786312E+01  2.19080552E+01  2.77982714E+01 
 3.75759765E+01  4.78144799E+01  6.40779081E+01  8.02623059E+01  1.01332179E+02 
 1.27893507E+02  1.59953729E+02  1.99060051E+02  2.37343231E+02  2.77797311E+02 
 3.16621908E+02  3.55793985E+02  ) >                                            
NAN          7    ( > 
 1.12123840E-33  6.70047411E-33  2.63474253E-32  1.70308927E-31  1.41036169E-30 
 8.02676154E-30  5.99255726E-29  5.66336537E-28  1.70863665E-26  6.14005994E-25 
 8.44513327E-23  5.77042267E-21  9.94970445E-19  3.25157587E-17  1.01390544E-15 
 1.37760360E-14  9.94986151E-14  4.65200663E-13  1.93356231E-12  6.44523444E-12 
 1.98475005E-11  5.53448220E-11  1.59332268E-10  4.64496172E-10  1.49311860E-09 
 4.52562449E-09  1.17624377E-08  2.79719695E-08  2.27915915E-08  2.05409713E-08 
 1.79302238E-08  8.40239571E-08  4.02020680E-07  1.57079508E-06  6.59102951E-06 
 3.83509179E-05  8.00448425E-05  1.61411823E-04  5.64657453E-04  1.49172611E-03 
 3.37126830E-03  7.31808674E-03  2.08748094E-02  5.02683039E-02  8.72405149E-02 
 1.03621460E-01  1.31372319E-01  1.79722152E-01  2.36765451E-01  3.02199145E-01 
 4.28414481E-01  6.01323088E-01  8.93083740E-01  1.39804873E+00  1.92715054E+00 
 2.48458166E+00  3.33774053E+00  4.42559750E+00  8.45406777E+00  1.08042429E+01 
 1.47449885E+01  1.89098663E+01  2.55823980E+01  3.22767906E+01  4.10528501E+01 
 5.21970709E+01  6.57449178E+01  8.23936464E+01  9.88086074E+01  1.16261381E+02 
 1.33127863E+02  1.50260271E+02  ) >                                            
NAN          8    ( > 
 2.16947779E-33  1.29556455E-32  5.09090218E-32  3.28738565E-31  2.71933155E-30 
 1.54636500E-29  1.15357923E-28  1.08955591E-27  3.28521974E-26  1.18002372E-24 
 1.62244863E-22  1.10827539E-20  1.91059876E-18  6.24312546E-17  1.94648308E-15 
 2.64442611E-14  1.90981634E-13  8.92871565E-13  3.71099049E-12  1.23700823E-11 
 3.80964205E-11  1.06258335E-10  3.06077726E-10  8.93186878E-10  2.87645761E-09 
 8.74349509E-09  2.28013858E-08  5.44089697E-08  4.39924822E-08  3.96285555E-08 
 3.46379551E-08  1.63126912E-07  7.87067145E-07  3.10764355E-06  1.31345940E-05 
 7.67252481E-05  1.60314866E-04  3.23169707E-04  1.12931507E-03  2.98051089E-03 
 6.73256348E-03  1.46108888E-02  4.16720702E-02  1.00346937E-01  1.74151209E-01 
 2.06852437E-01  2.62251930E-01  3.58774789E-01  4.72655870E-01  6.03289953E-01 
 8.55278943E-01  1.20050245E+00  1.78305237E+00  2.79136506E+00  3.84795079E+00 
 4.96115570E+00  6.66501179E+00  8.83769744E+00  1.68840373E+01  2.15785451E+01 
 2.94506678E+01  3.77709495E+01  5.11014668E+01  6.44762555E+01  8.20106942E+01 
 1.04277577E+02  1.31348126E+02  1.64616044E+02  1.97418123E+02  2.32295243E+02 
 2.66002012E+02  3.00241472E+02  ) >                                            
