> from Overall Iteration 11 of 11                                Pandora 78.018
> Run Data:    72    5    3  0  0  HE   1   2014-Mar-24 17:14:46    56740.71859
> LEID       MODEL LEID   13 L He      ITER 99-09   2014-Mar-24                 
> -------.---------.---------.---------.---------.---------.---------.---------.
> LEID       MODEL LEID   13 L He      ITER 99-09   2014-Mar-24                 
RHO          4  2 ( > 
 2.08244487E-04  2.10498151E-04  2.13995180E-04  2.17998784E-04  2.21864636E-04 
 2.25730488E-04  2.30347049E-04  2.37041233E-04  2.48274220E-04  2.59507208E-04 
 2.67627855E-04  2.68862206E-04  2.70096557E-04  2.78289146E-04  2.88783164E-04 
 3.01425865E-04  3.19387587E-04  3.47477185E-04  3.80935423E-04  4.25846947E-04 
 4.74499462E-04  5.23151976E-04  5.67166052E-04  6.04487656E-04  6.41139359E-04 
 6.77287713E-04  7.02532638E-04  7.25775996E-04  7.43575600E-04  7.49912509E-04 
 7.56249419E-04  7.63968755E-04  9.82576147E-04  1.20118354E-03  1.40658570E-03 
 1.59539748E-03  1.13807101E-03  6.80744554E-04  4.62800699E-04  4.36351680E-04 
 5.16080158E-04  5.95808635E-04  6.81243277E-04  9.80584561E-04  1.27992584E-03 
 1.57926713E-03  2.66632992E-03  4.98480569E-03  7.30328145E-03  1.39817401E-02 
 2.06601988E-02  2.44347932E-02  2.51467566E-02  2.58587201E-02  2.65706835E-02 
 2.28825679E-02  1.91944523E-02  1.55063367E-02  1.00172914E-02  4.52824612E-03 
 4.86691806E-03  5.20558999E-03  4.39942498E-03  3.04282205E-03  1.68621912E-03 
 1.21284853E-03  8.76934254E-04  6.70803577E-04  5.35675702E-04  4.20283463E-04 
 3.20822465E-04  2.21361467E-04  ) >                                            
RHWT         4  2 ( > 
 1.00000000E+00  1.00000000E+00  1.00000000E+00  1.00000000E+00  1.00000000E+00 
 1.00000000E+00  1.00000000E+00  1.00000000E+00  1.00000000E+00  1.00000000E+00 
 1.00000000E+00  1.00000000E+00  1.00000000E+00  1.00000000E+00  1.00000000E+00 
 1.00000000E+00  1.00000000E+00  1.00000000E+00  1.00000000E+00  1.00000000E+00 
 1.00000000E+00  1.00000000E+00  1.00000000E+00  1.00000000E+00  1.00000000E+00 
 1.00000000E+00  1.00000000E+00  1.00000000E+00  1.00000000E+00  1.00000000E+00 
 8.00000000E-01  9.00000000E-01  1.00000000E+00  1.00000000E+00  1.00000000E+00 
 9.00000000E-01  1.00000000E+00  1.00000000E+00  1.00000000E+00  1.00000000E+00 
 1.00000000E+00  1.00000000E+00  7.00000000E-01  7.00000000E-01  8.00000000E-01 
 6.00000000E-01  7.00000000E-01  9.00000000E-01  7.00000000E-01  1.00000000E+00 
 1.00000000E+00  8.00000000E-01  8.00000000E-01  8.00000000E-01  8.00000000E-01 
 8.00000000E-01  8.00000000E-01  8.00000000E-01  6.00000000E-01  5.00000000E-01 
 8.00000000E-01  1.00000000E+00  1.00000000E+00  1.00000000E+00  1.00000000E+00 
 1.00000000E+00  1.00000000E+00  1.00000000E+00  1.00000000E+00  5.00000000E-01 
 1.00000000E+00  1.00000000E+00  ) >                                            
JBAR         4  2 ( > 
 1.00878217E-05  1.00819658E-05  1.00763776E-05  1.00709357E-05  1.00655087E-05 
 1.00594703E-05  1.00535372E-05  1.00461059E-05  1.00365026E-05  1.00082740E-05 
 9.99137529E-06  9.99356878E-06  9.99624262E-06  9.98505652E-06  9.97686325E-06 
 9.97464512E-06  9.98064056E-06  1.00005240E-05  1.00317306E-05  1.00815774E-05 
 1.01398666E-05  1.02009106E-05  1.02589071E-05  1.03077645E-05  1.03624101E-05 
 1.04175235E-05  1.04886074E-05  1.05669980E-05  1.06578593E-05  1.08328812E-05 
 1.10676152E-05  1.14674966E-05  1.21205794E-05  1.23178068E-05  1.23350657E-05 
 1.23430822E-05  1.23511748E-05  1.23576426E-05  1.23631310E-05  1.23717786E-05 
 1.23962630E-05  1.24400499E-05  1.25344856E-05  1.27393141E-05  1.31978144E-05 
 1.38617751E-05  1.49098239E-05  1.59350344E-05  1.67442460E-05  1.75752366E-05 
 1.88422237E-05  2.04147931E-05  2.22618168E-05  2.50013802E-05  2.62596441E-05 
 2.77106689E-05  2.96637254E-05  3.15525091E-05  3.80758118E-05  4.16129998E-05 
 4.53141853E-05  4.90002098E-05  5.41154570E-05  5.84759694E-05  6.32100684E-05 
 6.82350542E-05  7.34742964E-05  7.91232068E-05  8.41705890E-05  8.91212753E-05 
 9.37835179E-05  9.84904178E-05  ) >                                            
CHI          4  2 ( > 
 1.00878216E-05  1.00819656E-05  1.00763774E-05  1.00709353E-05  1.00655081E-05 
 1.00594691E-05  1.00535344E-05  1.00460986E-05  1.00364790E-05  1.00082107E-05 
 9.99120198E-06  9.99310821E-06  9.99514519E-06  9.98269177E-06  9.97215208E-06 
 9.96552120E-06  9.96198257E-06  9.97011299E-06  9.98714453E-06  1.00229031E-05 
 1.00740749E-05  1.01335793E-05  1.01961588E-05  1.02453867E-05  1.02953534E-05 
 1.03403774E-05  1.03976270E-05  1.04638046E-05  1.05040712E-05  1.06033573E-05 
 1.07340148E-05  1.09841901E-05  1.17016230E-05  1.22117230E-05  1.23236819E-05 
 1.23344195E-05  1.23417556E-05  1.23491103E-05  1.23514820E-05  1.23446159E-05 
 1.23433874E-05  1.23406158E-05  1.23326133E-05  1.23128372E-05  1.24545478E-05 
 1.26655883E-05  1.32801048E-05  1.42219872E-05  1.49833771E-05  1.52445633E-05 
 1.55445460E-05  1.61526343E-05  1.65560259E-05  1.91631901E-05  2.16860711E-05 
 2.19015914E-05  2.28007724E-05  1.94100514E-05  1.93677670E-05  2.23046415E-05 
 2.23085779E-05  1.84458969E-05  1.32804592E-05  8.80138368E-06  4.73720528E-06 
 2.65169509E-06  1.50437586E-06  9.35237296E-07  6.42568642E-07  4.48900045E-07 
 3.35687212E-07 -2.18067966E-08  ) >                                            
AW           4  2 ( > 
-9.99999992E-01 -9.99999982E-01 -9.99999975E-01 -9.99999963E-01 -9.99999936E-01 
-9.99999880E-01 -9.99999729E-01 -9.99999269E-01 -9.99997654E-01 -9.99993670E-01 
-9.99982652E-01 -9.99953910E-01 -9.99890207E-01 -9.99763153E-01 -9.99527758E-01 
-9.99085231E-01 -9.98130487E-01 -9.96958964E-01 -9.95555451E-01 -9.94180137E-01 
-9.93511864E-01 -9.93399935E-01 -9.93884087E-01 -9.93949115E-01 -9.93529660E-01 
-9.92595649E-01 -9.91327224E-01 -9.90236214E-01 -9.85573532E-01 -9.78817935E-01 
-9.69868899E-01 -9.57877883E-01 -9.65464364E-01 -9.91397473E-01 -9.99078350E-01 
-9.99299274E-01 -9.99238195E-01 -9.99309968E-01 -9.99058126E-01 -9.97805242E-01 
-9.95736212E-01 -9.92010928E-01 -9.83902334E-01 -9.66548412E-01 -9.43743926E-01 
-9.13795269E-01 -8.90871115E-01 -8.93026804E-01 -8.95641629E-01 -8.69022310E-01 
-8.28670679E-01 -7.97460997E-01 -7.50653195E-01 -7.79159613E-01 -8.30730070E-01 
-7.97978230E-01 -7.73206773E-01 -6.21593418E-01 -5.11628280E-01 -5.36935695E-01 
-4.94778861E-01 -3.80012452E-01 -2.49113786E-01 -1.53097738E-01 -7.65037305E-02 
-4.00269269E-02 -2.13338518E-02 -1.24828936E-02 -8.16572059E-03 -5.43607133E-03 
-3.89906224E-03  1.76120925E-17  ) >                                            
RHO          5  1 ( > 
 4.41768084E-04  6.55476895E-04  8.93239844E-04  1.27713374E-03  1.68113904E-03 
 2.46765127E-03  3.53614493E-03  5.17963733E-03  7.40845426E-03  9.75622531E-03 
 1.21039964E-02  1.30000216E-02  1.25133361E-02  1.08675278E-02  9.03839258E-03 
 7.20925742E-03  5.60531675E-03  4.07552264E-03  3.08059995E-03  2.27954902E-03 
 1.69655407E-03  1.35902355E-03  1.17150275E-03  1.05215940E-03  9.47574875E-04 
 8.42990349E-04  7.38405822E-04  6.75854793E-04  6.13303764E-04  5.23161511E-04 
 4.22518944E-04  3.21876376E-04  2.59574043E-04  1.97271710E-04  1.43902983E-04 
 9.05342557E-05  3.71655287E-05 -2.21544445E-05 -8.14744176E-05 -1.08276961E-04 
-9.69687546E-05 -8.56605486E-05 -1.00571256E-04 -1.15481964E-04 -1.30392672E-04 
-1.47656954E-04 -1.64921235E-04 -1.64972231E-04 -1.49002515E-04 -1.33032799E-04 
-1.72294022E-04 -2.11555245E-04 -2.50816468E-04 -2.93457287E-04 -3.45178235E-04 
-3.96899183E-04 -4.46187722E-04 -4.95476262E-04 -2.61242216E-04 -2.70081708E-05 
 5.79497468E-06  8.48154574E-06  9.16432647E-06  8.41607008E-06  7.62482648E-06 
 6.83358288E-06  5.97833430E-06  5.12308573E-06  4.40017650E-06  3.77148743E-06 
 3.25503540E-06  2.79574099E-06  ) >                                            
RHWT         5  1 ( > 
 1.00000000E+00  1.00000000E+00  1.00000000E+00  1.00000000E+00  1.00000000E+00 
 1.00000000E+00  1.00000000E+00  1.00000000E+00  5.00000000E-01  5.00000000E-01 
 1.00000000E+00  1.00000000E+00  1.00000000E+00  1.00000000E+00  1.00000000E+00 
 1.00000000E+00  1.00000000E+00  1.00000000E+00  1.00000000E+00  1.00000000E+00 
 1.00000000E+00  1.00000000E+00  1.00000000E+00  1.00000000E+00  1.00000000E+00 
 1.00000000E+00  1.00000000E+00  1.00000000E+00  1.00000000E+00  9.00000000E-01 
 8.00000000E-01  1.00000000E+00  5.00000000E-01  5.00000000E-01  6.00000000E-01 
 1.00000000E+00  5.00000000E-01  5.00000000E-01  7.00000000E-01  8.00000000E-01 
 6.00000000E-01  6.00000000E-01  6.00000000E-01  7.00000000E-01  6.00000000E-01 
 7.00000000E-01  7.00000000E-01  7.00000000E-01  7.00000000E-01  5.00000000E-01 
 5.00000000E-01  5.00000000E-01  5.00000000E-01  7.00000000E-01  6.00000000E-01 
 5.00000000E-01  5.00000000E-01  5.00000000E-01  6.00000000E-01  5.00000000E-01 
 1.00000000E+00  1.00000000E+00  1.00000000E+00  5.00000000E-01  1.00000000E+00 
 8.00000000E-01  1.00000000E+00  9.00000000E-01  1.00000000E+00  1.00000000E+00 
 1.00000000E+00  1.00000000E+00  ) >                                            
JBAR         5  1 ( > 
 1.09958802E-11  1.08172641E-11  1.06511562E-11  1.04937413E-11  1.03415930E-11 
 1.01800428E-11  1.00371374E-11  9.90162370E-12  9.82397485E-12  9.63420879E-12 
 1.00740240E-11  1.16673179E-11  1.47197513E-11  1.96481381E-11  2.72549521E-11 
 3.82716623E-11  5.41413020E-11  7.97718855E-11  1.06918698E-10  1.39435767E-10 
 1.69639968E-10  1.95369928E-10  2.14763202E-10  2.27274635E-10  2.37403342E-10 
 2.44027644E-10  2.48866140E-10  2.50924881E-10  2.49753206E-10  2.37857889E-10 
 2.07574548E-10  1.51944853E-10  1.61507718E-11  2.88833108E-13  1.08187300E-15 
 7.25785341E-17  1.45895806E-18  2.98260103E-20  1.35999448E-21  1.77193605E-22 
 3.91726136E-23  1.54474381E-23  6.92083174E-24  5.45064573E-24  4.81518542E-24 
 4.64725724E-24  8.22609705E-24  1.18918275E-23  2.09261962E-23  3.55273942E-23 
 6.97602084E-23  1.51665178E-22  4.58025131E-22  1.76488516E-21  6.36366506E-21 
 1.69823262E-20  5.65469868E-20  1.80876729E-19  1.14514138E-16  1.41298183E-17 
 6.20525371E-17  2.10670499E-16  9.30653448E-16  2.90475422E-15  9.30043681E-15 
 2.95701824E-14  8.96175709E-14  2.68773566E-13  6.64814485E-13  1.51948788E-12 
 3.15151905E-12  6.29793490E-12  ) >                                            
CHI          5  1 ( > 
 1.09958560E-11  1.08171785E-11  1.06509165E-11  1.04930235E-11  1.03390157E-11 
 1.01705314E-11  1.00019509E-11  9.79387478E-12  9.53187020E-12  9.02755224E-12 
 8.83219037E-12  9.04071880E-12  9.41744591E-12  9.57705187E-12  9.37847189E-12 
 8.58483258E-12  7.09708623E-12  6.30302933E-12  5.96346353E-12  5.53733295E-12 
 5.61774633E-12  5.94707822E-12  6.78872156E-12  6.98995439E-12  6.46770592E-12 
 5.48453209E-12  4.31053495E-12  3.59334227E-12  2.30996171E-12  1.02054792E-12 
 3.27240102E-13  2.03556197E-14  6.27883635E-16  5.73471500E-17 -2.07538556E-19 
-6.51896110E-21 -7.83205544E-23  2.03624603E-24  2.26259554E-25  3.96528144E-26 
 8.14143258E-27  2.45194983E-27  3.01188583E-27  1.13767387E-27  1.11989856E-27 
 2.24650585E-27  1.97085285E-27  5.44682007E-27  4.98857013E-27  6.70680793E-27 
 1.50942897E-26  4.34204275E-26  1.29591639E-25  7.06644877E-25  2.28220318E-24 
 7.20187271E-24  2.58802985E-23  1.01373301E-22 -1.32293178E-19 -1.97795432E-22 
-3.59605088E-22 -1.78682663E-21 -8.52921485E-21 -2.47521655E-20 -7.09101874E-20 
-2.02030382E-19 -5.35732569E-19 -1.37115764E-18 -2.92523048E-18 -5.73075106E-18 
-1.02583395E-17 -1.76074440E-17  ) >                                            
AW           5  1 ( > 
-9.99997800E-01 -9.99992097E-01 -9.99977515E-01 -9.99931677E-01 -9.99751204E-01 
-9.99067986E-01 -9.96506769E-01 -9.89174349E-01 -9.70479735E-01 -9.37665676E-01 
-8.78219244E-01 -7.77802122E-01 -6.44290465E-01 -4.93113618E-01 -3.50029841E-01 
-2.29905158E-01 -1.35955060E-01 -8.27666699E-02 -5.86844613E-02 -4.19014511E-02 
-3.47560716E-02 -3.17577450E-02 -3.27447354E-02 -3.17753409E-02 -2.81780881E-02 
-2.32990884E-02 -1.80448341E-02 -1.49865667E-02 -9.89501697E-03 -4.80792711E-03 
-1.92552336E-03 -4.56324194E-04 -4.57828932E-05 -1.22429265E-05 -1.23930088E-06 
-1.84958238E-07 -5.46843938E-12 -2.04605354E-13 -1.24974528E-14 -1.01302002E-15 
-1.70072784E-16 -4.58889513E-17 -1.12569409E-17 -2.98144262E-18 -1.23846418E-18 
-7.60352793E-19 -7.00289952E-19 -1.23742651E-18 -1.97084513E-18 -1.64449767E-18 
-1.22073976E-18 -1.31216524E-18 -1.39246132E-18 -4.63297393E-18 -1.81663033E-17 
-1.99293447E-17 -2.59499547E-17 -1.42517999E-17 -1.37129015E-17 -4.07169575E-17 
-6.08094073E-17 -5.15776746E-17 -3.68085957E-17 -2.51874134E-17 -1.40562668E-17 
-9.43519707E-18 -6.93336034E-18 -6.65599951E-18 -7.00195295E-18 -7.62831791E-18 
-8.81729278E-18 -8.42245285E-18  ) >                                            
NK                ( > 
 3.40813710E+01  8.91442425E+01  2.22488664E+02  5.76393650E+02  1.59335783E+03 
 5.31132456E+03  1.82725689E+04  6.00255296E+04  1.60738833E+05  3.62661812E+05 
 6.52395056E+05  1.15665499E+06  1.98647884E+06  3.20975697E+06  4.90395018E+06 
 7.19921063E+06  1.04108663E+07  1.54873533E+07  2.09417306E+07  2.78829195E+07 
 3.51748293E+07  4.20676902E+07  4.81001507E+07  5.30611164E+07  5.85598212E+07 
 6.46071385E+07  7.23763931E+07  8.05400607E+07  9.00665795E+07  1.11452354E+08 
 1.48328962E+08  1.98283039E+08  6.54570145E+07  8.78899895E+05  2.42059881E+03 
 1.08961918E+02  7.09282990E+00  6.39099958E-01  1.15291047E-01  3.84199978E-02 
 1.77354489E-02  1.05657083E-02  8.75160156E-03  8.45298204E-03  1.03292336E-02 
 1.41520003E-02  2.41836221E-02  3.38443737E-02  5.34498293E-02  8.94387147E-02 
 1.50222865E-01  3.47551403E-01  7.82887818E-01  2.67928077E+00  7.79522485E+00 
 1.93312439E+01  5.23456761E+01  1.36253625E+02  8.43048723E+04  1.29270931E+04 
 4.44115722E+04  1.25068405E+05  4.44355075E+05  1.17987613E+06  3.21092740E+06 
 8.70115517E+06  2.26961940E+07  5.88208269E+07  1.29244488E+08  2.65816063E+08 
 5.02683215E+08  9.21542340E+08  ) >                                            
ND           1    ( > 
 5.03532842E-04  1.91475371E-03  6.37224555E-03  2.16408216E-02  7.73695477E-02 
 3.38915757E-01  1.52928877E+00  6.85012788E+00  2.54857420E+01  8.54666010E+01 
 2.20254493E+02  5.83945199E+02  1.51974773E+03  3.61669011E+03  7.90579254E+03 
 1.61071296E+04  3.20868396E+04  6.84001540E+04  1.24299779E+05  2.25158784E+05 
 3.79308908E+05  5.64191385E+05  7.48859141E+05  9.18942498E+05  1.12961245E+06 
 1.42145120E+06  1.84003433E+06  2.30143162E+06  2.89855850E+06  4.83326953E+06 
 1.11278297E+07  3.84072871E+07  3.60284920E+08  8.33591208E+08  2.64114181E+09 
 9.58909314E+09  5.76655931E+10  3.30947456E+11  1.60614726E+12  6.53569912E+12 
 2.36449125E+13  5.49753209E+13  1.20933391E+14  2.51840922E+14  5.06328384E+14 
 8.21695942E+14  1.23962772E+15  1.57802230E+15  1.80755419E+15  2.01017736E+15 
 2.27058549E+15  2.52672908E+15  2.73295922E+15  2.91800545E+15  2.91460622E+15 
 2.91403548E+15  2.90020769E+15  2.86576051E+15  2.78458378E+15  2.75137072E+15 
 2.67935911E+15  2.61910047E+15  2.54663294E+15  2.49667973E+15  2.45566604E+15 
 2.42172161E+15  2.39581427E+15  2.37193300E+15  2.35101778E+15  2.33314637E+15 
 2.31010237E+15  2.28277933E+15  ) >                                            
ND           2    ( > 
 2.96216927E-11  1.49961922E-10  6.50454459E-10  2.90985695E-09  1.40899814E-08 
 9.06629598E-08  6.10135921E-07  4.14663773E-06  2.24305066E-05  1.05159372E-04 
 3.43827641E-04  1.13337171E-03  3.58323841E-03  1.00908745E-02  2.50879533E-02 
 5.74524094E-02  1.26004199E-01  2.89611961E-01  5.36219794E-01  9.45587643E-01 
 1.45220922E+00  2.00029924E+00  2.51610622E+00  2.96042760E+00  3.47776202E+00 
 4.05420314E+00  4.80227617E+00  5.65411953E+00  6.68929944E+00  8.92887069E+00 
 1.24397306E+01  1.86511251E+01  9.67981443E+00  2.51053343E-01  1.88552424E-03 
 1.80235766E-04  1.52034177E-05  1.11390484E-06  2.11726250E-07  7.90484749E-08 
 4.29998052E-08  2.69044239E-08  2.61857234E-08  3.00022149E-08  4.27349512E-08 
 6.57455584E-08  1.28162797E-07  1.35774339E-07  1.82213074E-07  2.45612027E-07 
 3.91757860E-07  1.16072338E-06  3.05195195E-06  1.35642220E-05  8.29871805E-05 
 2.91742149E-04  1.55029696E-03  7.01413595E-03  9.09088234E+00  8.13561892E-01 
 3.10222402E+00  9.46499930E+00  3.67195369E+01  1.04037409E+02  3.03159168E+02 
 8.80440065E+02  2.45318916E+03  6.77441221E+03  1.56450685E+04  3.36024375E+04 
 6.57629879E+04  1.24067800E+05  ) >                                            
ND           3    ( > 
 2.03327904E-14  8.02712595E-14  2.78141287E-13  1.02249328E-12  3.90546954E-12 
 2.02073531E-11  1.10591085E-10  6.33345368E-10  3.00597155E-09  1.31951843E-08 
 4.18203229E-08  1.38383895E-07  4.46179733E-07  1.29953092E-06  3.36367234E-06 
 8.13988979E-06  1.92014021E-05  4.89069818E-05  1.00937740E-04  2.03553611E-04 
 3.64726657E-04  5.71989861E-04  7.91280019E-04  9.91773235E-04  1.24045860E-03 
 1.54178668E-03  1.96220000E-03  2.42146714E-03  3.02683174E-03  4.52589579E-03 
 8.28309734E-03  2.12679603E-02  1.81054330E-02  6.75061689E-04  1.07372638E-05 
 2.33638141E-06  2.86226716E-07  3.17867607E-08  6.87850357E-09  3.54461569E-09 
 2.86917789E-09  2.70189010E-09  2.85812219E-09  4.16904727E-09  7.15203740E-09 
 1.17135256E-08  3.09017647E-08  5.20845169E-08  9.66175664E-08  1.82562206E-07 
 3.82310962E-07  9.87286886E-07  2.65955484E-06  1.02109373E-05  3.50418798E-05 
 9.30349776E-05  2.80757563E-04  8.31261624E-04  7.05971559E-01  6.16886981E-02 
 2.47451144E-01  7.90367313E-01  3.24655541E+00  9.61083702E+00  2.92739796E+01 
 8.88122807E+01  2.58012285E+02  7.42544126E+02  1.77423982E+03  3.93093041E+03 
 7.90692084E+03  1.53100988E+04  ) >                                            
ND           4    ( > 
 2.58190202E-12  1.31424509E-11  5.72570617E-11  2.57243611E-10  1.25090625E-09 
 8.08700580E-09  5.46803248E-08  3.73409351E-07  2.02837563E-06  9.53646620E-06 
 3.12592286E-05  1.03438930E-04  3.28224220E-04  9.26550997E-04  2.30883443E-03 
 5.30403614E-03  1.16667139E-02  2.69306211E-02  5.00990433E-02  8.89858899E-02 
 1.37559892E-01  1.90726258E-01  2.41440403E-01  2.85796660E-01  3.37622516E-01 
 3.95727612E-01  4.71988834E-01  5.60117177E-01  6.68227436E-01  9.05297236E-01 
 1.28258194E+00  1.96935255E+00  1.05862312E+00  2.76663004E-02  2.07617211E-04 
 1.98334320E-05  1.67322368E-06  1.23078378E-07  2.34809575E-08  8.79226712E-09 
 4.78082817E-09  3.00049676E-09  2.96396655E-09  3.43699248E-09  5.08774046E-09 
 8.25873400E-09  1.73317742E-08  1.95714798E-08  2.76101038E-08  3.90568846E-08 
 6.63673656E-08  2.11081901E-07  5.97379414E-07  2.88793299E-06  1.89596117E-05 
 7.09742438E-05  4.03805223E-04  1.96308148E-03  2.97452940E+00  2.87139965E-01 
 1.18293703E+00  3.86571377E+00  1.63253867E+01  4.93206009E+01  1.53228551E+02 
 4.73863221E+02  1.40202713E+03  4.10847698E+03  9.96397685E+03  2.23775549E+04 
 4.55541010E+04  8.92145611E+04  ) >                                            
ND           5    ( > 
 7.13043956E-15  2.62634953E-14  8.39326575E-14  2.81032194E-13  9.68127124E-13 
 4.22356286E-12  1.86115896E-11  8.30448332E-11  3.05144895E-10  1.08637003E-09 
 2.91950555E-09  9.15041802E-09  3.05410276E-08  9.95254362E-08  2.97671784E-07 
 8.55254875E-07  2.42989819E-06  7.71031363E-06  1.91019784E-05  4.57726255E-05 
 9.54935623E-05  1.64926650E-04  2.43319145E-04  3.17567095E-04  4.11699753E-04 
 5.29512665E-04  6.97348312E-04  8.79492251E-04  1.12296017E-03  1.74715249E-03 
 3.38812166E-03  9.09174438E-03  7.90343161E-03  2.91799319E-04  4.60064196E-06 
 1.01874355E-06  1.27970896E-07  1.34958712E-08  2.80414684E-09  1.42307062E-09 
 1.15225165E-09  1.08464387E-09  1.16201524E-09  1.72047234E-09  3.02889360E-09 
 5.11966307E-09  1.41473458E-08  2.49678681E-08  4.83119703E-08  9.56560467E-08 
 2.10582760E-07  5.74827712E-07  1.64608710E-06  6.78972916E-06  2.48927183E-05 
 7.01817367E-05  2.25892373E-04  7.14549856E-04  6.77305869E-01  5.95919355E-02 
 2.50419890E-01  8.31147928E-01  3.57055491E+00  1.09261735E+01  3.44088324E+01 
 1.07888555E+02  3.23477077E+02  9.60475028E+02  2.35479628E+03  5.34116681E+03 
 1.09685206E+04  2.16600264E+04  ) >                                            
BD           1    ( > 
 6.32299232E+13  4.07531804E+13  2.54336268E+13  1.51473967E+13  8.43892666E+12 
 4.00685898E+12  1.72688083E+12  6.86001406E+11  2.75246579E+11  1.19993148E+11 
 6.35450881E+10  3.41838047E+10  1.87371020E+10  1.09505159E+10  6.68741855E+09 
 4.26841288E+09  2.74430867E+09  1.65103368E+09  1.07533714E+09  6.79429151E+08 
 4.30135361E+08  2.96807501E+08  2.25627189E+08  1.82436571E+08  1.45551826E+08 
 1.08833067E+08  7.68409533E+07  5.69159023E+07  4.14307966E+07  1.84666877E+07 
 3.37065723E+06  3.01482157E+05  1.98090607E+04  1.40802101E+03  1.50764777E+02 
 1.83994355E+01  8.70617261E+00  6.12462083E+00  5.42601273E+00  3.86080621E+00 
 2.80148383E+00  2.29170535E+00  1.98175180E+00  1.79454968E+00  1.75136906E+00 
 1.71406883E+00  1.61896329E+00  2.18458182E+00  2.03229163E+00  1.99904291E+00 
 2.18319694E+00  2.05651036E+00  2.32125924E+00  2.41651609E+00  2.61999771E+00 
 2.67792763E+00  2.91242101E+00  3.29488995E+00  5.53874975E-02  1.01244979E+00 
 1.05550174E+00  1.05824391E+00  1.04950541E+00  1.04051159E+00  1.03352878E+00 
 1.02866662E+00  1.02453421E+00  1.02086131E+00  1.01806153E+00  1.01565027E+00 
 1.01367499E+00  1.01190422E+00  ) >                                            
BD           2    ( > 
 7.04272549E+06  6.91558058E+06  6.50723301E+06  5.99741667E+06  5.43761788E+06 
 4.81059669E+06  4.08022023E+06  3.38521293E+06  2.78344573E+06  2.38552693E+06 
 2.13322221E+06  1.92462254E+06  1.74772833E+06  1.61332880E+06  1.48203655E+06 
 1.37648030E+06  1.26413074E+06  1.12326172E+06  9.91614343E+05  8.46608047E+05 
 6.96649205E+05  5.92472284E+05  5.23306072E+05  4.74570373E+05  4.28040955E+05 
 3.73690613E+05  3.17564029E+05  2.77807613E+05  2.41333475E+05  1.65228527E+05 
 7.43662634E+04  2.40208298E+04  4.91446095E+03  8.84878248E+02  1.45180062E+02 
 4.21215921E+01  1.71535411E+01  7.14487516E+00  4.19950574E+00  2.37155871E+00 
 1.46574659E+00  9.85503142E-01  7.58557598E-01  6.04952604E-01  4.83316587E-01 
 4.13314158E-01  3.73836959E-01  2.30610548E-01  1.83869258E-01  1.38185577E-01 
 1.11708862E-01  9.51401105E-02  1.26854542E-01  1.08312485E-01  2.65965747E-01 
 3.89134033E-01  6.95975823E-01  1.14409390E+00  1.80937867E+00  1.05163556E+00 
 1.06371875E+00  1.06450471E+00  1.05519252E+00  1.04598983E+00  1.03858433E+00 
 1.03333078E+00  1.02868757E+00  1.02442255E+00  1.02112432E+00  1.01825500E+00 
 1.01590054E+00  1.01379264E+00  ) >                                            
BD           3    ( > 
 1.55507688E+04  1.19724825E+04  9.05237977E+03  6.90051315E+03  4.97168439E+03 
 3.57074741E+03  2.49055063E+03  1.76369526E+03  1.29005787E+03  1.04949399E+03 
 9.20234386E+02  8.43521435E+02  7.90966461E+02  7.63955745E+02  7.38876635E+02 
 7.32738913E+02  7.31394428E+02  7.29351553E+02  7.25996678E+02  7.18225375E+02 
 6.99426241E+02  6.85074928E+02  6.70948489E+02  6.52267616E+02  6.30618065E+02 
 5.92469460E+02  5.46945802E+02  5.06095428E+02  4.69003052E+02  3.69244042E+02 
 2.30986661E+02  1.39118709E+02  5.48917127E+01  1.76649997E+01  7.96012535E+00 
 6.29968407E+00  4.39595249E+00  3.23787287E+00  2.42744681E+00  2.59545268E+00 
 2.03459755E+00  2.15332337E+00  1.89070741E+00  1.91696601E+00  1.85527837E+00 
 1.71794760E+00  2.11278192E+00  2.11365945E+00  2.12305951E+00  2.19558341E+00 
 2.27061999E+00  2.18015844E+00  2.14172033E+00  2.13615898E+00  2.26874754E+00 
 2.08736286E+00  2.15449387E+00  2.07734455E+00  1.93523309E+00  1.05302974E+00 
 1.05946455E+00  1.06019703E+00  1.05260737E+00  1.04463199E+00  1.03792570E+00 
 1.03294090E+00  1.02844526E+00  1.02426606E+00  1.02101351E+00  1.01817408E+00 
 1.01583760E+00  1.01374316E+00  ) >                                            
BD           4    ( > 
 2.26208691E+05  2.25083851E+05  2.14527031E+05  2.00424472E+05  1.84434375E+05 
 1.66203146E+05  1.43921120E+05  1.22215208E+05  1.02931747E+05  9.02257653E+04 
 8.22337261E+04  7.57773883E+04  7.03123919E+04  6.61557783E+04  6.19015579E+04 
 5.85407633E+04  5.47363509E+04  4.97419453E+04  4.48538082E+04  3.93092233E+04 
 3.32326422E+04  2.89228254E+04  2.60138667E+04  2.39498687E+04  2.19346421E+04 
 1.95127692E+04  1.69631161E+04  1.51543434E+04  1.34599348E+04  9.71193271E+03 
 4.82066664E+03  1.80208479E+03  4.81939185E+02  1.19576254E+02  2.84842925E+01 
 1.07116866E+01  5.53352552E+00  2.88791591E+00  2.00612349E+00  1.29771495E+00 
 8.78849040E-01  6.32188438E-01  5.19423760E-01  4.26475217E-01  3.57063044E-01 
 3.22630966E-01  3.07399138E-01  1.96324970E-01  1.60452859E-01  1.23221926E-01 
 1.02236010E-01  8.99597471E-02  1.20885534E-01  1.04524945E-01  2.56296702E-01 
 3.76159719E-01  6.74877954E-01  1.11245048E+00  1.76480735E+00  1.04153068E+00 
 1.05030639E+00  1.05385438E+00  1.04997344E+00  1.04365658E+00  1.03767634E+00 
 1.03286892E+00  1.02844062E+00  1.02428301E+00  1.02103571E+00  1.01819806E+00 
 1.01586023E+00  1.01376470E+00  ) >                                            
BD           5    ( > 
 1.91633823E+03  1.38215630E+03  9.68124399E+02  6.75469684E+02  4.41382338E+02 
 2.69227306E+02  1.52478470E+02  8.49498042E+01  4.86101003E+01  3.24068849E+01 
 2.43045861E+01  2.12945856E+01  2.08662258E+01  2.27477406E+01  2.56393921E+01 
 3.04260387E+01  3.68690743E+01  4.62430314E+01  5.57358094E+01  6.61743499E+01 
 7.58457748E+01  8.25269874E+01  8.67321683E+01  8.82191352E+01  8.88579000E+01 
 8.69966607E+01  8.38016395E+01  7.97960611E+01  7.60862326E+01  6.35762367E+01 
 4.39792256E+01  2.95222886E+01  1.34444723E+01  5.05145467E+00  2.74667945E+00 
 2.53646582E+00  2.05669553E+00  1.61645671E+00  1.26808419E+00  1.41633314E+00 
 1.17847275E+00  1.28977611E+00  1.17345906E+00  1.22304944E+00  1.22008259E+00 
 1.16439149E+00  1.48487061E+00  1.53216643E+00  1.58498702E+00  1.69366163E+00 
 1.80551857E+00  1.78834981E+00  1.81167951E+00  1.86246810E+00  2.03193048E+00 
 1.93385935E+00  2.05263357E+00  2.04345398E+00  1.96019362E+00  1.04034228E+00 
 1.05112499E+00  1.05568041E+00  1.05105838E+00  1.04397978E+00  1.03762435E+00 
 1.03277272E+00  1.02834638E+00  1.02420616E+00  1.02097345E+00  1.01814617E+00 
 1.01581681E+00  1.01372735E+00  ) >                                            
USE ( INPUT ) > 
