> from Overall Iteration  5 of  5                                Pandora 78.018
> Run Data:    91   10    7  0  0  CA   1     13-Dec-16 17:42:45    20117.73802
> SUN        MODEL SP     10 L CA-I    ITER 02-06     13-Dec-16                 
> -------.---------.---------.---------.---------.---------.---------.---------.
N (  91 ) > 
Z                 ( > 
-7.16410791E+03 -7.11238379E+03 -7.06804785E+03 -7.03110254E+03 -6.99415625E+03 
-6.93947754E+03 -6.89809668E+03 -6.85376074E+03 -6.77986914E+03 -6.70597656E+03 
-6.59513867E+03 -6.46952246E+03 -6.34390527E+03 -6.21800000E+03 -6.05500000E+03 
-5.88700000E+03 -5.72899707E+03 -5.59167383E+03 -5.46800000E+03 -5.30600000E+03 
-5.21900000E+03 -5.16189111E+03 -5.14100000E+03 -5.13100000E+03 -5.12100000E+03 
-5.11326123E+03 -5.10839258E+03 -5.10406152E+03 -5.09946191E+03 -5.09569824E+03 
-5.09109863E+03 -5.07871777E+03 -5.05000928E+03 -4.99702637E+03 -4.82489160E+03 
-4.57078857E+03 -4.25131543E+03 -3.90287085E+03 -3.51655151E+03 -3.16810669E+03 
-2.82723633E+03 -2.47121680E+03 -2.17579639E+03 -1.94854944E+03 -1.72887769E+03 
-1.48648120E+03 -1.30468408E+03 -1.13803625E+03 -1.00168842E+03 -9.03214783E+02 
-7.96955139E+02 -7.19940430E+02 -6.69180786E+02 -6.46426392E+02 -6.29765198E+02 
-6.15061035E+02 -6.02027588E+02 -5.90554138E+02 -5.77483826E+02 -5.61456116E+02 
-5.48099976E+02 -5.29966980E+02 -5.01076508E+02 -4.56065460E+02 -4.09203278E+02 
-3.57795898E+02 -3.17171265E+02 -2.79622040E+02 -2.48496262E+02 -2.21413147E+02 
-1.95001221E+02 -1.72495697E+02 -1.47289520E+02 -1.22753319E+02 -9.77773209E+01 
-7.43715820E+01 -5.00499992E+01 -2.90000000E+01 -1.30000000E+01  0.00000000E+00 
 1.70000000E+01  3.30000000E+01  4.30000000E+01  5.40000000E+01  6.50000000E+01 
 8.10000000E+01  9.30000000E+01  1.05000000E+02  1.20000000E+02  1.35000000E+02 
 1.50199997E+02  ) >                                                            
TE                ( > 
 8.67408125E+04  7.92527031E+04  7.20320156E+04  6.53461953E+04  6.07998438E+04 
 5.62812109E+04  5.29378945E+04  4.92688633E+04  4.47103711E+04  4.17084336E+04 
 3.87065000E+04  3.64828477E+04  3.50374688E+04  3.36900000E+04  3.27000000E+04 
 3.18400000E+04  3.09083926E+04  3.02461562E+04  2.95000000E+04  2.84500000E+04 
 2.73300000E+04  2.59115137E+04  2.40900000E+04  2.13200000E+04  1.83200000E+04 
 1.54549316E+04  1.34431191E+04  1.16031113E+04  1.00713936E+04  8.65230176E+03 
 7.66119043E+03  7.32222998E+03  6.92198096E+03  6.66793848E+03  6.51654199E+03 
 6.40299414E+03  6.30099609E+03  6.17850293E+03  6.03332617E+03  5.90175928E+03 
 5.77472949E+03  5.64769971E+03  5.54789062E+03  5.44808105E+03  5.35280859E+03 
 5.21216846E+03  5.09874902E+03  4.99893994E+03  4.87191016E+03  4.77210107E+03 
 4.66291455E+03  4.51896094E+03  4.27749072E+03  4.05459546E+03  3.89087305E+03 
 3.72726099E+03  3.54903076E+03  3.39549194E+03  3.21824561E+03  3.04974292E+03 
 2.92700000E+03  2.77362524E+03  2.63779004E+03  2.56617529E+03  2.55000000E+03 
 2.58790112E+03  2.64293042E+03  2.70463037E+03  2.76445361E+03  2.82406885E+03 
 2.88605444E+03  2.93857178E+03  3.00541211E+03  3.07628662E+03  3.16057739E+03 
 3.25367627E+03  3.37900000E+03  3.53000000E+03  3.69000000E+03  3.85000000E+03 
 4.11000000E+03  4.44000000E+03  4.71000000E+03  4.98000000E+03  5.27000000E+03 
 5.65000000E+03  5.93000000E+03  6.21000000E+03  6.58000000E+03  6.90000000E+03 
 7.20000000E+03  ) >                                                            
> SUN        MODEL SP     10 L CA-I    ITER 02-06     13-Dec-16                 
NE                ( > 
 5.81508940E+08  6.26152347E+08  6.74869624E+08  7.26484670E+08  7.68196667E+08 
 8.17632985E+08  8.58468255E+08  9.07683163E+08  9.80761808E+08  1.04110919E+09 
 1.11832392E+09  1.19506406E+09  1.26400252E+09  1.33658754E+09  1.42125710E+09 
 1.51157244E+09  1.60633567E+09  1.69048619E+09  1.77542181E+09  1.89726072E+09 
 1.98617421E+09  2.07231275E+09  2.15407163E+09  2.27043450E+09  2.40725049E+09 
 2.55421943E+09  2.65981820E+09  2.76977893E+09  2.86517779E+09  2.95933519E+09 
 3.02640764E+09  3.06391986E+09  3.12875884E+09  3.22256361E+09  3.50454810E+09 
 3.96113285E+09  4.62314558E+09  5.48905026E+09  6.64014750E+09  7.90120626E+09 
 2.13426050E+10  3.00058785E+10  2.25889263E+10  1.15532239E+10  3.56306052E+09 
 5.43465355E+08  5.71008230E+08  8.67992243E+08  1.24066542E+09  4.16627690E+09 
 8.56513948E+09  1.43484136E+10  2.05663514E+10  2.44447904E+10  2.78563416E+10 
 3.15933616E+10  3.59041499E+10  4.03261730E+10  4.70031854E+10  5.66027559E+10 
 6.53862155E+10  8.14834092E+10  1.10570324E+11  1.87425907E+11  3.61734257E+11 
 5.32508713E+11  1.37865100E+11  4.73023765E+10  7.18162917E+10  1.05271185E+11 
 1.59362921E+11  2.33375089E+11  3.42603413E+11  4.87586223E+11  7.22314785E+11 
 1.04442514E+12  1.57152302E+12  2.32300567E+12  3.26112919E+12  4.47942845E+12 
 7.51716741E+12  1.41043442E+13  2.18996410E+13  3.15809984E+13  4.29381711E+13 
 6.12666073E+13  8.32344915E+13  1.22081686E+14  2.18204456E+14  3.68620005E+14 
 5.96276623E+14  ) >                                                            
> SUN        MODEL SP     10 L CA-I    ITER 02-06     13-Dec-16                 
ZME               ( > 
 1.95356783E-03  1.95318791E-03  1.95300736E-03  1.95281178E-03  1.95263280E-03 
 1.95245217E-03  1.95228335E-03  1.95206079E-03  1.95177212E-03  1.95148048E-03 
 1.95115651E-03  1.95079964E-03  1.95042667E-03  1.95005993E-03  1.94962401E-03 
 1.94885352E-03  1.94729664E-03  1.94573745E-03  1.94475705E-03  1.94357075E-03 
 1.94242795E-03  1.93997370E-03  1.93322237E-03  1.91170893E-03  1.85043783E-03 
 1.75586763E-03  1.72601270E-03  1.70986629E-03  1.70575170E-03  1.67119578E-03 
 1.59284745E-03  1.55605018E-03  1.52830934E-03  1.50721854E-03  1.34335121E-03 
 1.31548189E-03  1.29241401E-03  1.26843699E-03  1.24191287E-03  1.22228695E-03 
 1.02053424E-03  6.91262879E-04  3.64533259E-04  3.20726206E-04  3.54458892E-04 
 3.90034909E-04  3.86243393E-04  3.79909663E-04  3.75324986E-04  3.12098848E-04 
 2.98666478E-04  2.80435830E-04  2.61386725E-04  2.47085480E-04  2.36163241E-04 
 2.26781176E-04  2.18971208E-04  2.11844262E-04  2.06411335E-04  1.99899810E-04 
 1.91478379E-04  1.81342192E-04  1.54821324E-04  1.22813997E-04  1.02706441E-04 
 6.08150659E-05  9.40145443E-06  1.86372827E-06  1.81881341E-06  1.83840154E-06 
 1.95681517E-06  2.13321327E-06  2.27952988E-06  2.41177072E-06  2.69342531E-06 
 3.05537633E-06  3.70433525E-06  4.75237154E-06  6.21878604E-06  8.20786933E-06 
 1.32657279E-05  2.43577969E-05  3.75891509E-05  5.30769420E-05  6.97749367E-05 
 8.75428167E-05  9.63898469E-05  1.02413187E-04  1.08448919E-04  1.13109123E-04 
 1.17669170E-04  ) >                                                            
NC                ( > 
 1.15846835E+09  1.24837478E+09  1.34694014E+09  1.45142183E+09  1.53553807E+09 
 1.63485554E+09  1.71672337E+09  1.81527455E+09  1.96149723E+09  2.08220817E+09 
 2.23664416E+09  2.39012637E+09  2.52800390E+09  2.67317426E+09  2.84251354E+09 
 3.02314432E+09  3.21267085E+09  3.38097193E+09  3.55084319E+09  3.79452106E+09 
 3.97234807E+09  4.14462516E+09  4.30814295E+09  4.54086872E+09  4.81450073E+09 
 5.10843863E+09  5.31963619E+09  5.53955768E+09  5.73035540E+09  5.91867023E+09 
 6.05281513E+09  6.12783959E+09  6.25751755E+09  6.44512711E+09  7.00909609E+09 
 7.92226560E+09  9.24629107E+09  1.09781004E+10  1.32802949E+10  1.58024125E+10 
 4.26852100E+10  6.00117569E+10  4.51778526E+10  2.31064478E+10  7.12612105E+09 
 1.08693071E+09  1.14201646E+09  1.73598449E+09  2.48133083E+09  8.33255380E+09 
 1.71302790E+10  2.86968272E+10  4.11327027E+10  4.88895809E+10  5.57126833E+10 
 6.31867233E+10  7.18082998E+10  8.06523461E+10  9.40063707E+10  1.13205512E+11 
 1.30772431E+11  1.62966818E+11  2.21140648E+11  3.74851814E+11  7.23468515E+11 
 1.06501743E+12  2.75730201E+11  9.46047530E+10  1.43632583E+11  2.10542370E+11 
 3.18725843E+11  4.66750178E+11  6.85206827E+11  9.75172445E+11  1.44462957E+12 
 2.08885029E+12  3.14304603E+12  4.64601134E+12  6.52225838E+12  8.95885689E+12 
 1.50343348E+13  2.82086884E+13  4.37992820E+13  6.31619968E+13  8.58763423E+13 
 1.22533215E+14  1.66468983E+14  2.44163373E+14  4.36408913E+14  7.37240010E+14 
 1.19255325E+15  ) >                                                            
[ CENSUS data start ] > 
> SUN        MODEL SP     10 L CA-I    ITER 02-06     13-Dec-16                 
CA            1   91
Z                 ( > 
-7.16410791E+03 -7.11238379E+03 -7.06804785E+03 -7.03110254E+03 -6.99415625E+03 
-6.93947754E+03 -6.89809668E+03 -6.85376074E+03 -6.77986914E+03 -6.70597656E+03 
-6.59513867E+03 -6.46952246E+03 -6.34390527E+03 -6.21800000E+03 -6.05500000E+03 
-5.88700000E+03 -5.72899707E+03 -5.59167383E+03 -5.46800000E+03 -5.30600000E+03 
-5.21900000E+03 -5.16189111E+03 -5.14100000E+03 -5.13100000E+03 -5.12100000E+03 
-5.11326123E+03 -5.10839258E+03 -5.10406152E+03 -5.09946191E+03 -5.09569824E+03 
-5.09109863E+03 -5.07871777E+03 -5.05000928E+03 -4.99702637E+03 -4.82489160E+03 
-4.57078857E+03 -4.25131543E+03 -3.90287085E+03 -3.51655151E+03 -3.16810669E+03 
-2.82723633E+03 -2.47121680E+03 -2.17579639E+03 -1.94854944E+03 -1.72887769E+03 
-1.48648120E+03 -1.30468408E+03 -1.13803625E+03 -1.00168842E+03 -9.03214783E+02 
-7.96955139E+02 -7.19940430E+02 -6.69180786E+02 -6.46426392E+02 -6.29765198E+02 
-6.15061035E+02 -6.02027588E+02 -5.90554138E+02 -5.77483826E+02 -5.61456116E+02 
-5.48099976E+02 -5.29966980E+02 -5.01076508E+02 -4.56065460E+02 -4.09203278E+02 
-3.57795898E+02 -3.17171265E+02 -2.79622040E+02 -2.48496262E+02 -2.21413147E+02 
-1.95001221E+02 -1.72495697E+02 -1.47289520E+02 -1.22753319E+02 -9.77773209E+01 
-7.43715820E+01 -5.00499992E+01 -2.90000000E+01 -1.30000000E+01  0.00000000E+00 
 1.70000000E+01  3.30000000E+01  4.30000000E+01  5.40000000E+01  6.50000000E+01 
 8.10000000E+01  9.30000000E+01  1.05000000E+02  1.20000000E+02  1.35000000E+02 
 1.50199997E+02  ) >                                                            
FLVSL             ( > 
-5.96885091E+00 -5.89661084E+00 -5.81998343E+00 -5.73910732E+00 -5.67893377E+00 
-5.61439000E+00 -5.56407206E+00 -5.50938918E+00 -5.43510642E+00 -5.38508781E+00 
-5.33287103E+00 -5.29695857E+00 -5.29097855E+00 -5.29630514E+00 -5.32235377E+00 
-5.36143916E+00 -5.43494803E+00 -5.48937608E+00 -5.55333408E+00 -5.59665679E+00 
-5.63354770E+00 -5.66837253E+00 -5.65407833E+00 -5.29347878E+00 -4.68240818E+00 
-4.10119620E+00 -3.51307093E+00 -2.92503532E+00 -2.46193508E+00 -2.10612763E+00 
-1.86540696E+00 -1.72933598E+00 -1.60084539E+00 -1.48111242E+00 -1.37988957E+00 
-1.31754619E+00 -1.27256970E+00 -1.23661350E+00 -1.20211656E+00 -1.18064760E+00 
-9.66885376E-01 -9.12179977E-01 -9.40287035E-01 -1.08975844E+00 -1.43194562E+00 
-2.12310742E+00 -2.10538500E+00 -1.96284463E+00 -1.85261245E+00 -1.52422886E+00 
-1.43767274E+00 -1.41027992E+00 -1.39799647E+00 -1.35213446E+00 -1.25938278E+00 
-1.14877802E+00 -1.02721868E+00 -9.08934969E-01 -7.74034651E-01 -6.27568194E-01 
-5.33622714E-01 -4.11805433E-01 -2.96696311E-01 -1.89181831E-01 -1.20055339E-01 
-6.80631469E-02 -3.35111027E-02 -9.71300452E-02 -9.97725553E-02 -1.05413982E-01 
-1.08838687E-01 -1.10027935E-01 -1.19520830E-01 -1.35469761E-01 -1.61791744E-01 
-2.05530845E-01 -2.88942456E-01 -4.25416330E-01 -6.01915581E-01 -7.88161566E-01 
-1.06983694E+00 -1.37665219E+00 -1.60625799E+00 -1.82722858E+00 -2.05893106E+00 
-2.32766689E+00 -2.47188030E+00 -2.55792698E+00 -2.60556616E+00 -2.61127219E+00 
-2.60221050E+00  ) >                                                            
FIONL             ( > 
-2.30551428E+00 -2.30090016E+00 -2.29849069E+00 -2.29612658E+00 -2.29587974E+00 
-2.29719916E+00 -2.30039659E+00 -2.30995429E+00 -2.32501692E+00 -2.34074196E+00 
-2.36085295E+00 -2.38343966E+00 -2.41797142E+00 -2.46315726E+00 -2.51959341E+00 
-2.58601778E+00 -2.69046146E+00 -2.76757332E+00 -2.85810522E+00 -2.94054763E+00 
-3.02193081E+00 -3.11725916E+00 -3.18829340E+00 -2.97721156E+00 -2.56396376E+00 
-2.22216027E+00 -1.86300394E+00 -1.53090030E+00 -1.31260017E+00 -1.19059778E+00 
-1.07726330E+00 -9.67563820E-01 -8.54860425E-01 -7.39187724E-01 -6.56793100E-01 
-6.26248398E-01 -6.23823693E-01 -6.34819156E-01 -6.51934140E-01 -6.77720633E-01 
-7.84354251E-01 -8.28934994E-01 -7.73349372E-01 -6.84910540E-01 -5.64891361E-01 
-4.61184814E-01 -3.91122435E-01 -3.44484494E-01 -2.97060526E-01 -2.55259898E-01 
-2.52563556E-01 -2.35587268E-01 -2.22720739E-01 -2.09221290E-01 -2.02822643E-01 
-1.86159080E-01 -1.65401973E-01 -1.37836815E-01 -1.23640705E-01 -1.29126087E-01 
-1.56942097E-01 -2.15561749E-01 -3.06450020E-01 -4.52476649E-01 -6.17774620E-01 
-8.40106766E-01 -1.13305009E+00 -6.99652568E-01 -6.89328558E-01 -6.68152639E-01 
-6.55925193E-01 -6.51815974E-01 -6.20330947E-01 -5.73400093E-01 -5.08516362E-01 
-4.24689149E-01 -3.14233712E-01 -2.04969317E-01 -1.25327961E-01 -7.74452758E-02 
-3.88165567E-02 -1.88271850E-02 -1.12351972E-02 -7.15563224E-03 -4.89793256E-03 
-3.76857844E-03 -4.00568888E-03 -4.72645453E-03 -5.51361895E-03 -6.56599228E-03 
-7.59600828E-03  ) >                                                            
[ CENSUS data end ] > 
[ KURUCZ - b data start ] > 
> SUN        MODEL SP     10 L CA-I    ITER 02-06     13-Dec-16                 
CA1            1        91
 1.12360030E+11  9.84637514E+10  8.57828989E+10  7.45537864E+10  6.69593549E+10 
 5.93633517E+10  5.38773183E+10  4.80172494E+10  4.07689465E+10  3.59303291E+10 
 3.09727549E+10  2.71473399E+10  2.44749717E+10  2.20622225E+10  1.99571341E+10 
 1.81008520E+10  1.63545822E+10  1.50700413E+10  1.38473228E+10  1.22912162E+10 
 1.10673945E+10  9.78151836E+09  8.37091516E+09  6.39777291E+09  4.42779108E+09 
 2.76159911E+09  1.84779709E+09  1.11987768E+09  6.11638410E+08  1.55093950E+08 
 4.68011249E+07  2.85649139E+07  1.45496483E+07  8.88711499E+06  6.34199830E+06 
 4.79297090E+06  3.65833013E+06  2.63523161E+06  1.77171590E+06  1.22114135E+06 
 6.93826788E+05  4.50168057E+05  3.80111593E+05  3.28644774E+05  2.82757696E+05 
 1.98492322E+05  1.18676629E+05  7.10328324E+04  3.78057972E+04  1.54364089E+04 
 6.15450794E+03  2.18914244E+03  5.71298112E+02  1.90094891E+02  9.10395484E+01 
 4.17430601E+01  1.64707774E+01  6.82681350E+00  2.25152374E+00  7.22620133E-01 
 2.93239341E-01  8.60288694E-02  2.53061346E-02  1.21249992E-02  8.95929787E-03 
 1.75877349E-02  2.63722874E-01  4.67348478E-01  5.44575659E-01  6.19825282E-01 
 6.99732554E-01  7.52376063E-01  8.24987813E-01  8.94423396E-01  9.42278486E-01 
 9.63905206E-01  9.72932647E-01  9.78087704E-01  9.84423901E-01  9.87322436E-01 
 9.88776490E-01  9.93131399E-01  9.97831744E-01  9.97078098E-01  9.98726087E-01 
 9.99132873E-01  9.99722993E-01  9.99964620E-01  1.00012850E+00  1.00003991E+00 
 1.00000877E+00  ) >                                                            
CA1            2        91
 9.04927167E+08  8.25200293E+08  7.48647906E+08  6.77343409E+08  6.27123105E+08 
 5.75051835E+08  5.35975697E+08  4.92659957E+08  4.36681354E+08  3.97667508E+08 
 3.56129004E+08  3.22849992E+08  2.98913593E+08  2.76588947E+08  2.56697632E+08 
 2.38619150E+08  2.20993446E+08  2.07685011E+08  1.94640891E+08  1.77522824E+08 
 1.63550862E+08  1.48393631E+08  1.31163460E+08  1.05891290E+08  7.88837652E+07 
 5.39547652E+07  3.92843487E+07  2.63332182E+07  1.60532386E+07  4.66622877E+06 
 1.59960793E+06  1.03048978E+06  5.64952394E+05  3.65127499E+05  2.74715990E+05 
 2.19262098E+05  1.77383327E+05  1.36295042E+05  9.84326823E+04  7.22879701E+04 
 4.68847446E+04  3.24217861E+04  2.76296141E+04  2.27432738E+04  1.53480589E+04 
 6.15068245E+03  3.95408816E+03  2.80313007E+03  1.78428517E+03  1.04809554E+03 
 5.83504080E+02  2.68327020E+02  9.14107304E+01  3.78967560E+01  2.15880133E+01 
 1.18414982E+01  5.72284436E+00  2.82929766E+00  1.15207682E+00  4.53922951E-01 
 2.12499018E-01  7.38428695E-02  2.45131309E-02  1.21231756E-02  8.96772474E-03 
 1.75945009E-02  2.63116429E-01  4.66062276E-01  5.43577307E-01  6.19046030E-01 
 6.99319717E-01  7.52173671E-01  8.24850606E-01  8.94373113E-01  9.42288206E-01 
 9.63939111E-01  9.72980022E-01  9.78160280E-01  9.84545360E-01  9.87546101E-01 
 9.89139151E-01  9.93508310E-01  9.98102313E-01  9.97400081E-01  9.98946431E-01 
 9.99271924E-01  9.99775885E-01  9.99971856E-01  1.00011067E+00  1.00003479E+00 
 1.00000831E+00  ) >                                                            
CA1            3        91
 9.15861891E+08  8.34197373E+08  7.55979323E+08  6.83292350E+08  6.32181807E+08 
 5.79256936E+08  5.39598462E+08  4.95697029E+08  4.39038605E+08  3.99595239E+08 
 3.57634518E+08  3.24039421E+08  2.99883014E+08  2.77371568E+08  2.57309439E+08 
 2.39086633E+08  2.21340928E+08  2.07947026E+08  1.94832861E+08  1.77636765E+08 
 1.63623987E+08  1.48439388E+08  1.31194860E+08  1.05913752E+08  7.89030861E+07 
 5.39733357E+07  3.93031192E+07  2.63497776E+07  1.60657484E+07  4.67049938E+06 
 1.60117884E+06  1.03149881E+06  5.65487735E+05  3.65449702E+05  2.74908784E+05 
 2.19364179E+05  1.77419795E+05  1.36290069E+05  9.84077506E+04  7.22582495E+04 
 4.68410324E+04  3.23889805E+04  2.76063146E+04  2.27351263E+04  1.53696343E+04 
 6.19887107E+03  3.98298245E+03  2.81850675E+03  1.79167264E+03  1.04970344E+03 
 5.83799146E+02  2.68367128E+02  9.14168276E+01  3.79001749E+01  2.15902791E+01 
 1.18428896E+01  5.72358513E+00  2.82966619E+00  1.15221642E+00  4.53968311E-01 
 2.12515998E-01  7.38464838E-02  2.45135084E-02  1.21231858E-02  8.96772726E-03 
 1.75944983E-02  2.63115225E-01  4.66051385E-01  5.43571179E-01  6.19043801E-01 
 6.99318738E-01  7.52171782E-01  8.24848904E-01  8.94372295E-01  9.42288061E-01 
 9.63939139E-01  9.72980040E-01  9.78160298E-01  9.84545386E-01  9.87546139E-01 
 9.89139204E-01  9.93508360E-01  9.98102344E-01  9.97400119E-01  9.98946457E-01 
 9.99271941E-01  9.99775891E-01  9.99971857E-01  1.00011066E+00  1.00003479E+00 
 1.00000831E+00  ) >                                                            
CA1            4        91
 2.50919008E+08  2.29414593E+08  2.08854231E+08  1.89763674E+08  1.76313692E+08 
 1.62341728E+08  1.51856008E+08  1.40229420E+08  1.25148414E+08  1.14570921E+08 
 1.03221399E+08  9.40405281E+07  8.73660607E+07  8.11212716E+07  7.54743094E+07 
 7.03157581E+07  6.52986804E+07  6.14876211E+07  5.77685163E+07  5.28877059E+07 
 4.89526480E+07  4.47106840E+07  3.99038361E+07  3.27856652E+07  2.50200613E+07 
 1.76426952E+07  1.32152956E+07  9.15783561E+06  5.78587399E+06  1.75619651E+06 
 6.26020965E+05  4.09650858E+05  2.29203187E+05  1.50233846E+05  1.14009420E+05 
 9.15885320E+04  7.45372300E+04  5.77082563E+04  4.20798292E+04  3.11915867E+04 
 2.03943577E+04  1.42983016E+04  1.23660413E+04  1.03704293E+04  7.23015398E+03 
 3.15495415E+03  2.07700608E+03  1.49713406E+03  9.91004921E+02  6.04716352E+02 
 3.58310234E+02  1.76864281E+02  6.54174767E+01  2.90065449E+01  1.73127131E+01 
 9.91469812E+00  5.00889951E+00  2.56010290E+00  1.07945628E+00  4.37507314E-01 
 2.08296973E-01  7.35692771E-02  2.45575236E-02  1.21238926E-02  8.96904692E-03 
 1.75982418E-02  2.63267533E-01  4.66630574E-01  5.44577467E-01  6.19999144E-01 
 7.00159604E-01  7.53029419E-01  8.25606010E-01  8.94854302E-01  9.42505703E-01 
 9.64009359E-01  9.73009761E-01  9.78191164E-01  9.84580982E-01  9.87589144E-01 
 9.89186289E-01  9.93544444E-01  9.98120360E-01  9.97420646E-01  9.98958151E-01 
 9.99278590E-01  9.99777912E-01  9.99971876E-01  1.00010976E+00  1.00003455E+00 
 1.00000829E+00  ) >                                                            
CA1            5        91
 2.28549058E+08  2.08718678E+08  1.89786145E+08  1.72233422E+08  1.59884759E+08 
 1.47074548E+08  1.37472612E+08  1.26838535E+08  1.13067263E+08  1.03424949E+08 
 9.30952272E+07  8.47524896E+07  7.86954360E+07  7.30334001E+07  6.79196993E+07 
 6.32522051E+07  5.87152021E+07  5.52714081E+07  5.19117909E+07  4.75051556E+07 
 4.39529888E+07  4.01252542E+07  3.57905797E+07  2.93802566E+07  2.24003306E+07 
 1.57830287E+07  1.18176223E+07  8.18860446E+06  5.17518357E+06  1.57223046E+06 
 5.61133680E+05  3.67409916E+05  2.05746733E+05  1.34946119E+05  1.02445518E+05 
 8.23195475E+04  6.70089420E+04  5.18969308E+04  3.78603010E+04  2.80780292E+04 
 1.83630726E+04  1.28916182E+04  1.11695997E+04  9.39064732E+03  6.58073971E+03 
 2.91083898E+03  1.92209108E+03  1.38819883E+03  9.23834311E+02  5.66886044E+02 
 3.38814655E+02  1.68791097E+02  6.30401409E+01  2.81635089E+01  1.68954309E+01 
 9.72071072E+00  4.93435639E+00  2.53102701E+00  1.07127799E+00  4.35580655E-01 
 2.07789860E-01  7.35372722E-02  2.45643871E-02  1.21242217E-02  8.96930113E-03 
 1.75986380E-02  2.63277687E-01  4.66676297E-01  5.44665406E-01  6.20077005E-01 
 7.00218083E-01  7.53083801E-01  8.25650329E-01  8.94881036E-01  9.42517681E-01 
 9.64013389E-01  9.73011514E-01  9.78192953E-01  9.84583270E-01  9.87592256E-01 
 9.89189924E-01  9.93547242E-01  9.98121897E-01  9.97422264E-01  9.98959090E-01 
 9.99279094E-01  9.99778077E-01  9.99971893E-01  1.00010971E+00  1.00003454E+00 
 1.00000829E+00  ) >                                                            
CA1            6        91
 2.50966195E+05  2.29510610E+05  2.09891576E+05  1.92426170E+05  1.80369137E+05 
 1.67968461E+05  1.58872196E+05  1.49012549E+05  1.36318593E+05  1.27321596E+05 
 1.17429045E+05  1.09105026E+05  1.02726845E+05  9.67472561E+04  9.08821578E+04 
 8.54419113E+04  8.03166127E+04  7.63317897E+04  7.25948501E+04  6.77604648E+04 
 6.42398182E+04  6.07169782E+04  5.70210772E+04  5.15837548E+04  4.53457374E+04 
 3.88072509E+04  3.51645156E+04  3.10306883E+04  2.59079677E+04  1.12177601E+04 
 5.56266997E+03  4.15631932E+03  2.76072468E+03  2.03265789E+03  1.64324702E+03 
 1.37857081E+03  1.16730174E+03  9.57311789E+02  7.57095166E+02  6.11227799E+02 
 4.13472739E+02  4.13034433E+02  5.14560045E+02  6.21472123E+02  7.18974988E+02 
 6.70689229E+02  4.93589514E+02  3.80608635E+02  3.00082301E+02  2.13371035E+02 
 1.56580325E+02  9.28127658E+01  4.02939922E+01  1.99458782E+01  1.27650320E+01 
 7.76703449E+00  4.16708966E+00  2.22518224E+00  9.82648864E-01  4.13946207E-01 
 2.01879828E-01  7.30981988E-02  2.46257911E-02  1.21201646E-02  8.96841315E-03 
 1.75992052E-02  2.63328598E-01  4.66686073E-01  5.44849607E-01  6.20302078E-01 
 7.00509163E-01  7.53437493E-01  8.25977252E-01  8.95097265E-01  9.42619222E-01 
 9.64048440E-01  9.73029043E-01  9.78214296E-01  9.84610531E-01  9.87627669E-01 
 9.89229425E-01  9.93576364E-01  9.98136056E-01  9.97437755E-01  9.98967593E-01 
 9.99283724E-01  9.99779456E-01  9.99971931E-01  1.00010917E+00  1.00003441E+00 
 1.00000829E+00  ) >                                                            
CA1            7        91
 2.93614508E+05  2.74489370E+05  2.56352563E+05  2.39636323E+05  2.27801031E+05 
 2.15361082E+05  2.06006056E+05  1.95622449E+05  1.81909808E+05  1.71964859E+05 
 1.60813875E+05  1.51252875E+05  1.43816660E+05  1.36704380E+05  1.29636905E+05 
 1.22937489E+05  1.16475753E+05  1.11358816E+05  1.06480131E+05  1.00063942E+05 
 9.53480055E+04  9.06147656E+04  8.56406869E+04  7.82290260E+04  6.94927506E+04 
 5.99668787E+04  5.45600019E+04  4.80226568E+04  3.96612946E+04  1.68301218E+04 
 8.17228617E+03  6.06117373E+03  3.99518307E+03  2.93611218E+03  2.39658318E+03 
 2.03873164E+03  1.75020714E+03  1.44793783E+03  1.14587923E+03  9.17863699E+02 
 4.68627145E+02  3.40096632E+02  2.97734986E+02  2.56559113E+02  1.83097111E+02 
 8.17252324E+01  5.76145427E+01  4.44213418E+01  3.16949514E+01  2.09442587E+00 
 1.28914317E+00  7.42276540E-01  3.57811983E-01  2.04380710E-01  1.51335832E-01 
 1.10627206E-01  7.53051494E-02  5.18994157E-02  3.25552870E-02  2.09182223E-02 
 1.47070705E-02  9.01899120E-03  5.74663432E-03  5.34609169E-03  6.73467318E-03 
 2.05571196E-02  5.17998235E-01  1.36099004E+00  1.72471132E+00  1.60808756E+00 
 1.47607141E+00  1.46486619E+00  1.38629646E+00  1.20892093E+00  1.06247252E+00 
 9.95306432E-01  9.82684328E-01  9.85279320E-01  9.89718920E-01  9.91178503E-01 
 9.91093104E-01  9.94308253E-01  9.98212805E-01  9.97560176E-01  9.98985082E-01 
 9.99294536E-01  9.99773447E-01  9.99964642E-01  1.00010103E+00  1.00003220E+00 
 1.00000812E+00  ) >                                                            
CA1            8        91
 1.78824763E+05  1.67149026E+05  1.56141314E+05  1.46052740E+05  1.38930026E+05 
 1.31454012E+05  1.25849430E+05  1.19648187E+05  1.11468221E+05  1.05528307E+05 
 9.88473417E+04  9.30904309E+04  8.85836163E+04  8.42720936E+04  7.99458327E+04 
 7.58366225E+04  7.18868936E+04  6.87501385E+04  6.57734337E+04  6.18662378E+04 
 5.90359668E+04  5.62318705E+04  5.33303846E+04  4.90253516E+04  4.39262279E+04 
 3.83062807E+04  3.51905513E+04  3.13118984E+04  2.61547394E+04  1.12515902E+04 
 5.53328690E+03  4.12541336E+03  2.73825647E+03  2.02222686E+03  1.65501571E+03 
 1.41031074E+03  1.21244022E+03  1.00511471E+03  7.97746983E+02  6.40940760E+02 
 3.35702819E+02  2.48523119E+02  2.22718496E+02  1.96434660E+02  1.45624762E+02 
 7.15199828E+01  5.15247825E+01  4.02600498E+01  2.97979869E+01  6.94885976E+00 
 4.52523210E+00  2.62412476E+00  1.28857678E+00  7.59992335E-01  5.70081268E-01 
 4.18523479E-01  2.84524360E-01  1.92814002E-01  1.16607634E-01  6.94620671E-02 
 4.51364115E-02  2.45141883E-02  1.26925283E-02  8.48724227E-03  7.57275665E-03 
 1.68032541E-02  2.85903872E-01  6.07604023E-01  8.61170619E-01  1.10516951E+00 
 1.27469681E+00  1.35922561E+00  1.33974902E+00  1.19471895E+00  1.05910942E+00 
 9.94755887E-01  9.82836528E-01  9.85639449E-01  9.90023980E-01  9.91432786E-01 
 9.91277594E-01  9.94415822E-01  9.98231946E-01  9.97598125E-01  9.99000393E-01 
 9.99307307E-01  9.99778527E-01  9.99965813E-01  1.00009807E+00  1.00003109E+00 
 1.00000783E+00  ) >                                                            
CA1            9        91
 2.13180440E+02  2.02934685E+02  1.92590952E+02  1.82437401E+02  1.75053432E+02 
 1.67196601E+02  1.61030823E+02  1.53865424E+02  1.44189708E+02  1.37215645E+02 
 1.29621933E+02  1.23464677E+02  1.19080923E+02  1.14832503E+02  1.11263562E+02 
 1.07974154E+02  1.04488889E+02  1.01846433E+02  9.90043862E+01  9.50135548E+01 
 9.11501838E+01  8.64662957E+01  8.06712768E+01  7.20433801E+01  6.33713327E+01 
 5.69935687E+01  5.72276032E+01  6.15644300E+01  6.85512742E+01  4.49943833E+01 
 3.36605058E+01  2.98666416E+01  2.49415405E+01  2.16380544E+01  1.96129160E+01 
 1.80991984E+01  1.67524160E+01  1.52237948E+01  1.35369208E+01  1.21127402E+01 
 6.31945566E+00  5.13812887E+00  5.01013780E+00  4.83216404E+00  3.99687783E+00 
 2.27256045E+00  1.85357764E+00  1.62295601E+00  1.39861065E+00  2.15706046E-01 
 1.65367699E-01  1.24372035E-01  9.55523353E-02  8.53018631E-02  8.68409849E-02 
 8.85405889E-02  8.90757796E-02  8.78481525E-02  8.59134541E-02  8.52774114E-02 
 8.36494046E-02  8.07511593E-02  7.64799838E-02  8.20348354E-02  1.05635180E-01 
 1.75276550E-01  1.38980603E+00  2.31003509E+00  2.59788770E+00  2.69145473E+00 
 2.53791126E+00  2.33410690E+00  1.97051725E+00  1.56236956E+00  1.26609410E+00 
 1.13199234E+00  1.07805818E+00  1.05040975E+00  1.02877870E+00  1.01539726E+00 
 1.00546172E+00  1.00138064E+00  1.00011731E+00  1.00010220E+00  1.00000160E+00 
 9.99998546E-01  9.99993953E-01  9.99996346E-01  9.99998323E-01  9.99999713E-01 
 1.00000001E+00  ) >                                                            
CA1           10        91
 2.42488737E+05  2.19562614E+05  1.98558687E+05  1.79841707E+05  1.66957752E+05 
 1.53771642E+05  1.44123796E+05  1.33693863E+05  1.20376729E+05  1.11057463E+05 
 1.00962708E+05  9.26179815E+04  8.63354320E+04  8.04908314E+04  7.48628205E+04 
 6.96816281E+04  6.48113144E+04  6.10537796E+04  5.75366851E+04  5.30153756E+04 
 4.97360270E+04  4.64777468E+04  4.30826683E+04  3.81374184E+04  3.25347592E+04 
 2.67472028E+04  2.30300172E+04  1.90542215E+04  1.48374908E+04  5.88085084E+03 
 2.67157733E+03  1.93213234E+03  1.23350054E+03  8.85413327E+02  7.07272097E+02 
 5.88714447E+02  4.94152617E+02  3.99203770E+02  3.08215460E+02  2.41886480E+02 
 1.66523078E+02  1.27392958E+02  1.35407812E+02  3.64178458E+02  2.57815029E+01 
 1.48916830E+00  1.52534766E+00  1.40531686E+00  1.26484280E+00  1.49100244E-01 
 1.28570064E-01  1.06040057E-01  8.75896262E-02  8.09393012E-02  8.38571514E-02 
 8.64993458E-02  8.77304949E-02  8.69226015E-02  8.53124170E-02  8.48887114E-02 
 8.33757774E-02  8.05761302E-02  7.63682847E-02  8.19456309E-02  1.05546386E-01 
 1.75213497E-01  1.38982945E+00  2.31004605E+00  2.59790130E+00  2.69147019E+00 
 2.53792731E+00  2.33412313E+00  1.97053085E+00  1.56237858E+00  1.26609928E+00 
 1.13199550E+00  1.07806061E+00  1.05041190E+00  1.02878043E+00  1.01539860E+00 
 1.00546268E+00  1.00138124E+00  1.00011742E+00  1.00010238E+00  1.00000163E+00 
 9.99998560E-01  9.99993926E-01  9.99996314E-01  9.99998282E-01  9.99999698E-01 
 1.00000000E+00  ) >                                                            
[ KURUCZ - b data end ] > 
[ COOLING RATES data start ] > 
> SUN        MODEL SP     10 L CA-I    ITER 02-06     13-Dec-16                 
N (  91 )  KOOLSUM (   0 ) > 
NE                ( > 
 5.81508940E+08  6.26152347E+08  6.74869624E+08  7.26484670E+08  7.68196667E+08 
 8.17632985E+08  8.58468255E+08  9.07683163E+08  9.80761808E+08  1.04110919E+09 
 1.11832392E+09  1.19506406E+09  1.26400252E+09  1.33658754E+09  1.42125710E+09 
 1.51157244E+09  1.60633567E+09  1.69048619E+09  1.77542181E+09  1.89726072E+09 
 1.98617421E+09  2.07231275E+09  2.15407163E+09  2.27043450E+09  2.40725049E+09 
 2.55421943E+09  2.65981820E+09  2.76977893E+09  2.86517779E+09  2.95933519E+09 
 3.02640764E+09  3.06391986E+09  3.12875884E+09  3.22256361E+09  3.50454810E+09 
 3.96113285E+09  4.62314558E+09  5.48905026E+09  6.64014750E+09  7.90120626E+09 
 2.13426050E+10  3.00058785E+10  2.25889263E+10  1.15532239E+10  3.56306052E+09 
 5.43465355E+08  5.71008230E+08  8.67992243E+08  1.24066542E+09  4.16627690E+09 
 8.56513948E+09  1.43484136E+10  2.05663514E+10  2.44447904E+10  2.78563416E+10 
 3.15933616E+10  3.59041499E+10  4.03261730E+10  4.70031854E+10  5.66027559E+10 
 6.53862155E+10  8.14834092E+10  1.10570324E+11  1.87425907E+11  3.61734257E+11 
 5.32508713E+11  1.37865100E+11  4.73023765E+10  7.18162917E+10  1.05271185E+11 
 1.59362921E+11  2.33375089E+11  3.42603413E+11  4.87586223E+11  7.22314785E+11 
 1.04442514E+12  1.57152302E+12  2.32300567E+12  3.26112919E+12  4.47942845E+12 
 7.51716741E+12  1.41043442E+13  2.18996410E+13  3.15809984E+13  4.29381711E+13 
 6.12666073E+13  8.32344915E+13  1.22081686E+14  2.18204456E+14  3.68620005E+14 
 5.96276623E+14  ) >                                                            
NH                ( > 
 5.67857750E+08  6.12909846E+08  6.62747010E+08  7.15625184E+08  7.57879574E+08 
 8.07399516E+08  8.48059113E+08  8.96918578E+08  9.69386824E+08  1.02925270E+09 
 1.10592141E+09  1.18219009E+09  1.25073698E+09  1.32299768E+09  1.40724248E+09 
 1.49715781E+09  1.59168232E+09  1.67566462E+09  1.76066503E+09  1.88297282E+09 
 1.97326013E+09  2.06238856E+09  2.15020304E+09  2.28140023E+09  2.44139007E+09 
 2.61241235E+09  2.74687738E+09  2.88049108E+09  3.00310818E+09  3.12472041E+09 
 3.21862629E+09  3.26917548E+09  3.35367554E+09  3.46827825E+09  3.79624945E+09 
 4.32642993E+09  5.09594004E+09  6.09686733E+09  7.44729548E+09  8.92593592E+09 
 3.70458875E+10  7.78334213E+10  1.60823995E+11  2.86283799E+11  4.98335344E+11 
 9.21735804E+11  1.47189837E+12  2.27753367E+12  3.29708260E+12  1.33263665E+13 
 2.86418374E+13  5.11456474E+13  7.86127368E+13  9.88897700E+13  1.17935051E+14 
 1.39310769E+14  1.63967301E+14  1.90357622E+14  2.27716100E+14  2.83155623E+14 
 3.41480931E+14  4.49335085E+14  7.14180196E+14  1.52609565E+15  3.52202116E+15 
 8.75619725E+15  1.46642311E+16  2.53805113E+16  3.94852441E+16  5.72623460E+16 
 8.14399451E+16  1.09400729E+17  1.50295643E+17  2.02169388E+17  2.68177012E+17 
 3.41831880E+17  4.24238735E+17  4.88809126E+17  5.24396747E+17  5.45737120E+17 
 5.66595703E+17  5.78650541E+17  5.81163128E+17  5.90002060E+17  5.97478439E+17 
 6.13475475E+17  6.25946010E+17  6.38254024E+17  6.51381471E+17  6.68772287E+17 
 6.88309801E+17  ) >                                                            
TE                ( > 
 8.67408125E+04  7.92527031E+04  7.20320156E+04  6.53461953E+04  6.07998438E+04 
 5.62812109E+04  5.29378945E+04  4.92688633E+04  4.47103711E+04  4.17084336E+04 
 3.87065000E+04  3.64828477E+04  3.50374688E+04  3.36900000E+04  3.27000000E+04 
 3.18400000E+04  3.09083926E+04  3.02461562E+04  2.95000000E+04  2.84500000E+04 
 2.73300000E+04  2.59115137E+04  2.40900000E+04  2.13200000E+04  1.83200000E+04 
 1.54549316E+04  1.34431191E+04  1.16031113E+04  1.00713936E+04  8.65230176E+03 
 7.66119043E+03  7.32222998E+03  6.92198096E+03  6.66793848E+03  6.51654199E+03 
 6.40299414E+03  6.30099609E+03  6.17850293E+03  6.03332617E+03  5.90175928E+03 
 5.77472949E+03  5.64769971E+03  5.54789062E+03  5.44808105E+03  5.35280859E+03 
 5.21216846E+03  5.09874902E+03  4.99893994E+03  4.87191016E+03  4.77210107E+03 
 4.66291455E+03  4.51896094E+03  4.27749072E+03  4.05459546E+03  3.89087305E+03 
 3.72726099E+03  3.54903076E+03  3.39549194E+03  3.21824561E+03  3.04974292E+03 
 2.92700000E+03  2.77362524E+03  2.63779004E+03  2.56617529E+03  2.55000000E+03 
 2.58790112E+03  2.64293042E+03  2.70463037E+03  2.76445361E+03  2.82406885E+03 
 2.88605444E+03  2.93857178E+03  3.00541211E+03  3.07628662E+03  3.16057739E+03 
 3.25367627E+03  3.37900000E+03  3.53000000E+03  3.69000000E+03  3.85000000E+03 
 4.11000000E+03  4.44000000E+03  4.71000000E+03  4.98000000E+03  5.27000000E+03 
 5.65000000E+03  5.93000000E+03  6.21000000E+03  6.58000000E+03  6.90000000E+03 
 7.20000000E+03  ) >                                                            
SUM               ( > 
 7.50465917E-13  1.00252826E-12  1.35078577E-12  1.82613188E-12  2.28326213E-12 
 2.90734605E-12  3.50168065E-12  4.28944231E-12  5.64797538E-12  6.86572300E-12 
 8.53928672E-12  1.01978490E-11  1.12595349E-11  1.21042688E-11  1.26248284E-11 
 1.28073085E-11  1.19479764E-11  1.14874257E-11  1.07272075E-11  1.07719320E-11 
 1.04833807E-11  1.00472195E-11  1.04727205E-11  2.35198568E-11  9.01597930E-11 
 3.04074690E-10  9.99275510E-10  3.11197693E-09  7.00765825E-09  1.14489783E-08 
 1.46338201E-08  1.78238233E-08  2.08225366E-08  2.56955012E-08  3.57360271E-08 
 5.01725916E-08  7.26601821E-08  1.05008160E-07  1.54650931E-07  2.14065148E-07 
 3.68625518E-06  1.13474642E-05  1.52533209E-05  8.91053385E-06  1.88611074E-06 
 8.35997166E-08  1.32335794E-07  4.06540789E-07  9.78801406E-07  2.69523135E-05 
 1.33975449E-04  3.66105538E-04  6.06765763E-04  7.17231218E-04  9.05760567E-04 
 1.13144049E-03  1.32773007E-03  1.50693246E-03  1.61668315E-03  1.70089135E-03 
 1.53854630E-03  1.02802313E-03  3.20294096E-04 -1.01974063E-04 -5.21692404E-04 
-8.16963501E-04  5.70522463E-03  8.47653642E-03  2.25258048E-02  3.21606175E-02 
 4.51078395E-02  7.88311499E-02  1.23568624E-01  1.15966212E-01  7.33632510E-02 
-5.68859724E-03 -1.46292821E-01 -4.19174933E-01 -7.09761142E-01 -1.13919628E+00 
-1.89852764E+00 -2.37597403E+00 -1.63588517E+00 -2.25852871E+00 -1.42234481E+00 
-9.09107148E-01 -3.57181983E-01 -2.72166771E-02  4.62803068E-01  2.65471021E-01 
 6.70748069E-02  ) >                                                            
SUMSM             ( > 
 7.50465917E-13  1.00252826E-12  1.36900163E-12  1.82613188E-12  2.31301146E-12 
 2.90734605E-12  3.50168065E-12  4.43022777E-12  5.64797538E-12  6.88072448E-12 
 8.53928672E-12  1.01978490E-11  1.12595349E-11  1.21042688E-11  1.26248284E-11 
 1.24085272E-11  1.19479764E-11  1.14874257E-11  1.10604834E-11  1.07719320E-11 
 1.04833807E-11  1.01948294E-11  1.04727205E-11  2.35198568E-11  9.01597930E-11 
 3.04074690E-10  9.99275510E-10  3.11197693E-09  7.00765825E-09  1.09033396E-08 
 1.46338201E-08  1.78238233E-08  2.10138265E-08  2.56955012E-08  3.57360271E-08 
 5.01725916E-08  7.26601821E-08  1.05008160E-07  1.54650931E-07  2.14065148E-07 
 5.78076469E-06  1.13474642E-05  1.52533209E-05  8.91053385E-06  2.56774678E-06 
 8.35997166E-08  1.32335794E-07  4.06540789E-07  9.78801406E-07  2.69523135E-05 
 1.90542698E-04  3.66105538E-04  5.41668378E-04  7.17231218E-04  9.24335854E-04 
 1.13144049E-03  1.32773007E-03  1.50693246E-03  1.61668315E-03  1.70089135E-03 
 1.53854630E-03  1.02802313E-03  4.63024531E-04 -1.01974063E-04 -5.21692404E-04 
 2.59176611E-03  5.70522463E-03  1.28909920E-02  2.25258048E-02  3.21606175E-02 
 4.51078395E-02  7.88311499E-02  1.12554460E-01  1.15966212E-01  7.33632510E-02 
-5.68859724E-03 -1.46292821E-01 -4.19174933E-01 -7.09761142E-01 -1.13919628E+00 
-1.56863141E+00 -1.74265534E+00 -1.63588517E+00 -1.52911499E+00 -1.42234481E+00 
-9.09107148E-01 -3.95869481E-01  5.28105425E-02  4.62803068E-01  2.65471021E-01 
 6.70748069E-02  ) >                                                            
[ COOLING RATES data end ] > 
