> from Overall Iteration  5 of  5                                Pandora 78.018
> Run Data:    91    5    5  2  0  CA   2     13-Dec-16 14:01:58    20117.58470
> SUN        MODEL SP     5 L CA-II    ITER 23-27     13-Dec-16                 
> -------.---------.---------.---------.---------.---------.---------.---------.
N (  91 ) > 
Z                 ( > 
-7.16410791E+03 -7.11238379E+03 -7.06804785E+03 -7.03110254E+03 -6.99415625E+03 
-6.93947754E+03 -6.89809668E+03 -6.85376074E+03 -6.77986914E+03 -6.70597656E+03 
-6.59513867E+03 -6.46952246E+03 -6.34390527E+03 -6.21800000E+03 -6.05500000E+03 
-5.88700000E+03 -5.72899707E+03 -5.59167383E+03 -5.46800000E+03 -5.30600000E+03 
-5.21900000E+03 -5.16189111E+03 -5.14100000E+03 -5.13100000E+03 -5.12100000E+03 
-5.11326123E+03 -5.10839258E+03 -5.10406152E+03 -5.09946191E+03 -5.09569824E+03 
-5.09109863E+03 -5.07871777E+03 -5.05000928E+03 -4.99702637E+03 -4.82489160E+03 
-4.57078857E+03 -4.25131543E+03 -3.90287085E+03 -3.51655151E+03 -3.16810669E+03 
-2.82723633E+03 -2.47121680E+03 -2.17579639E+03 -1.94854944E+03 -1.72887769E+03 
-1.48648120E+03 -1.30468408E+03 -1.13803625E+03 -1.00168842E+03 -9.03214783E+02 
-7.96955139E+02 -7.19940430E+02 -6.69180786E+02 -6.46426392E+02 -6.29765198E+02 
-6.15061035E+02 -6.02027588E+02 -5.90554138E+02 -5.77483826E+02 -5.61456116E+02 
-5.48099976E+02 -5.29966980E+02 -5.01076508E+02 -4.56065460E+02 -4.09203278E+02 
-3.57795898E+02 -3.17171265E+02 -2.79622040E+02 -2.48496262E+02 -2.21413147E+02 
-1.95001221E+02 -1.72495697E+02 -1.47289520E+02 -1.22753319E+02 -9.77773209E+01 
-7.43715820E+01 -5.00499992E+01 -2.90000000E+01 -1.30000000E+01  0.00000000E+00 
 1.70000000E+01  3.30000000E+01  4.30000000E+01  5.40000000E+01  6.50000000E+01 
 8.10000000E+01  9.30000000E+01  1.05000000E+02  1.20000000E+02  1.35000000E+02 
 1.50199997E+02  ) >                                                            
TE                ( > 
 8.67408125E+04  7.92527031E+04  7.20320156E+04  6.53461953E+04  6.07998438E+04 
 5.62812109E+04  5.29378945E+04  4.92688633E+04  4.47103711E+04  4.17084336E+04 
 3.87065000E+04  3.64828477E+04  3.50374688E+04  3.36900000E+04  3.27000000E+04 
 3.18400000E+04  3.09083926E+04  3.02461562E+04  2.95000000E+04  2.84500000E+04 
 2.73300000E+04  2.59115137E+04  2.40900000E+04  2.13200000E+04  1.83200000E+04 
 1.54549316E+04  1.34431191E+04  1.16031113E+04  1.00713936E+04  8.65230176E+03 
 7.66119043E+03  7.32222998E+03  6.92198096E+03  6.66793848E+03  6.51654199E+03 
 6.40299414E+03  6.30099609E+03  6.17850293E+03  6.03332617E+03  5.90175928E+03 
 5.77472949E+03  5.64769971E+03  5.54789062E+03  5.44808105E+03  5.35280859E+03 
 5.21216846E+03  5.09874902E+03  4.99893994E+03  4.87191016E+03  4.77210107E+03 
 4.66291455E+03  4.51896094E+03  4.27749072E+03  4.05459546E+03  3.89087305E+03 
 3.72726099E+03  3.54903076E+03  3.39549194E+03  3.21824561E+03  3.04974292E+03 
 2.92700000E+03  2.77362524E+03  2.63779004E+03  2.56617529E+03  2.55000000E+03 
 2.58790112E+03  2.64293042E+03  2.70463037E+03  2.76445361E+03  2.82406885E+03 
 2.88605444E+03  2.93857178E+03  3.00541211E+03  3.07628662E+03  3.16057739E+03 
 3.25367627E+03  3.37900000E+03  3.53000000E+03  3.69000000E+03  3.85000000E+03 
 4.11000000E+03  4.44000000E+03  4.71000000E+03  4.98000000E+03  5.27000000E+03 
 5.65000000E+03  5.93000000E+03  6.21000000E+03  6.58000000E+03  6.90000000E+03 
 7.20000000E+03  ) >                                                            
[ CENSUS data start ] > 
> SUN        MODEL SP     5 L CA-II    ITER 23-27     13-Dec-16                 
CA            2   91
Z                 ( > 
-7.16410791E+03 -7.11238379E+03 -7.06804785E+03 -7.03110254E+03 -6.99415625E+03 
-6.93947754E+03 -6.89809668E+03 -6.85376074E+03 -6.77986914E+03 -6.70597656E+03 
-6.59513867E+03 -6.46952246E+03 -6.34390527E+03 -6.21800000E+03 -6.05500000E+03 
-5.88700000E+03 -5.72899707E+03 -5.59167383E+03 -5.46800000E+03 -5.30600000E+03 
-5.21900000E+03 -5.16189111E+03 -5.14100000E+03 -5.13100000E+03 -5.12100000E+03 
-5.11326123E+03 -5.10839258E+03 -5.10406152E+03 -5.09946191E+03 -5.09569824E+03 
-5.09109863E+03 -5.07871777E+03 -5.05000928E+03 -4.99702637E+03 -4.82489160E+03 
-4.57078857E+03 -4.25131543E+03 -3.90287085E+03 -3.51655151E+03 -3.16810669E+03 
-2.82723633E+03 -2.47121680E+03 -2.17579639E+03 -1.94854944E+03 -1.72887769E+03 
-1.48648120E+03 -1.30468408E+03 -1.13803625E+03 -1.00168842E+03 -9.03214783E+02 
-7.96955139E+02 -7.19940430E+02 -6.69180786E+02 -6.46426392E+02 -6.29765198E+02 
-6.15061035E+02 -6.02027588E+02 -5.90554138E+02 -5.77483826E+02 -5.61456116E+02 
-5.48099976E+02 -5.29966980E+02 -5.01076508E+02 -4.56065460E+02 -4.09203278E+02 
-3.57795898E+02 -3.17171265E+02 -2.79622040E+02 -2.48496262E+02 -2.21413147E+02 
-1.95001221E+02 -1.72495697E+02 -1.47289520E+02 -1.22753319E+02 -9.77773209E+01 
-7.43715820E+01 -5.00499992E+01 -2.90000000E+01 -1.30000000E+01  0.00000000E+00 
 1.70000000E+01  3.30000000E+01  4.30000000E+01  5.40000000E+01  6.50000000E+01 
 8.10000000E+01  9.30000000E+01  1.05000000E+02  1.20000000E+02  1.35000000E+02 
 1.50199997E+02  ) >                                                            
FLVSL             ( > 
-2.45485502E+00 -2.50945330E+00 -2.57716565E+00 -2.65689079E+00 -2.72263330E+00 
-2.79867786E+00 -2.86215891E+00 -2.93827156E+00 -3.03766231E+00 -3.09897195E+00 
-3.14571930E+00 -3.16153863E+00 -3.15910665E+00 -3.11623186E+00 -2.99276930E+00 
-2.88411829E+00 -2.77633326E+00 -2.70894104E+00 -2.64125113E+00 -2.55716445E+00 
-2.47228153E+00 -2.36632454E+00 -2.22365600E+00 -1.99046834E+00 -1.75045674E+00 
-1.57381195E+00 -1.44546938E+00 -1.33943341E+00 -1.25709520E+00 -1.18574629E+00 
-1.13554257E+00 -1.06060445E+00 -9.73288695E-01 -8.75132857E-01 -7.61119896E-01 
-6.49923012E-01 -5.47942311E-01 -4.66195745E-01 -3.36281440E-01 -4.15634898E-01 
-2.63039029E-01 -1.96803635E-01 -1.23195309E-01 -8.48364339E-02 -9.10392076E-02 
-2.71917989E-01 -2.37461331E-01 -1.67213875E-01 -1.29520002E-01 -7.32506517E-02 
-6.72142514E-02 -6.41454812E-02 -5.49846380E-02 -4.92584877E-02 -4.93111318E-02 
-5.19223593E-02 -5.64947535E-02 -6.45563707E-02 -7.69191818E-02 -9.44942235E-02 
-1.15916846E-01 -1.34444194E-01 -1.94374163E-01 -3.09996171E-01 -5.63269405E-01 
-1.07257720E+00 -1.22434079E+00 -8.49670201E-01 -7.98959005E-01 -7.69650612E-01 
-7.34425857E-01 -7.04768807E-01 -6.46635955E-01 -5.80945252E-01 -4.99483291E-01 
-4.20327685E-01 -3.13376136E-01 -2.04206544E-01 -1.24792795E-01 -7.70547204E-02 
-3.85448329E-02 -1.85975411E-02 -1.08782538E-02 -6.52131324E-03 -3.84545164E-03 
-2.20912182E-03 -1.86346117E-03 -2.00845813E-03 -2.74740422E-03 -3.77903589E-03 
-5.07188660E-03  ) >                                                            
FIONL             ( > 
-1.52695203E-03 -1.34642435E-03 -1.15197367E-03 -9.58808362E-04 -8.24219186E-04 
-6.92014691E-04 -5.98116435E-04 -5.02258754E-04 -3.99997099E-04 -3.47717759E-04 
-3.12632353E-04 -3.01692165E-04 -3.03405251E-04 -3.34641195E-04 -4.43880262E-04 
-5.69371419E-04 -7.29068027E-04 -8.51115625E-04 -9.94402124E-04 -1.20675689E-03 
-1.46735783E-03 -1.87332426E-03 -2.60370007E-03 -4.46439860E-03 -7.79342893E-03 
-1.17800651E-02 -1.59970462E-02 -2.08994398E-02 -2.63505087E-02 -3.29742824E-02 
-3.88859243E-02 -4.69682994E-02 -5.81918090E-02 -7.39478998E-02 -9.90453005E-02 
-1.32151166E-01 -1.73564553E-01 -2.17846219E-01 -3.18788229E-01 -2.58139744E-01 
-4.98551166E-01 -7.05143683E-01 -9.50667314E-01 -1.02837894E+00 -8.00178027E-01 
-3.37618849E-01 -3.81631135E-01 -5.06667576E-01 -6.06405545E-01 -8.77539745E-01 
-9.39230721E-01 -9.71223793E-01 -1.05607821E+00 -1.13750163E+00 -1.18879411E+00 
-1.24059552E+00 -1.30609292E+00 -1.36729229E+00 -1.43892709E+00 -1.53167399E+00 
-1.60859956E+00 -1.75864302E+00 -2.01807294E+00 -2.50524592E+00 -2.89533610E+00 
-5.35385745E+00 -7.19539661E+00 -8.55168377E+00 -1.05445785E+01 -1.20429225E+01 
-1.17966090E+01 -1.16175609E+01 -1.13172685E+01 -1.09797770E+01 -1.05710500E+01 
-1.00527933E+01 -9.51572905E+00 -8.80697455E+00 -8.12103870E+00 -7.51579213E+00 
-6.68376990E+00 -5.81318016E+00 -5.19317608E+00 -4.63003401E+00 -4.07247473E+00 
-3.43006737E+00 -3.04189497E+00 -2.73357303E+00 -2.41719059E+00 -2.20644679E+00 
-2.04039853E+00  ) >                                                            
[ CENSUS data end ] > 
[ KURUCZ - b data start ] > 
> SUN        MODEL SP     5 L CA-II    ITER 23-27     13-Dec-16                 
CA2            1        91
 2.21220101E+11  1.35920082E+11  7.83915613E+10  4.29811480E+10  2.67456118E+10 
 1.56374259E+10  1.00464496E+10  5.89160032E+09  2.81524317E+09  1.66038953E+09 
 9.59186843E+08  6.36686922E+08  4.86912727E+08  3.69338713E+08  2.83367893E+08 
 2.34269794E+08  1.98118857E+08  1.75999998E+08  1.56358989E+08  1.33089570E+08 
 1.15623984E+08  9.75845546E+07  7.79592116E+07  5.04144693E+07  2.31288323E+07 
 6.39087764E+06  1.79015925E+06  3.52640603E+05  5.57987608E+04  5.49262391E+03 
 6.51561905E+02  3.17107498E+02  1.20844899E+02  6.76050107E+01  5.11836809E+01 
 4.22281792E+01  3.46370733E+01  2.45046334E+01  1.94111289E+01  6.85946230E+00 
 3.52789784E+00  2.62161551E+00  4.58024453E+00  7.31288027E+00  8.72285648E+00 
 6.26842616E+00  3.85103436E+00  2.25066257E+00  1.01388919E+00  3.30345273E-01 
 9.23071936E-02  2.24273196E-02  3.24370090E-03  5.29684900E-04  1.18540010E-04 
 2.33439023E-05  3.45240543E-06  5.64500335E-07  5.50721427E-08  4.72796321E-09 
 6.59173589E-10  4.90290567E-11  4.11666495E-12  1.27738258E-12  6.39375924E-13 
 8.71460357E-11  5.15526913E-08  2.89543732E-05  6.49157278E-03  4.40493129E-01 
 5.21368393E-01  6.00919491E-01  6.79987207E-01  7.54193791E-01  8.16341778E-01 
 7.46665977E-01  9.36566760E-01  9.68782315E-01  9.86045847E-01  9.94002609E-01 
 9.99280071E-01  1.00084843E+00  1.00148611E+00  9.99438826E-01  9.99647718E-01 
 9.99699558E-01  9.99152930E-01  9.96441337E-01  9.84037649E-01  9.82405453E-01 
 9.81499625E-01  ) >                                                            
CA2            2        91
 1.78553401E+09  1.17032355E+09  7.21199427E+08  4.22409976E+08  2.76408978E+08 
 1.70977039E+08  1.14834672E+08  7.08887514E+07  3.63836424E+07  2.26765022E+07 
 1.39927169E+07  9.87012799E+06  7.94338223E+06  6.34010276E+06  5.14029451E+06 
 4.49099037E+06  4.01289890E+06  3.73275454E+06  3.46753844E+06  3.13560891E+06 
 2.84397357E+06  2.50170569E+06  2.08022637E+06  1.42489664E+06  6.99783026E+05 
 2.08606393E+05  6.21197252E+04  1.31375996E+04  2.24321359E+03  2.47771240E+02 
 3.38225663E+01  1.74502960E+01  7.21515620E+00  4.33419586E+00  3.58001313E+00 
 3.28351816E+00  3.05859264E+00  2.50289125E+00  2.34219765E+00  9.64289086E-01 
 1.29493730E+00  1.24661413E+00  2.12968322E+00  2.86971771E+00  2.55109037E+00 
 1.50969822E+00  9.79612187E-01  6.17292976E-01  3.09572613E-01  3.06259067E-01 
 9.23215881E-02  2.24086158E-02  3.24440870E-03  5.33615191E-04  1.19401682E-04 
 2.35137987E-05  3.48268516E-06  5.69180612E-07  5.54656249E-08  4.75735346E-09 
 6.63228300E-10  4.93721447E-11  4.14670662E-12  1.28617937E-12  6.43434705E-13 
 8.76468803E-11  5.18554824E-08  2.91481633E-05  6.52481474E-03  4.42499948E-01 
 5.23672635E-01  6.03801959E-01  6.83362933E-01  7.57928116E-01  8.20351415E-01 
 7.50292141E-01  9.40983303E-01  9.73094341E-01  9.90240729E-01  9.98055120E-01 
 1.00283701E+00  1.00370978E+00  1.00398963E+00  1.00164034E+00  1.00154490E+00 
 1.00116516E+00  1.00044628E+00  9.97569383E-01  9.84811532E-01  9.82956534E-01 
 9.81847899E-01  ) >                                                            
CA2            3        91
 2.08197488E+09  1.36153360E+09  8.37224875E+08  4.89387453E+08  3.19767599E+08 
 1.97479842E+08  1.32475082E+08  8.16704276E+07  4.18432858E+07  2.60435591E+07 
 1.60432328E+07  1.12977527E+07  9.07854194E+06  7.23524731E+06  5.85538180E+06 
 5.10631103E+06  4.55465833E+06  4.23028884E+06  3.92425371E+06  3.54210698E+06 
 3.20923538E+06  2.82082817E+06  2.34480618E+06  1.60622615E+06  7.89435594E+05 
 2.35782732E+05  7.04138717E+04  1.49586912E+04  2.57069296E+03  2.86382867E+02 
 3.93474911E+01  2.03592186E+01  8.44808111E+00  5.08070722E+00  4.18179160E+00 
 3.81083184E+00  3.52007638E+00  2.85512381E+00  2.64809991E+00  1.08147122E+00 
 1.35573350E+00  1.29603429E+00  2.25235288E+00  3.17741788E+00  3.12078221E+00 
 2.01138171E+00  1.25414136E+00  7.49421615E-01  3.64391140E-01  2.95967180E-01 
 9.16044087E-02  2.23623671E-02  3.24296363E-03  5.33297633E-04  1.19347300E-04 
 2.35012839E-05  3.47936665E-06  5.68555404E-07  5.54095881E-08  4.75248810E-09 
 6.62527233E-10  4.93232642E-11  4.14360455E-12  1.28567047E-12  6.43305317E-13 
 8.76337587E-11  5.18573401E-08  2.91424954E-05  6.52366554E-03  4.42489224E-01 
 5.23698039E-01  6.03832677E-01  6.83386998E-01  7.57946193E-01  8.20366917E-01 
 7.50305783E-01  9.41000277E-01  9.73111379E-01  9.90257703E-01  9.98071659E-01 
 1.00285171E+00  1.00372192E+00  1.00400070E+00  1.00165012E+00  1.00155343E+00 
 1.00117177E+00  1.00045214E+00  9.97574493E-01  9.84815052E-01  9.82959035E-01 
 9.81849476E-01  ) >                                                            
CA2            4        91
 9.79927368E+05  6.35806823E+05  3.89475626E+05  2.27816571E+05  1.49201077E+05 
 9.24900108E+04  6.23687504E+04  3.87977963E+04  2.01895445E+04  1.27237924E+04 
 7.94414145E+03  5.64489178E+03  4.54900653E+03  3.63756269E+03  2.93001715E+03 
 2.53932025E+03  2.25873677E+03  2.08920712E+03  1.93786926E+03  1.75441662E+03 
 1.61483230E+03  1.46323438E+03  1.28343748E+03  9.79322875E+02  5.66498259E+02 
 2.12292558E+02  7.97210989E+01  2.25961818E+01  5.40283660E+00  9.03480260E-01 
 1.77184956E-01  1.05907529E-01  5.29261931E-02  3.59276069E-02  3.11261295E-02 
 2.88795345E-02  2.67207759E-02  2.19570036E-02  2.09916100E-02  8.88596356E-03 
 7.14982306E-03  7.91607090E-03  1.86006807E-02  3.65841740E-02  4.89536045E-02 
 4.01233941E-02  2.86361634E-02  1.96269958E-02  1.09598886E-02  6.57309756E-03 
 3.06911270E-03  1.12441398E-03  2.43496398E-04  5.38344410E-05  1.49736517E-05 
 3.67861931E-06  6.99860452E-07  1.43670273E-07  1.85458348E-08  2.14113724E-09 
 3.77763420E-10  3.89482265E-11  4.52197656E-12  1.70975520E-12  9.08496846E-13 
 1.13142815E-10  5.69099735E-08  2.87867237E-05  6.48583588E-03  4.49429209E-01 
 5.36322126E-01  6.13614101E-01  6.77465183E-01  7.44337771E-01  8.07942570E-01 
 7.45107412E-01  9.41062752E-01  9.76795500E-01  9.94488863E-01  1.00232512E+00 
 1.00667303E+00  1.00657307E+00  1.00602441E+00  1.00352725E+00  1.00310621E+00 
 1.00238845E+00  1.00152488E+00  9.98513141E-01  9.85455053E-01  9.83417966E-01 
 9.82141138E-01  ) >                                                            
CA2            5        91
 1.21010421E+06  7.83875636E+05  4.79473862E+05  2.80111397E+05  1.83290835E+05 
 1.13516735E+05  7.65003750E+04  4.75622085E+04  2.47347283E+04  1.55806077E+04 
 9.72095810E+03  6.90135793E+03  5.55576153E+03  4.43805434E+03  3.56896961E+03 
 3.08765963E+03  2.74220929E+03  2.53275602E+03  2.34654551E+03  2.12139825E+03 
 1.95224853E+03  1.77026697E+03  1.55606622E+03  1.19303584E+03  6.95260096E+02 
 2.63236237E+02  9.98618100E+01  2.86494903E+01  6.93930868E+00  1.17688608E+00 
 2.33272267E-01  1.40020924E-01  7.03523642E-02  4.79373562E-02  4.16805714E-02 
 3.88499142E-02  3.61846119E-02  3.00148651E-02  2.91196915E-02  1.25111652E-02 
 1.01949654E-02  1.22154215E-02  3.00653499E-02  5.91468562E-02  7.76569649E-02 
 6.26670144E-02  4.39556427E-02  2.97268904E-02  1.69278285E-02  1.02863374E-02 
 4.41193427E-03  1.49449509E-03  3.02345098E-04  6.48816563E-05  1.79397715E-05 
 4.41922074E-06  8.44853785E-07  1.74971757E-07  2.29176845E-08  2.68316583E-09 
 4.78838025E-10  4.97127569E-11  5.76663039E-12  2.14327604E-12  1.11000415E-12 
 1.38915180E-10  7.46393914E-08  3.96840227E-05  8.63397941E-03  5.52745580E-01 
 6.03659973E-01  6.51946185E-01  6.96266060E-01  7.54565637E-01  8.13809437E-01 
 7.47529755E-01  9.41861074E-01  9.76585001E-01  9.94142902E-01  1.00193332E+00 
 1.00633659E+00  1.00642283E+00  1.00606306E+00  1.00353868E+00  1.00314042E+00 
 1.00241220E+00  1.00154770E+00  9.98532800E-01  9.85470404E-01  9.83427980E-01 
 9.82146963E-01  ) >                                                            
[ KURUCZ - b data end ] > 
[ COOLING RATES data start ] > 
> SUN        MODEL SP     5 L CA-II    ITER 23-27     13-Dec-16                 
N (  91 )  KOOLSUM (   0 ) > 
NE                ( > 
 5.81191075E+08  6.25847125E+08  6.74595173E+08  7.26244498E+08  7.67971870E+08 
 8.17412024E+08  8.58244017E+08  9.07450918E+08  9.80514517E+08  1.04084890E+09 
 1.11804707E+09  1.19477082E+09  1.26369451E+09  1.33626420E+09  1.42091558E+09 
 1.51121172E+09  1.60595527E+09  1.69008848E+09  1.77500730E+09  1.89682310E+09 
 1.98572223E+09  2.07185110E+09  2.15360619E+09  2.26997287E+09  2.40680641E+09 
 2.55381708E+09  2.65927178E+09  2.76923983E+09  2.86461859E+09  2.95885650E+09 
 3.02596776E+09  3.06350265E+09  3.12835712E+09  3.22216952E+09  3.50414424E+09 
 3.96070841E+09  4.62276408E+09  5.48877881E+09  6.64053368E+09  7.90201297E+09 
 2.12584832E+10  2.99827141E+10  2.25780098E+10  1.15469562E+10  3.55264797E+09 
 5.43827198E+08  5.71005556E+08  8.68016896E+08  1.24068748E+09  4.16643074E+09 
 8.56554549E+09  1.43490014E+10  2.05675720E+10  2.44465752E+10  2.78590484E+10 
 3.15971547E+10  3.59095018E+10  4.03328849E+10  4.70118931E+10  5.66158611E+10 
 6.54026547E+10  8.15138484E+10  1.10613492E+11  1.87493192E+11  3.61763162E+11 
 5.32378288E+11  1.37663704E+11  4.48199331E+10  6.87202379E+10  1.00825601E+11 
 1.54187844E+11  2.28492612E+11  3.38845064E+11  4.85828374E+11  7.25080431E+11 
 1.04638733E+12  1.57189731E+12  2.32350676E+12  3.26152221E+12  4.47972326E+12 
 7.51735684E+12  1.41044227E+13  2.18996675E+13  3.15810041E+13  4.29381697E+13 
 6.12665941E+13  8.32344535E+13  1.22081601E+14  2.18204256E+14  3.68619628E+14 
 5.96275979E+14  ) >                                                            
NH                ( > 
 5.67857750E+08  6.12909846E+08  6.62747010E+08  7.15625184E+08  7.57879574E+08 
 8.07399516E+08  8.48059113E+08  8.96918578E+08  9.69386824E+08  1.02925270E+09 
 1.10592141E+09  1.18219009E+09  1.25073698E+09  1.32299768E+09  1.40724248E+09 
 1.49715781E+09  1.59168232E+09  1.67566462E+09  1.76066503E+09  1.88297282E+09 
 1.97326013E+09  2.06238856E+09  2.15020304E+09  2.28140023E+09  2.44139007E+09 
 2.61241235E+09  2.74687738E+09  2.88049108E+09  3.00310818E+09  3.12472041E+09 
 3.21862629E+09  3.26917548E+09  3.35367554E+09  3.46827825E+09  3.79624945E+09 
 4.32642993E+09  5.09594004E+09  6.09686733E+09  7.44729548E+09  8.92593592E+09 
 3.70458875E+10  7.78334213E+10  1.60823995E+11  2.86283799E+11  4.98335344E+11 
 9.21735804E+11  1.47189837E+12  2.27753367E+12  3.29708260E+12  1.33263665E+13 
 2.86418374E+13  5.11456474E+13  7.86127368E+13  9.88897700E+13  1.17935051E+14 
 1.39310769E+14  1.63967301E+14  1.90357622E+14  2.27716100E+14  2.83155623E+14 
 3.41480931E+14  4.49335085E+14  7.14180196E+14  1.52609565E+15  3.52202116E+15 
 8.75619725E+15  1.46642311E+16  2.53805113E+16  3.94852441E+16  5.72623460E+16 
 8.14399451E+16  1.09400729E+17  1.50295643E+17  2.02169388E+17  2.68177012E+17 
 3.41831880E+17  4.24238735E+17  4.88809126E+17  5.24396747E+17  5.45737120E+17 
 5.66595703E+17  5.78650541E+17  5.81163128E+17  5.90002060E+17  5.97478439E+17 
 6.13475475E+17  6.25946010E+17  6.38254024E+17  6.51381471E+17  6.68772287E+17 
 6.88309801E+17  ) >                                                            
TE                ( > 
 8.67408125E+04  7.92527031E+04  7.20320156E+04  6.53461953E+04  6.07998438E+04 
 5.62812109E+04  5.29378945E+04  4.92688633E+04  4.47103711E+04  4.17084336E+04 
 3.87065000E+04  3.64828477E+04  3.50374688E+04  3.36900000E+04  3.27000000E+04 
 3.18400000E+04  3.09083926E+04  3.02461562E+04  2.95000000E+04  2.84500000E+04 
 2.73300000E+04  2.59115137E+04  2.40900000E+04  2.13200000E+04  1.83200000E+04 
 1.54549316E+04  1.34431191E+04  1.16031113E+04  1.00713936E+04  8.65230176E+03 
 7.66119043E+03  7.32222998E+03  6.92198096E+03  6.66793848E+03  6.51654199E+03 
 6.40299414E+03  6.30099609E+03  6.17850293E+03  6.03332617E+03  5.90175928E+03 
 5.77472949E+03  5.64769971E+03  5.54789062E+03  5.44808105E+03  5.35280859E+03 
 5.21216846E+03  5.09874902E+03  4.99893994E+03  4.87191016E+03  4.77210107E+03 
 4.66291455E+03  4.51896094E+03  4.27749072E+03  4.05459546E+03  3.89087305E+03 
 3.72726099E+03  3.54903076E+03  3.39549194E+03  3.21824561E+03  3.04974292E+03 
 2.92700000E+03  2.77362524E+03  2.63779004E+03  2.56617529E+03  2.55000000E+03 
 2.58790112E+03  2.64293042E+03  2.70463037E+03  2.76445361E+03  2.82406885E+03 
 2.88605444E+03  2.93857178E+03  3.00541211E+03  3.07628662E+03  3.16057739E+03 
 3.25367627E+03  3.37900000E+03  3.53000000E+03  3.69000000E+03  3.85000000E+03 
 4.11000000E+03  4.44000000E+03  4.71000000E+03  4.98000000E+03  5.27000000E+03 
 5.65000000E+03  5.93000000E+03  6.21000000E+03  6.58000000E+03  6.90000000E+03 
 7.20000000E+03  ) >                                                            
SUM               ( > 
 5.60373676E-09  5.57538258E-09  5.37303866E-09  5.00482202E-09  4.67342454E-09 
 4.29574229E-09  3.97501554E-09  3.59632963E-09  3.16670748E-09  2.97327623E-09 
 2.93708350E-09  3.10521953E-09  3.39130253E-09  4.06241799E-09  5.95753557E-09 
 8.45917253E-09  1.19312050E-08  1.51317040E-08  1.90692997E-08  2.55655770E-08 
 3.28524607E-08  4.34586021E-08  6.07535353E-08  1.02237858E-07  1.68492845E-07 
 2.27197571E-07  2.68514833E-07  2.88198147E-07  2.81877285E-07  2.56335388E-07 
 2.33332787E-07  2.56066853E-07  2.84331492E-07  3.45439802E-07  5.01372216E-07 
 7.88779057E-07  1.29771650E-06  2.06952488E-06  3.76789514E-06  4.11667971E-06 
 4.58215027E-05  1.22023249E-04  2.13275476E-04  2.28221742E-04  1.35136319E-04 
 2.78871899E-05  4.82578332E-05  1.35284425E-04  2.65043598E-04  8.88089602E-04 
 1.05764142E-03  1.50860660E-03  1.35567405E-03  4.63423552E-04  4.60672356E-04 
 5.79173855E-04  4.00853394E-04  3.32787924E-04  2.07848755E-04  2.49317744E-04 
 3.27751352E-04  3.27485614E-04  3.08829629E-04  1.69159307E-04 -4.21083175E-04 
-3.42281892E-04  1.32394072E-03  5.97474237E-03  1.06773557E-02  1.55174551E-02 
 2.33398143E-02  3.07157420E-02  5.04127816E-02  9.12055256E-02  1.75092566E-01 
 2.71354872E-01  3.50032815E-01  1.66798485E-01 -1.03470869E-01 -1.21406747E+00 
-5.52548853E+00 -1.13099004E+01  6.40464628E-01 -8.06473972E+00  1.09165802E+00 
-2.80256516E+00  1.28986801E+00  1.09750174E+00  3.20502774E+01  2.71117782E+01 
 8.48687249E+00  ) >                                                            
SUMSM             ( > 
 5.60373676E-09  5.57538258E-09  5.33621950E-09  5.00482202E-09  4.65028215E-09 
 4.29574229E-09  3.94603596E-09  3.59632963E-09  3.24662330E-09  2.97327623E-09 
 2.93708350E-09  3.10521953E-09  3.39130253E-09  4.06241799E-09  5.95753557E-09 
 8.73070599E-09  1.19312050E-08  1.51317040E-08  1.90692997E-08  2.55655770E-08 
 3.28524607E-08  4.34586021E-08  6.07535353E-08  1.09788119E-07  1.68492845E-07 
 2.27197571E-07  2.68514833E-07  2.88198147E-07  2.79337988E-07  2.56335388E-07 
 2.33332787E-07  2.56066853E-07  2.84331492E-07  3.45439802E-07  5.01372216E-07 
 7.88779057E-07  1.29771650E-06  2.06952488E-06  3.76789514E-06  5.46626540E-06 
 4.58215027E-05  1.22023249E-04  1.98224994E-04  2.28221742E-04  1.35136319E-04 
 4.20508966E-05  4.82578332E-05  1.35284425E-04  5.11687013E-04  8.88089602E-04 
 1.05764142E-03  1.22719323E-03  1.07267288E-03  9.08173203E-04  7.43673529E-04 
 5.79173855E-04  4.14674181E-04  3.32787924E-04  2.64722455E-04  2.96236903E-04 
 3.27751352E-04  3.27485614E-04  3.08829629E-04 -5.61267733E-05 -4.21083175E-04 
-3.42281892E-04  1.32394072E-03  5.97474237E-03  1.06773557E-02  1.59638865E-02 
 2.33398143E-02  3.07157420E-02  5.04127816E-02  9.12055256E-02  1.81280199E-01 
 2.71354872E-01  3.50032815E-01  1.66798485E-01 -1.03470869E-01 -1.21406747E+00 
-5.52548853E+00 -9.83690959E+00 -9.68732005E+00 -8.06473972E+00 -5.43365244E+00 
-2.80256516E+00 -1.71477889E-01  1.59393998E+01  3.20502774E+01  2.71117782E+01 
 8.48687249E+00  ) >                                                            
[ COOLING RATES data end ] > 
